                                                                                
                                                                                
                                                                                
                                                                                
                                                                                
                                                                                
                                                                                
                                                                                
                                                                                
                                                                                
                                                                                
                                                                                
                                                                                
                                                                                
                                                                                
                                                                                
                                                                                
                                                                                
                                                                                
                                                                                
      1 1 2019 107  0.000 9999.99    0.00    0.00    0.00    0.00
      2 0 2019 107  1.000  171.22   -6.86    0.00    0.00    0.00
      3 0 2019 107  2.000  172.84   -5.84    0.00    0.00    0.00
      4 0 2019 107  3.000  159.15   -4.26    0.00    0.00    0.00
      5 0 2019 107  4.000  130.02   -8.34    0.00    0.00    0.00
      6 0 2019 107  5.000   99.64   -8.64    0.00    0.00    0.00
      7 0 2019 107  6.000   69.51   -9.64    0.00    0.00    0.00
      8 0 2019 107  7.000   54.10   -6.08    0.00    0.00    0.00
      9 0 2019 107  8.000   53.49   -4.49    0.00    0.00    0.00
     10 0 2019 107  9.000   67.17   -4.29    0.00    0.00    0.00
     11 0 2019 107 10.000   91.58   -4.26    0.00    0.00    0.00
     12 0 2019 107 11.000  123.92   -3.59    0.00    0.00    0.00
     13 0 2019 107 12.000  157.23   -3.73    0.00    0.00    0.00
     14 0 2019 107 13.000  179.28   -6.10    0.00    0.00    0.00
     15 0 2019 107 14.000  184.92   -6.15    0.00    0.00    0.00
     16 0 2019 107 15.000  173.06   -4.49    0.00    0.00    0.00
     17 0 2019 107 16.000  145.50   -5.61    0.00    0.00    0.00
     18 0 2019 107 17.000  106.96  -10.44    0.00    0.00    0.00
     19 0 2019 107 18.000   74.11   -7.60    0.00    0.00    0.00
     20 0 2019 107 19.000   45.90   -7.38    0.00    0.00    0.00
     21 0 2019 107 20.000   31.47  -10.12    0.00    0.00    0.00
     22 0 2019 107 21.000   38.04  -10.73    0.00    0.00    0.00
     23 0 2019 107 22.000   62.22   -8.26    0.00    0.00    0.00
     24 0 2019 107 23.000   97.56   -5.02    0.00    0.00    0.00
     25 0 2019 108  0.000  131.20   -9.42    0.00    0.00    0.00
     26 0 2019 108  1.000  166.88   -7.51    0.00    0.00    0.00
     27 0 2019 108  2.000  187.96   -3.38    0.00    0.00    0.00
     28 0 2019 108  3.000  181.53   -5.26    0.00    0.00    0.00
     29 0 2019 108  4.000  159.64   -6.14    0.00    0.00    0.00
     30 0 2019 108  5.000  130.87   -4.09    0.00    0.00    0.00
     31 0 2019 108  6.000   95.37   -4.04    0.00    0.00    0.00
     32 0 2019 108  7.000   60.67   -6.77    0.00    0.00    0.00
     33 0 2019 108  8.000   44.56   -5.44    0.00    0.00    0.00
     34 0 2019 108  9.000   50.60   -1.66    0.00    0.00    0.00
     35 0 2019 108 10.000   65.46   -5.29    0.00    0.00    0.00
     36 0 2019 108 11.000   93.76   -6.48    0.00    0.00    0.00
     37 0 2019 108 12.000  130.82   -6.00    0.00    0.00    0.00
     38 0 2019 108 13.000  166.14   -6.14    0.00    0.00    0.00
     39 0 2019 108 14.000  188.07   -5.42    0.00    0.00    0.00
     40 0 2019 108 15.000  187.53   -4.84    0.00    0.00    0.00
     41 0 2019 108 16.000  166.56   -5.41    0.00    0.00    0.00
     42 0 2019 108 17.000  133.58   -6.22    0.00    0.00    0.00
     43 0 2019 108 18.000   97.66   -3.68    0.00    0.00    0.00
     44 0 2019 108 19.000   57.98   -5.60    0.00    0.00    0.00
     45 0 2019 108 20.000   35.88   -1.95    0.00    0.00    0.00
     46 0 2019 108 21.000   31.23   -1.33    0.00    0.00    0.00
     47 0 2019 108 22.000   45.28   -1.59    0.00    0.00    0.00
     48 0 2019 108 23.000   73.37   -1.95    0.00    0.00    0.00
     49 0 2019 109  0.000  112.13   -1.74    0.00    0.00    0.00
     50 0 2019 109  1.000  152.39   -3.55    0.00    0.00    0.00
     51 0 2019 109  2.000  189.19    0.75    0.00    0.00    0.00
     52 0 2019 109  3.000  200.63    1.13    0.00    0.00    0.00
     53 0 2019 109  4.000  186.20   -2.05    0.00    0.00    0.00
     54 0 2019 109  5.000  162.80    1.07    0.00    0.00    0.00
     55 0 2019 109  6.000  127.06    0.81    0.00    0.00    0.00
     56 0 2019 109  7.000   88.49    0.61    0.00    0.00    0.00
     57 0 2019 109  8.000   57.67    0.43    0.00    0.00    0.00
     58 0 2019 109  9.000   45.62    0.62    0.00    0.00    0.00
     59 0 2019 109 10.000   53.97    0.85    0.00    0.00    0.00
     60 0 2019 109 11.000   77.73    1.41    0.00    0.00    0.00
     61 0 2019 109 12.000  110.68    0.90    0.00    0.00    0.00
     62 0 2019 109 13.000  147.50   -1.01    0.00    0.00    0.00
     63 0 2019 109 14.000  182.99    1.56    0.00    0.00    0.00
     64 0 2019 109 15.000  200.04    4.64    0.00    0.00    0.00
     65 0 2019 109 16.000  187.11    0.92    0.00    0.00    0.00
     66 0 2019 109 17.000  162.42    2.58    0.00    0.00    0.00
     67 0 2019 109 18.000  127.72    4.02    0.00    0.00    0.00
     68 0 2019 109 19.000   87.74    4.36    0.00    0.00    0.00
     69 0 2019 109 20.000   49.81    1.86    0.00    0.00    0.00
     70 0 2019 109 21.000   31.69    2.62    0.00    0.00    0.00
     71 0 2019 109 22.000   37.50    5.48    0.00    0.00    0.00
     72 0 2019 109 23.000   58.82    5.70    0.00    0.00    0.00
     73 0 2019 110  0.000   92.58    5.53    0.00    0.00    0.00
     74 0 2019 110  1.000  132.82    3.42    0.00    0.00    0.00
     75 0 2019 110  2.000  174.29    3.40    0.00    0.00    0.00
     76 0 2019 110  3.000  203.99    6.60    0.00    0.00    0.00
     77 0 2019 110  4.000  204.97    4.56    0.00    0.00    0.00
     78 0 2019 110  5.000  185.15    2.30    0.00    0.00    0.00
     79 0 2019 110  6.000  156.15    3.97    0.00    0.00    0.00
     80 0 2019 110  7.000  118.69    4.44    0.00    0.00    0.00
     81 0 2019 110  8.000   84.63    7.82    0.00    0.00    0.00
     82 0 2019 110  9.000   55.43    3.93    0.00    0.00    0.00
     83 0 2019 110 10.000   52.01    5.71    0.00    0.00    0.00
     84 0 2019 110 11.000   63.19    3.40    0.00    0.00    0.00
     85 0 2019 110 12.000   92.46    6.12    0.00    0.00    0.00
     86 0 2019 110 13.000  126.56    4.95    0.00    0.00    0.00
     87 0 2019 110 14.000  161.94    3.29    0.00    0.00    0.00
     88 0 2019 110 15.000  187.94    3.11    0.00    0.00    0.00
     89 0 2019 110 16.000  188.65   -1.06    0.00    0.00    0.00
     90 0 2019 110 17.000  184.26   10.78    0.00    0.00    0.00
     91 0 2019 110 18.000  149.83    6.45    0.00    0.00    0.00
     92 0 2019 110 19.000  113.31    7.42    0.00    0.00    0.00
     93 0 2019 110 20.000   70.51    2.97    0.00    0.00    0.00
     94 0 2019 110 21.000   47.49    8.79    0.00    0.00    0.00
     95 0 2019 110 22.000   31.76    2.82    0.00    0.00    0.00
     96 0 2019 110 23.000   47.10    7.48    0.00    0.00    0.00
     97 0 2019 111  0.000   70.68    4.83    0.00    0.00    0.00
     98 0 2019 111  1.000  109.83    6.88    0.00    0.00    0.00
     99 0 2019 111  2.000  149.04    3.80    0.00    0.00    0.00
    100 0 2019 111  3.000  184.31    2.90    0.00    0.00    0.00
    101 0 2019 111  4.000  203.35    4.33    0.00    0.00    0.00
    102 0 2019 111  5.000  195.59    1.43    0.00    0.00    0.00
    103 0 2019 111  6.000  173.91    1.94    0.00    0.00    0.00
    104 0 2019 111  7.000  142.82    3.66    0.00    0.00    0.00
    105 0 2019 111  8.000  106.14    4.32    0.00    0.00    0.00
    106 0 2019 111  9.000   74.25    5.10    0.00    0.00    0.00
    107 0 2019 111 10.000   55.54    4.01    0.00    0.00    0.00
    108 0 2019 111 11.000   55.68    2.64    0.00    0.00    0.00
    109 0 2019 111 12.000   74.04    3.79    0.00    0.00    0.00
    110 0 2019 111 13.000   99.12    0.84    0.00    0.00    0.00
    111 0 2019 111 14.000  141.22    8.75    0.00    0.00    0.00
    112 0 2019 111 15.000  161.94   -2.04    0.00    0.00    0.00
    113 0 2019 111 16.000  180.22   -0.83    0.00    0.00    0.00
    114 0 2019 111 17.000  184.53    6.94    0.00    0.00    0.00
    115 0 2019 111 18.000  161.23    4.37    0.00    0.00    0.00
    116 1 2019 111 19.000 9999.99    0.00    0.00    0.00    0.00
    117 1 2019 111 20.000 9999.99    0.00    0.00    0.00    0.00
    118 1 2019 111 21.000 9999.99    0.00    0.00    0.00    0.00
    119 1 2019 111 22.000 9999.99    0.00    0.00    0.00    0.00
    120 1 2019 111 23.000 9999.99    0.00    0.00    0.00    0.00
    121 1 2019 112  0.000 9999.99    0.00    0.00    0.00    0.00
    122 1 2019 112  1.000 9999.99    0.00    0.00    0.00    0.00
    123 0 2019 112  2.000  119.45   -0.02    0.00    0.00    0.00
    124 0 2019 112  3.000  156.43   -1.11    0.00    0.00    0.00
    125 0 2019 112  4.000  185.98    0.90    0.00    0.00    0.00
    126 0 2019 112  5.000  194.65    1.19    0.00    0.00    0.00
    127 0 2019 112  6.000  181.88   -0.69    0.00    0.00    0.00
    128 0 2019 112  7.000  161.67    3.77    0.00    0.00    0.00
    129 0 2019 112  8.000  126.72    1.33    0.00    0.00    0.00
    130 0 2019 112  9.000   97.08    5.18    0.00    0.00    0.00
    131 0 2019 112 10.000   69.26    2.66    0.00    0.00    0.00
    132 0 2019 112 11.000   59.37    2.57    0.00    0.00    0.00
    133 0 2019 112 12.000   61.36   -1.87    0.00    0.00    0.00
    134 0 2019 112 13.000   79.04   -3.14    0.00    0.00    0.00
    135 0 2019 112 14.000  111.06    1.54    0.00    0.00    0.00
    136 0 2019 112 15.000  139.54   -0.03    0.00    0.00    0.00
    137 0 2019 112 16.000  168.47    5.44    0.00    0.00    0.00
    138 0 2019 112 17.000  178.98    7.85    0.00    0.00    0.00
    139 0 2019 112 18.000  154.99   -6.86    0.00    0.00    0.00
    140 0 2019 112 19.000  137.17   -2.31    0.00    0.00    0.00
    141 0 2019 112 20.000  112.62    2.79    0.00    0.00    0.00
    142 0 2019 112 21.000   81.45    2.49    0.00    0.00    0.00
    143 0 2019 112 22.000   53.35   -1.33    0.00    0.00    0.00
    144 0 2019 112 23.000   46.31    2.01    0.00    0.00    0.00
    145 0 2019 113  0.000   52.69    2.52    0.00    0.00    0.00
    146 0 2019 113  1.000   70.39    0.67    0.00    0.00    0.00
    147 0 2019 113  2.000  100.37    1.34    0.00    0.00    0.00
    148 0 2019 113  3.000  133.08   -0.03    0.00    0.00    0.00
    149 0 2019 113  4.000  164.15    0.36    0.00    0.00    0.00
    150 0 2019 113  5.000  185.28    3.42    0.00    0.00    0.00
    151 0 2019 113  6.000  182.37   -0.36    0.00    0.00    0.00
    152 0 2019 113  7.000  168.68    0.42    0.00    0.00    0.00
    153 0 2019 113  8.000  142.69   -0.69    0.00    0.00    0.00
    154 0 2019 113  9.000  111.11   -2.67    0.00    0.00    0.00
    155 0 2019 113 10.000   85.33   -1.26    0.00    0.00    0.00
    156 0 2019 113 11.000   68.15   -1.08    0.00    0.00    0.00
    157 0 2019 113 12.000   66.29    0.72    0.00    0.00    0.00
    158 0 2019 113 13.000   74.08   -0.61    0.00    0.00    0.00
    159 0 2019 113 14.000   89.15   -4.28    0.00    0.00    0.00
    160 0 2019 113 15.000  118.41    0.64    0.00    0.00    0.00
    161 0 2019 113 16.000  137.37   -4.02    0.00    0.00    0.00
    162 0 2019 113 17.000  156.13   -0.28    0.00    0.00    0.00
    163 0 2019 113 18.000  160.90    3.21    0.00    0.00    0.00
    164 0 2019 113 19.000  149.05    3.43    0.00    0.00    0.00
    165 0 2019 113 20.000  127.52    3.30    0.00    0.00    0.00
    166 0 2019 113 21.000  100.29    1.73    0.00    0.00    0.00
    167 0 2019 113 22.000   74.76    0.07    0.00    0.00    0.00
    168 0 2019 113 23.000   62.27    3.14    0.00    0.00    0.00
    169 0 2019 114  0.000   56.77    0.61    0.00    0.00    0.00
    170 0 2019 114  1.000   66.53    0.53    0.00    0.00    0.00
    171 0 2019 114  2.000   87.65    1.45    0.00    0.00    0.00
    172 0 2019 114  3.000  113.76    0.60    0.00    0.00    0.00
    173 0 2019 114  4.000  140.99   -0.44    0.00    0.00    0.00
    174 0 2019 114  5.000  164.13    0.51    0.00    0.00    0.00
    175 0 2019 114  6.000  171.66   -1.95    0.00    0.00    0.00
    176 0 2019 114  7.000  167.14   -2.52    0.00    0.00    0.00
    177 0 2019 114  8.000  153.74   -0.35    0.00    0.00    0.00
    178 0 2019 114  9.000  133.36    2.11    0.00    0.00    0.00
    179 0 2019 114 10.000  107.88    1.22    0.00    0.00    0.00
    180 0 2019 114 11.000   85.62   -0.93    0.00    0.00    0.00
    181 0 2019 114 12.000   76.44    0.68    0.00    0.00    0.00
    182 0 2019 114 13.000   77.32    1.50    0.00    0.00    0.00
    183 0 2019 114 14.000   86.86    1.38    0.00    0.00    0.00
    184 0 2019 114 15.000  104.72    2.65    0.00    0.00    0.00
    185 0 2019 114 16.000  123.32    1.82    0.00    0.00    0.00
    186 0 2019 114 17.000  141.13    3.08    0.00    0.00    0.00
    187 0 2019 114 18.000  149.10    2.83    0.00    0.00    0.00
    188 0 2019 114 19.000  145.09    1.32    0.00    0.00    0.00
    189 0 2019 114 20.000  130.12   -1.60    0.00    0.00    0.00
    190 0 2019 114 21.000  111.52   -1.97    0.00    0.00    0.00
    191 0 2019 114 22.000   96.11    2.52    0.00    0.00    0.00
    192 0 2019 114 23.000   75.05   -2.14    0.00    0.00    0.00
    193 0 2019 115  0.000   69.38    0.63    0.00    0.00    0.00
    194 0 2019 115  1.000   69.03   -1.27    0.00    0.00    0.00
    195 0 2019 115  2.000   83.55    2.17    0.00    0.00    0.00
    196 0 2019 115  3.000   98.05   -1.85    0.00    0.00    0.00
    197 0 2019 115  4.000  119.66   -2.73    0.00    0.00    0.00
    198 0 2019 115  5.000  145.32    1.54    0.00    0.00    0.00
    199 0 2019 115  6.000  158.81    0.23    0.00    0.00    0.00
    200 0 2019 115  7.000  161.45   -1.76    0.00    0.00    0.00
    201 0 2019 115  8.000  158.86    1.62    0.00    0.00    0.00
    202 0 2019 115  9.000  150.19    7.33    0.00    0.00    0.00
    203 0 2019 115 10.000  124.43    0.53    0.00    0.00    0.00
    204 0 2019 115 11.000  104.64   -0.46    0.00    0.00    0.00
    205 0 2019 115 12.000   91.60    0.65    0.00    0.00    0.00
    206 0 2019 115 13.000   83.21   -1.06    0.00    0.00    0.00
    207 0 2019 115 14.000   84.09   -1.50    0.00    0.00    0.00
    208 0 2019 115 15.000   90.97   -2.82    0.00    0.00    0.00
    209 0 2019 115 16.000  106.90    0.32    0.00    0.00    0.00
    210 0 2019 115 17.000  119.21   -1.24    0.00    0.00    0.00
    211 0 2019 115 18.000  130.97   -0.21    0.00    0.00    0.00
    212 0 2019 115 19.000  135.38   -0.09    0.00    0.00    0.00
    213 0 2019 115 20.000  128.87   -3.31    0.00    0.00    0.00
    214 0 2019 115 21.000  118.79   -3.69    0.00    0.00    0.00
    215 0 2019 115 22.000  106.27   -2.74    0.00    0.00    0.00
    216 0 2019 115 23.000   95.63    0.35    0.00    0.00    0.00
    217 0 2019 116  0.000   86.11    1.17    0.00    0.00    0.00
    218 0 2019 116  1.000   81.79    1.00    0.00    0.00    0.00
    219 0 2019 116  2.000   84.14    0.20    0.00    0.00    0.00
    220 0 2019 116  3.000   91.74   -2.12    0.00    0.00    0.00
    221 0 2019 116  4.000  106.94   -1.87    0.00    0.00    0.00
    222 0 2019 116  5.000  126.00    0.06    0.00    0.00    0.00
    223 0 2019 116  6.000  141.83    0.41    0.00    0.00    0.00
    224 0 2019 116  7.000  151.19   -0.26    0.00    0.00    0.00
    225 0 2019 116  8.000  151.08   -2.65    0.00    0.00    0.00
    226 0 2019 116  9.000  150.18    1.92    0.00    0.00    0.00
    227 0 2019 116 10.000  136.53   -0.35    0.00    0.00    0.00
    228 0 2019 116 11.000  118.62   -3.88    0.00    0.00    0.00
    229 0 2019 116 12.000  106.76   -1.71    0.00    0.00    0.00
    230 0 2019 116 13.000   95.68   -2.18    0.00    0.00    0.00
    231 0 2019 116 14.000   89.37   -3.22    0.00    0.00    0.00
    232 0 2019 116 15.000   89.48   -3.47    0.00    0.00    0.00
    233 0 2019 116 16.000   99.00    0.94    0.00    0.00    0.00
    234 0 2019 116 17.000  108.96    2.54    0.00    0.00    0.00
    235 0 2019 116 18.000  115.23   -0.58    0.00    0.00    0.00
    236 0 2019 116 19.000  123.48    0.06    0.00    0.00    0.00
    237 0 2019 116 20.000  127.73    0.87    0.00    0.00    0.00
    238 0 2019 116 21.000  118.76   -6.59    0.00    0.00    0.00
    239 0 2019 116 22.000  116.87   -2.81    0.00    0.00    0.00
    240 0 2019 116 23.000  111.10   -0.29    0.00    0.00    0.00
    241 0 2019 117  0.000   98.44   -4.05    0.00    0.00    0.00
    242 0 2019 117  1.000   91.14   -4.32    0.00    0.00    0.00
    243 0 2019 117  2.000   90.63   -1.92    0.00    0.00    0.00
    244 0 2019 117  3.000   93.11   -1.61    0.00    0.00    0.00
    245 0 2019 117  4.000   99.46   -2.13    0.00    0.00    0.00
    246 0 2019 117  5.000  109.00   -3.18    0.00    0.00    0.00
    247 0 2019 117  6.000  125.30    0.43    0.00    0.00    0.00
    248 0 2019 117  7.000  137.02    0.06    0.00    0.00    0.00
    249 0 2019 117  8.000  146.17    0.89    0.00    0.00    0.00
    250 0 2019 117  9.000  148.22    0.30    0.00    0.00    0.00
    251 0 2019 117 10.000  143.99   -0.88    0.00    0.00    0.00
    252 0 2019 117 11.000  135.23   -1.97    0.00    0.00    0.00
    253 0 2019 117 12.000  125.66   -0.72    0.00    0.00    0.00
    254 0 2019 117 13.000  106.93   -7.72    0.00    0.00    0.00
    255 0 2019 117 14.000  106.77    2.00    0.00    0.00    0.00
    256 0 2019 117 15.000   94.10   -4.42    0.00    0.00    0.00
    257 0 2019 117 16.000   94.79   -1.38    0.00    0.00    0.00
    258 0 2019 117 17.000   98.03    0.49    0.00    0.00    0.00
    259 0 2019 117 18.000   98.85   -3.69    0.00    0.00    0.00
    260 0 2019 117 19.000  100.24   -9.86    0.00    0.00    0.00
    261 0 2019 117 20.000  114.86   -2.87    0.00    0.00    0.00
    262 0 2019 117 21.000  115.88   -7.18    0.00    0.00    0.00
    263 0 2019 117 22.000  121.01   -4.20    0.00    0.00    0.00
    264 0 2019 117 23.000  118.80   -5.31    0.00    0.00    0.00
    265 0 2019 118  0.000  112.26   -7.43    0.00    0.00    0.00
    266 0 2019 118  1.000  109.21   -3.62    0.00    0.00    0.00
    267 0 2019 118  2.000  101.16   -4.80    0.00    0.00    0.00
    268 0 2019 118  3.000   95.42   -6.20    0.00    0.00    0.00
    269 0 2019 118  4.000   96.17   -4.68    0.00    0.00    0.00
    270 0 2019 118  5.000   99.21   -4.62    0.00    0.00    0.00
    271 0 2019 118  6.000  105.92   -5.03    0.00    0.00    0.00
    272 0 2019 118  7.000  117.57   -4.16    0.00    0.00    0.00
    273 0 2019 118  8.000  127.98   -5.53    0.00    0.00    0.00
    274 0 2019 118  9.000  140.85   -1.98    0.00    0.00    0.00
    275 0 2019 118 10.000  141.89   -5.89    0.00    0.00    0.00
    276 0 2019 118 11.000  140.71   -7.20    0.00    0.00    0.00
    277 0 2019 118 12.000  135.72   -7.16    0.00    0.00    0.00
    278 0 2019 118 13.000  127.37   -5.66    0.00    0.00    0.00
    279 0 2019 118 14.000  115.84   -4.85    0.00    0.00    0.00
    280 0 2019 118 15.000  102.61   -6.49    0.00    0.00    0.00
    281 0 2019 118 16.000   92.34   -7.77    0.00    0.00    0.00
    282 0 2019 118 17.000   90.05   -4.32    0.00    0.00    0.00
    283 0 2019 118 18.000   89.28   -3.80    0.00    0.00    0.00
    284 0 2019 118 19.000   93.89   -3.58    0.00    0.00    0.00
    285 0 2019 118 20.000  101.30   -5.19    0.00    0.00    0.00
    286 0 2019 118 21.000  111.02   -5.93    0.00    0.00    0.00
    287 0 2019 118 22.000  122.34   -3.80    0.00    0.00    0.00
    288 0 2019 118 23.000  130.05   -2.57    0.00    0.00    0.00
    289 0 2019 119  0.000  128.90   -5.95    0.00    0.00    0.00
    290 0 2019 119  1.000  127.77   -3.64    0.00    0.00    0.00
    291 0 2019 119  2.000  120.71   -2.59    0.00    0.00    0.00
    292 0 2019 119  3.000  110.70   -3.20    0.00    0.00    0.00
    293 0 2019 119  4.000  101.69   -4.50    0.00    0.00    0.00
    294 0 2019 119  5.000   96.41   -5.15    0.00    0.00    0.00
    295 0 2019 119  6.000   95.90   -5.58    0.00    0.00    0.00
    296 0 2019 119  7.000  104.25   -3.44    0.00    0.00    0.00
    297 0 2019 119  8.000  114.39   -5.28    0.00    0.00    0.00
    298 0 2019 119  9.000  125.26   -8.50    0.00    0.00    0.00
    299 0 2019 119 10.000  138.05   -7.87    0.00    0.00    0.00
    300 0 2019 119 11.000  147.11   -6.77    0.00    0.00    0.00
    301 0 2019 119 12.000  151.09   -5.00    0.00    0.00    0.00
    302 0 2019 119 13.000  146.67   -4.31    0.00    0.00    0.00
    303 0 2019 119 14.000  132.19   -6.80    0.00    0.00    0.00
    304 0 2019 119 15.000  118.64   -4.97    0.00    0.00    0.00
    305 0 2019 119 16.000  107.17   -1.55    0.00    0.00    0.00
    306 0 2019 119 17.000   94.62   -1.79    0.00    0.00    0.00
    307 0 2019 119 18.000   85.40   -2.99    0.00    0.00    0.00
    308 0 2019 119 19.000   82.65   -4.69    0.00    0.00    0.00
    309 0 2019 119 20.000   90.64   -3.99    0.00    0.00    0.00
    310 0 2019 119 21.000  103.89   -4.10    0.00    0.00    0.00
    311 0 2019 119 22.000  120.49   -2.71    0.00    0.00    0.00
    312 0 2019 119 23.000  135.83   -1.12    0.00    0.00    0.00
    313 0 2019 120  0.000  144.34   -2.25    0.00    0.00    0.00
    314 0 2019 120  1.000  147.89   -1.25    0.00    0.00    0.00
    315 0 2019 120  2.000  140.76   -2.40    0.00    0.00    0.00
    316 0 2019 120  3.000  127.77   -3.28    0.00    0.00    0.00
    317 0 2019 120  4.000  111.13   -6.18    0.00    0.00    0.00
    318 0 2019 120  5.000   97.43   -7.96    0.00    0.00    0.00
    319 0 2019 120  6.000   94.83   -2.84    0.00    0.00    0.00
    320 0 2019 120  7.000   91.00   -6.09    0.00    0.00    0.00
    321 0 2019 120  8.000  103.28   -2.35    0.00    0.00    0.00
    322 0 2019 120  9.000  116.74   -4.65    0.00    0.00    0.00
    323 0 2019 120 10.000  134.41   -4.95    0.00    0.00    0.00
    324 0 2019 120 11.000  151.65   -3.20    0.00    0.00    0.00
    325 0 2019 120 12.000  162.73   -1.97    0.00    0.00    0.00
    326 0 2019 120 13.000  162.44   -3.69    0.00    0.00    0.00
    327 0 2019 120 14.000  154.88   -2.69    0.00    0.00    0.00
    328 0 2019 120 15.000  138.60   -2.41    0.00    0.00    0.00
    329 0 2019 120 16.000  119.48   -1.81    0.00    0.00    0.00
    330 0 2019 120 17.000  102.59   -0.18    0.00    0.00    0.00
    331 0 2019 120 18.000   89.94    1.63    0.00    0.00    0.00
    332 0 2019 120 19.000   80.49   -0.53    0.00    0.00    0.00
    333 0 2019 120 20.000   82.31   -1.66    0.00    0.00    0.00
    334 0 2019 120 21.000   97.57    0.40    0.00    0.00    0.00
    335 0 2019 120 22.000  119.71    3.07    0.00    0.00    0.00
    336 0 2019 120 23.000  142.82    5.67    0.00    0.00    0.00
    337 0 2019 121  0.000  159.41    5.11    0.00    0.00    0.00
    338 0 2019 121  1.000  168.28    4.27    0.00    0.00    0.00
    339 0 2019 121  2.000  169.15    6.06    0.00    0.00    0.00
    340 0 2019 121  3.000  157.95    6.27    0.00    0.00    0.00
    341 0 2019 121  4.000  142.17    8.22    0.00    0.00    0.00
    342 0 2019 121  5.000  123.36    8.09    0.00    0.00    0.00
    343 0 2019 121  6.000  109.31    9.41    0.00    0.00    0.00
    344 0 2019 121  7.000   99.99    8.34    0.00    0.00    0.00
    345 0 2019 121  8.000  103.25    9.29    0.00    0.00    0.00
    346 0 2019 121  9.000  120.66   13.21    0.00    0.00    0.00
    347 0 2019 121 10.000  140.81   12.49    0.00    0.00    0.00
    348 0 2019 121 11.000  162.10   11.72    0.00    0.00    0.00
    349 0 2019 121 12.000  175.81    7.83    0.00    0.00    0.00
    350 0 2019 121 13.000  189.32   12.55    0.00    0.00    0.00
    351 0 2019 121 14.000  187.56   13.73    0.00    0.00    0.00
    352 0 2019 121 15.000  171.87   12.59    0.00    0.00    0.00
    353 0 2019 121 16.000  151.55   14.45    0.00    0.00    0.00
    354 0 2019 121 17.000  130.17   17.08    0.00    0.00    0.00
    355 0 2019 121 18.000  107.13   14.87    0.00    0.00    0.00
    356 0 2019 121 19.000   92.96   14.25    0.00    0.00    0.00
    357 0 2019 121 20.000   91.13   15.04    0.00    0.00    0.00
    358 0 2019 121 21.000  102.42   16.23    0.00    0.00    0.00
    359 1 2019 121 22.000  127.44    0.00    0.00    0.00    0.00
    360 0 2019 121 23.000  149.49   16.72    0.00    0.00    0.00
    361 0 2019 122  0.000  171.85   14.51    0.00    0.00    0.00
    362 0 2019 122  1.000  188.45   13.69    0.00    0.00    0.00
    363 0 2019 122  2.000  192.29   11.77    0.00    0.00    0.00
    364 0 2019 122  3.000  182.82    9.79    0.00    0.00    0.00
    365 0 2019 122  4.000  160.00    5.26    0.00    0.00    0.00
    366 0 2019 122  5.000  141.80   10.69    0.00    0.00    0.00
    367 0 2019 122  6.000  124.14   15.78    0.00    0.00    0.00
    368 0 2019 122  7.000  103.80   11.72    0.00    0.00    0.00
    369 0 2019 122  8.000   96.12    9.32    0.00    0.00    0.00
    370 0 2019 122  9.000  100.24    5.48    0.00    0.00    0.00
    371 0 2019 122 10.000  119.16    4.78    0.00    0.00    0.00
    372 0 2019 122 11.000  151.26   10.99    0.00    0.00    0.00
    373 0 2019 122 12.000  177.03   11.94    0.00    0.00    0.00
    374 0 2019 122 13.000  192.88   11.02    0.00    0.00    0.00
    375 0 2019 122 14.000  193.67    7.83    0.00    0.00    0.00
    376 0 2019 122 15.000  177.94    2.13    0.00    0.00    0.00
    377 0 2019 122 16.000  160.71    6.29    0.00    0.00    0.00
    378 0 2019 122 17.000  135.55    8.46    0.00    0.00    0.00
    379 0 2019 122 18.000  105.04    4.75    0.00    0.00    0.00
    380 0 2019 122 19.000   84.10    3.94    0.00    0.00    0.00
    381 0 2019 122 20.000   72.90    1.40    0.00    0.00    0.00
    382 0 2019 122 21.000   89.41   12.60    0.00    0.00    0.00
    383 0 2019 122 22.000  105.55   10.05    0.00    0.00    0.00
    384 0 2019 122 23.000  135.29   11.61    0.00    0.00    0.00
    385 1 2019 123  0.000 9999.99    0.00    0.00    0.00    0.00
    386 1 2019 123  1.000 9999.99    0.00    0.00    0.00    0.00
    387 0 2019 123  2.000  201.82    8.19    0.00    0.00    0.00
    388 0 2019 123  3.000  208.66   16.57    0.00    0.00    0.00
    389 0 2019 123  4.000  191.75   15.09    0.00    0.00    0.00
    390 0 2019 123  5.000  159.20    7.65    0.00    0.00    0.00
    391 0 2019 123  6.000  131.00    7.90    0.00    0.00    0.00
    392 0 2019 123  7.000  113.47   14.71    0.00    0.00    0.00
    393 0 2019 123  8.000   94.38    9.25    0.00    0.00    0.00
    394 0 2019 123  9.000   97.66   11.88    0.00    0.00    0.00
    395 0 2019 123 10.000  111.97   11.43    0.00    0.00    0.00
    396 0 2019 123 11.000  136.78   10.83    0.00    0.00    0.00
    397 0 2019 123 12.000  167.19   11.72    0.00    0.00    0.00
    398 0 2019 123 13.000  186.19    5.93    0.00    0.00    0.00
    399 0 2019 123 14.000  200.26    7.84    0.00    0.00    0.00
    400 0 2019 123 15.000  198.20    9.54    0.00    0.00    0.00
    401 0 2019 123 16.000  181.23   10.46    0.00    0.00    0.00
    402 0 2019 123 17.000  157.50   14.11    0.00    0.00    0.00
    403 0 2019 123 18.000  122.41    9.80    0.00    0.00    0.00
    404 0 2019 123 19.000   92.01    6.16    0.00    0.00    0.00
    405 0 2019 123 20.000   71.63    1.36    0.00    0.00    0.00
    406 0 2019 123 21.000   73.98    4.19    0.00    0.00    0.00
    407 0 2019 123 22.000   84.33   -0.02    0.00    0.00    0.00
    408 0 2019 123 23.000  112.45    1.22    0.00    0.00    0.00
    409 0 2019 124  0.000  144.09   -1.25    0.00    0.00    0.00
    410 0 2019 124  1.000  176.87   -1.44    0.00    0.00    0.00
    411 0 2019 124  2.000  200.09   -0.55    0.00    0.00    0.00
    412 0 2019 124  3.000  204.02   -2.62    0.00    0.00    0.00
    413 0 2019 124  4.000  194.55   -1.85    0.00    0.00    0.00
    414 0 2019 124  5.000  170.00   -3.46    0.00    0.00    0.00
    415 0 2019 124  6.000  138.67   -4.20    0.00    0.00    0.00
    416 0 2019 124  7.000  107.35   -4.61    0.00    0.00    0.00
    417 0 2019 124  8.000   85.63   -3.90    0.00    0.00    0.00
    418 0 2019 124  9.000   77.48   -4.23    0.00    0.00    0.00
    419 0 2019 124 10.000   85.38   -4.16    0.00    0.00    0.00
    420 0 2019 124 11.000  104.27   -6.32    0.00    0.00    0.00
    421 0 2019 124 12.000  132.72   -7.65    0.00    0.00    0.00
    422 0 2019 124 13.000  163.86   -7.14    0.00    0.00    0.00
    423 0 2019 124 14.000  186.49   -5.64    0.00    0.00    0.00
    424 0 2019 124 15.000  186.52  -10.06    0.00    0.00    0.00
    425 0 2019 124 16.000  175.00   -9.24    0.00    0.00    0.00
    426 0 2019 124 17.000  154.29   -5.36    0.00    0.00    0.00
    427 0 2019 124 18.000  121.53   -6.66    0.00    0.00    0.00
    428 0 2019 124 19.000   86.35  -10.21    0.00    0.00    0.00
    429 0 2019 124 20.000   64.14   -9.26    0.00    0.00    0.00
    430 0 2019 124 21.000   54.89  -10.73    0.00    0.00    0.00
    431 0 2019 124 22.000   65.65   -8.92    0.00    0.00    0.00
    432 0 2019 124 23.000   88.62   -8.97    0.00    0.00    0.00
    433 0 2019 125  0.000  121.13   -9.77    0.00    0.00    0.00
    434 0 2019 125  1.000  157.92  -10.27    0.00    0.00    0.00
    435 0 2019 125  2.000  191.12   -8.13    0.00    0.00    0.00
    436 0 2019 125  3.000  204.30  -10.29    0.00    0.00    0.00
    437 0 2019 125  4.000  197.10  -14.43    0.00    0.00    0.00
    438 0 2019 125  5.000  176.93  -16.38    0.00    0.00    0.00
    439 0 2019 125  6.000  148.67  -15.84    0.00    0.00    0.00
    440 0 2019 125  7.000  114.87  -15.82    0.00    0.00    0.00
    441 0 2019 125  8.000   87.52  -13.08    0.00    0.00    0.00
    442 0 2019 125  9.000   68.96  -14.40    0.00    0.00    0.00
    443 0 2019 125 10.000   69.67  -13.15    0.00    0.00    0.00
    444 0 2019 125 11.000   83.12  -14.10    0.00    0.00    0.00
    445 0 2019 125 12.000  111.48  -11.56    0.00    0.00    0.00
    446 0 2019 125 13.000  141.23  -13.79    0.00    0.00    0.00
    447 0 2019 125 14.000  173.13  -10.42    0.00    0.00    0.00
    448 0 2019 125 15.000  188.56   -9.29    0.00    0.00    0.00
    449 0 2019 125 16.000  179.80  -13.69    0.00    0.00    0.00
    450 0 2019 125 17.000  162.23  -11.67    0.00    0.00    0.00
    451 0 2019 125 18.000  135.60   -9.22    0.00    0.00    0.00
    452 0 2019 125 19.000   99.66  -12.05    0.00    0.00    0.00
    453 0 2019 125 20.000   67.23  -15.06    0.00    0.00    0.00
    454 0 2019 125 21.000   53.35  -12.47    0.00    0.00    0.00
    455 0 2019 125 22.000   56.27  -10.85    0.00    0.00    0.00
    456 0 2019 125 23.000   74.83   -9.62    0.00    0.00    0.00
    457 0 2019 126  0.000  102.22  -11.63    0.00    0.00    0.00
    458 0 2019 126  1.000  142.09   -8.92    0.00    0.00    0.00
    459 0 2019 126  2.000  180.81   -7.12    0.00    0.00    0.00
    460 0 2019 126  3.000  209.28   -4.01    0.00    0.00    0.00
    461 0 2019 126  4.000  210.89   -8.90    0.00    0.00    0.00
    462 0 2019 126  5.000  200.65   -7.81    0.00    0.00    0.00
    463 0 2019 126  6.000  175.18   -9.12    0.00    0.00    0.00
    464 0 2019 126  7.000  143.50   -8.39    0.00    0.00    0.00
    465 0 2019 126  8.000  110.96   -6.80    0.00    0.00    0.00
    466 0 2019 126  9.000   85.56   -6.19    0.00    0.00    0.00
    467 0 2019 126 10.000   74.04   -7.45    0.00    0.00    0.00
    468 0 2019 126 11.000   77.71   -9.95    0.00    0.00    0.00
    469 0 2019 126 12.000   97.13   -9.80    0.00    0.00    0.00
    470 0 2019 126 13.000  130.42   -5.16    0.00    0.00    0.00
    471 0 2019 126 14.000  159.44   -7.66    0.00    0.00    0.00
    472 0 2019 126 15.000  182.38   -8.08    0.00    0.00    0.00
    473 0 2019 126 16.000  188.75   -7.71    0.00    0.00    0.00
    474 0 2019 126 17.000  177.52   -7.02    0.00    0.00    0.00
    475 0 2019 126 18.000  156.47   -3.76    0.00    0.00    0.00
    476 0 2019 126 19.000  124.72   -4.36    0.00    0.00    0.00
    477 0 2019 126 20.000   92.80   -4.09    0.00    0.00    0.00
    478 0 2019 126 21.000   70.97   -1.53    0.00    0.00    0.00
    479 0 2019 126 22.000   62.03   -2.12    0.00    0.00    0.00
    480 0 2019 126 23.000   75.74    2.28    0.00    0.00    0.00
    481 0 2019 127  0.000  100.26    3.52    0.00    0.00    0.00
    482 0 2019 127  1.000  131.37    1.43    0.00    0.00    0.00
    483 0 2019 127  2.000  169.74    1.83    0.00    0.00    0.00
    484 0 2019 127  3.000  207.87    6.97    0.00    0.00    0.00
    485 0 2019 127  4.000  222.92    4.58    0.00    0.00    0.00
    486 0 2019 127  5.000  216.70    0.11    0.00    0.00    0.00
    487 0 2019 127  6.000  202.23    2.85    0.00    0.00    0.00
    488 0 2019 127  7.000  174.29    2.59    0.00    0.00    0.00
    489 0 2019 127  8.000  139.80    1.56    0.00    0.00    0.00
    490 0 2019 127  9.000  107.28    0.47    0.00    0.00    0.00
    491 0 2019 127 10.000   89.56    2.61    0.00    0.00    0.00
    492 0 2019 127 11.000   81.28   -2.08    0.00    0.00    0.00
    493 0 2019 127 12.000   91.48   -2.89    0.00    0.00    0.00
    494 0 2019 127 13.000  117.17    0.62    0.00    0.00    0.00
    495 0 2019 127 14.000  147.25    1.36    0.00    0.00    0.00
    496 0 2019 127 15.000  175.64    1.43    0.00    0.00    0.00
    497 0 2019 127 16.000  190.44   -0.12    0.00    0.00    0.00
    498 0 2019 127 17.000  190.69    1.59    0.00    0.00    0.00
    499 0 2019 127 18.000  173.40    1.06    0.00    0.00    0.00
    500 0 2019 127 19.000  149.14    3.17    0.00    0.00    0.00
    501 0 2019 127 20.000  114.83   -0.17    0.00    0.00    0.00
    502 0 2019 127 21.000   84.16   -1.99    0.00    0.00    0.00
    503 0 2019 127 22.000   68.01   -0.39    0.00    0.00    0.00
    504 0 2019 127 23.000   66.73   -0.66    0.00    0.00    0.00
    505 0 2019 128  0.000   80.65   -1.45    0.00    0.00    0.00
    506 0 2019 128  1.000  107.78   -0.80    0.00    0.00    0.00
    507 0 2019 128  2.000  140.00   -2.96    0.00    0.00    0.00
    508 0 2019 128  3.000  176.53   -2.10    0.00    0.00    0.00
    509 0 2019 128  4.000  205.35    0.13    0.00    0.00    0.00
    510 0 2019 128  5.000  212.89   -1.95    0.00    0.00    0.00
    511 0 2019 128  6.000  207.96    0.69    0.00    0.00    0.00
    512 1 2019 128  7.000  161.15    0.00    0.00    0.00    0.00
    513 0 2019 128  8.000  160.56    2.42    0.00    0.00    0.00
    514 0 2019 128  9.000  129.64    3.41    0.00    0.00    0.00
    515 0 2019 128 10.000  105.04    5.34    0.00    0.00    0.00
    516 0 2019 128 11.000   92.40    6.29    0.00    0.00    0.00
    517 0 2019 128 12.000   91.58    4.29    0.00    0.00    0.00
    518 0 2019 128 13.000  105.93    5.00    0.00    0.00    0.00
    519 0 2019 128 14.000  131.42    7.31    0.00    0.00    0.00
    520 0 2019 128 15.000  158.58    6.72    0.00    0.00    0.00
    521 0 2019 128 16.000  178.86    3.90    0.00    0.00    0.00
    522 0 2019 128 17.000  187.38    2.88    0.00    0.00    0.00
    523 0 2019 128 18.000  182.60    4.45    0.00    0.00    0.00
    524 0 2019 128 19.000  162.85    3.29    0.00    0.00    0.00
    525 0 2019 128 20.000  131.38   -2.03    0.00    0.00    0.00
    526 0 2019 128 21.000  106.47    1.77    0.00    0.00    0.00
    527 0 2019 128 22.000   83.28    2.40    0.00    0.00    0.00
    528 0 2019 128 23.000   72.66    3.15    0.00    0.00    0.00
    529 0 2019 129  0.000   74.31    0.91    0.00    0.00    0.00
    530 0 2019 129  1.000   92.11    1.58    0.00    0.00    0.00
    531 0 2019 129  2.000  120.50    2.78    0.00    0.00    0.00
    532 0 2019 129  3.000  153.34    2.65    0.00    0.00    0.00
    533 0 2019 129  4.000  182.45    0.86    0.00    0.00    0.00
    534 0 2019 129  5.000  203.72    2.48    0.00    0.00    0.00
    535 0 2019 129  6.000  207.49    2.34    0.00    0.00    0.00
    536 0 2019 129  7.000  199.29    4.47    0.00    0.00    0.00
    537 0 2019 129  8.000  178.32    4.47    0.00    0.00    0.00
    538 0 2019 129  9.000  150.88    4.74    0.00    0.00    0.00
    539 0 2019 129 10.000  121.54    3.67    0.00    0.00    0.00
    540 0 2019 129 11.000  102.19    5.39    0.00    0.00    0.00
    541 0 2019 129 12.000   90.71    2.89    0.00    0.00    0.00
    542 0 2019 129 13.000   95.00    3.72    0.00    0.00    0.00
    543 0 2019 129 14.000  110.06    4.51    0.00    0.00    0.00
    544 0 2019 129 15.000  135.21    7.36    0.00    0.00    0.00
    545 0 2019 129 16.000  156.09    4.06    0.00    0.00    0.00
    546 0 2019 129 17.000  172.80    3.35    0.00    0.00    0.00
    547 0 2019 129 18.000  177.36    3.11    0.00    0.00    0.00
    548 0 2019 129 19.000  170.47    4.20    0.00    0.00    0.00
    549 0 2019 129 20.000  153.04    4.58    0.00    0.00    0.00
    550 0 2019 129 21.000  127.61    3.17    0.00    0.00    0.00
    551 0 2019 129 22.000  104.30    4.68    0.00    0.00    0.00
    552 0 2019 129 23.000   88.13    7.02    0.00    0.00    0.00
    553 0 2019 130  0.000   80.74    6.54    0.00    0.00    0.00
    554 0 2019 130  1.000   86.68    6.75    0.00    0.00    0.00
    555 0 2019 130  2.000  104.10    7.22    0.00    0.00    0.00
    556 0 2019 130  3.000  128.80    6.21    0.00    0.00    0.00
    557 0 2019 130  4.000  157.50    5.56    0.00    0.00    0.00
    558 0 2019 130  5.000  181.57    4.53    0.00    0.00    0.00
    559 0 2019 130  6.000  195.33    4.11    0.00    0.00    0.00
    560 0 2019 130  7.000  195.56    3.07    0.00    0.00    0.00
    561 0 2019 130  8.000  187.57    5.41    0.00    0.00    0.00
    562 0 2019 130  9.000  166.98    4.40    0.00    0.00    0.00
    563 0 2019 130 10.000  141.18    3.44    0.00    0.00    0.00
    564 0 2019 130 11.000  116.80    2.88    0.00    0.00    0.00
    565 0 2019 130 12.000   98.72    1.65    0.00    0.00    0.00
    566 0 2019 130 13.000   92.08    1.99    0.00    0.00    0.00
    567 0 2019 130 14.000   95.04    1.54    0.00    0.00    0.00
    568 0 2019 130 15.000  111.04    4.40    0.00    0.00    0.00
    569 0 2019 130 16.000  130.23    3.90    0.00    0.00    0.00
    570 0 2019 130 17.000  149.29    3.19    0.00    0.00    0.00
    571 0 2019 130 18.000  164.41    5.18    0.00    0.00    0.00
    572 0 2019 130 19.000  167.30    4.83    0.00    0.00    0.00
    573 0 2019 130 20.000  158.86    2.99    0.00    0.00    0.00
    574 0 2019 130 21.000  144.51    3.62    0.00    0.00    0.00
    575 0 2019 130 22.000  125.08    4.55    0.00    0.00    0.00
    576 0 2019 130 23.000  104.97    4.76    0.00    0.00    0.00
    577 0 2019 131  0.000   89.69    3.98    0.00    0.00    0.00
    578 0 2019 131  1.000   84.92    4.52    0.00    0.00    0.00
    579 0 2019 131  2.000   88.18    2.98    0.00    0.00    0.00
    580 0 2019 131  3.000  101.85    1.93    0.00    0.00    0.00
    581 0 2019 131  4.000  122.49    0.19    0.00    0.00    0.00
    582 0 2019 131  5.000  145.12   -1.72    0.00    0.00    0.00
    583 0 2019 131  6.000  166.02   -0.91    0.00    0.00    0.00
    584 0 2019 131  7.000  177.33   -1.07    0.00    0.00    0.00
    585 0 2019 131  8.000  178.40   -1.61    0.00    0.00    0.00
    586 0 2019 131  9.000  170.70   -1.09    0.00    0.00    0.00
    587 0 2019 131 10.000  153.59   -1.49    0.00    0.00    0.00
    588 0 2019 131 11.000  134.67    0.81    0.00    0.00    0.00
    589 0 2019 131 12.000  114.46    0.87    0.00    0.00    0.00
    590 0 2019 131 13.000   99.34    0.86    0.00    0.00    0.00
    591 0 2019 131 14.000   92.67    1.78    0.00    0.00    0.00
    592 0 2019 131 15.000   91.88   -0.49    0.00    0.00    0.00
    593 0 2019 131 16.000  103.10    0.18    0.00    0.00    0.00
    594 0 2019 131 17.000  118.13   -1.00    0.00    0.00    0.00
    595 0 2019 131 18.000  134.31   -1.01    0.00    0.00    0.00
    596 0 2019 131 19.000  148.58    1.64    0.00    0.00    0.00
    597 0 2019 131 20.000  154.00    2.11    0.00    0.00    0.00
    598 0 2019 131 21.000  153.37    4.28    0.00    0.00    0.00
    599 0 2019 131 22.000  140.81    2.39    0.00    0.00    0.00
    600 0 2019 131 23.000  123.85    1.49    0.00    0.00    0.00
    601 0 2019 132  0.000  106.12    0.45    0.00    0.00    0.00
    602 0 2019 132  1.000   90.20   -2.52    0.00    0.00    0.00
    603 0 2019 132  2.000   89.41    3.23    0.00    0.00    0.00
    604 0 2019 132  3.000   89.33    1.42    0.00    0.00    0.00
    605 0 2019 132  4.000   98.11   -0.72    0.00    0.00    0.00
    606 0 2019 132  5.000  116.76   -0.11    0.00    0.00    0.00
    607 0 2019 132  6.000  138.63    1.63    0.00    0.00    0.00
    608 0 2019 132  7.000  158.09    3.75    0.00    0.00    0.00
    609 0 2019 132  8.000  170.89    4.82    0.00    0.00    0.00
    610 0 2019 132  9.000  171.64    1.29    0.00    0.00    0.00
    611 0 2019 132 10.000  166.07    0.51    0.00    0.00    0.00
    612 0 2019 132 11.000  153.35    1.15    0.00    0.00    0.00
    613 0 2019 132 12.000  134.00    0.21    0.00    0.00    0.00
    614 0 2019 132 13.000  114.96    0.13    0.00    0.00    0.00
    615 0 2019 132 14.000   99.65    0.90    0.00    0.00    0.00
    616 0 2019 132 15.000   90.06    1.61    0.00    0.00    0.00
    617 0 2019 132 16.000   88.54    1.85    0.00    0.00    0.00
    618 0 2019 132 17.000   91.41   -2.61    0.00    0.00    0.00
    619 0 2019 132 18.000  105.81   -1.59    0.00    0.00    0.00
    620 0 2019 132 19.000  118.57   -3.81    0.00    0.00    0.00
    621 0 2019 132 20.000  130.60   -5.15    0.00    0.00    0.00
    622 0 2019 132 21.000  144.93   -0.19    0.00    0.00    0.00
    623 0 2019 132 22.000  146.63   -1.07    0.00    0.00    0.00
