                                                                                
                                                                                
                                                                                
                                                                                
                                                                                
                                                                                
                                                                                
                                                                                
                                                                                
                                                                                
                                                                                
                                                                                
                                                                                
                                                                                
                                                                                
                                                                                
                                                                                
                                                                                
                                                                                
                                                                                
      1 1 2019 107  0.000 9999.99    0.00    0.00    0.00    0.00
      2 0 2019 107  1.000   67.69   -3.49    0.00    0.00    0.00
      3 0 2019 107  2.000   68.79   -2.52    0.00    0.00    0.00
      4 0 2019 107  3.000   58.75   -3.98    0.00    0.00    0.00
      5 0 2019 107  4.000   41.51   -6.12    0.00    0.00    0.00
      6 0 2019 107  5.000   24.86   -5.88    0.00    0.00    0.00
      7 0 2019 107  6.000   12.33   -4.49    0.00    0.00    0.00
      8 0 2019 107  7.000    3.85   -5.32    0.00    0.00    0.00
      9 0 2019 107  8.000    4.88   -5.01    0.00    0.00    0.00
     10 0 2019 107  9.000   16.54   -3.02    0.00    0.00    0.00
     11 0 2019 107 10.000   31.73   -4.29    0.00    0.00    0.00
     12 0 2019 107 11.000   52.35   -2.23    0.00    0.00    0.00
     13 0 2019 107 12.000   70.08   -0.41    0.00    0.00    0.00
     14 0 2019 107 13.000   77.22   -3.07    0.00    0.00    0.00
     15 0 2019 107 14.000   76.80   -4.52    0.00    0.00    0.00
     16 0 2019 107 15.000   70.81   -1.20    0.00    0.00    0.00
     17 0 2019 107 16.000   50.78   -3.06    0.00    0.00    0.00
     18 0 2019 107 17.000   30.22   -1.58    0.00    0.00    0.00
     19 0 2019 107 18.000   10.55   -1.27    0.00    0.00    0.00
     20 0 2019 107 19.000   -7.63   -5.93    0.00    0.00    0.00
     21 0 2019 107 20.000   -9.65   -3.70    0.00    0.00    0.00
     22 0 2019 107 21.000   -3.06   -3.52    0.00    0.00    0.00
     23 0 2019 107 22.000   14.42   -1.76    0.00    0.00    0.00
     24 0 2019 107 23.000   34.89   -1.75    0.00    0.00    0.00
     25 0 2019 108  0.000   55.04   -1.43    0.00    0.00    0.00
     26 0 2019 108  1.000   70.49   -1.15    0.00    0.00    0.00
     27 0 2019 108  2.000   78.36   -0.79    0.00    0.00    0.00
     28 0 2019 108  3.000   76.82    0.20    0.00    0.00    0.00
     29 0 2019 108  4.000   64.75    0.69    0.00    0.00    0.00
     30 0 2019 108  5.000   43.64   -1.71    0.00    0.00    0.00
     31 0 2019 108  6.000   28.14    1.82    0.00    0.00    0.00
     32 0 2019 108  7.000   10.32   -1.46    0.00    0.00    0.00
     33 0 2019 108  8.000    4.80   -0.14    0.00    0.00    0.00
     34 0 2019 108  9.000    7.91   -0.11    0.00    0.00    0.00
     35 0 2019 108 10.000   19.08   -1.88    0.00    0.00    0.00
     36 0 2019 108 11.000   40.37    0.24    0.00    0.00    0.00
     37 0 2019 108 12.000   59.77   -0.18    0.00    0.00    0.00
     38 0 2019 108 13.000   75.63   -0.05    0.00    0.00    0.00
     39 0 2019 108 14.000   82.37   -1.55    0.00    0.00    0.00
     40 0 2019 108 15.000   78.75   -2.99    0.00    0.00    0.00
     41 0 2019 108 16.000   67.37   -0.83    0.00    0.00    0.00
     42 0 2019 108 17.000   44.49   -1.97    0.00    0.00    0.00
     43 0 2019 108 18.000   20.39   -2.40    0.00    0.00    0.00
     44 0 2019 108 19.000    1.00   -2.11    0.00    0.00    0.00
     45 0 2019 108 20.000   -9.00   -0.47    0.00    0.00    0.00
     46 0 2019 108 21.000  -10.88   -1.54    0.00    0.00    0.00
     47 0 2019 108 22.000   -1.66   -3.21    0.00    0.00    0.00
     48 1 2019 108 23.000 9999.99    0.00    0.00    0.00    0.00
     49 1 2019 109  0.000 9999.99    0.00    0.00    0.00    0.00
     50 0 2019 109  1.000   66.36    1.49    0.00    0.00    0.00
     51 0 2019 109  2.000   78.36   -1.00    0.00    0.00    0.00
     52 0 2019 109  3.000   87.76    3.35    0.00    0.00    0.00
     53 0 2019 109  4.000   77.46   -0.49    0.00    0.00    0.00
     54 0 2019 109  5.000   64.75    3.19    0.00    0.00    0.00
     55 0 2019 109  6.000   38.86   -1.76    0.00    0.00    0.00
     56 0 2019 109  7.000   22.06    0.88    0.00    0.00    0.00
     57 0 2019 109  8.000    7.75    0.15    0.00    0.00    0.00
     58 0 2019 109  9.000    3.21    0.18    0.00    0.00    0.00
     59 0 2019 109 10.000   14.38    5.04    0.00    0.00    0.00
     60 0 2019 109 11.000   27.06    1.88    0.00    0.00    0.00
     61 0 2019 109 12.000   50.39    4.76    0.00    0.00    0.00
     62 0 2019 109 13.000   68.70    3.68    0.00    0.00    0.00
     63 0 2019 109 14.000   80.15    1.11    0.00    0.00    0.00
     64 0 2019 109 15.000   87.04    2.78    0.00    0.00    0.00
     65 0 2019 109 16.000   80.25    2.25    0.00    0.00    0.00
     66 0 2019 109 17.000   63.53    2.83    0.00    0.00    0.00
     67 0 2019 109 18.000   40.40    3.20    0.00    0.00    0.00
     68 0 2019 109 19.000   17.74    3.67    0.00    0.00    0.00
     69 0 2019 109 20.000   -4.42   -1.01    0.00    0.00    0.00
     70 0 2019 109 21.000   -7.80    3.77    0.00    0.00    0.00
     71 0 2019 109 22.000   -4.71    3.23    0.00    0.00    0.00
     72 0 2019 109 23.000    7.54    0.39    0.00    0.00    0.00
     73 0 2019 110  0.000   33.45    4.01    0.00    0.00    0.00
     74 0 2019 110  1.000   52.65   -0.24    0.00    0.00    0.00
     75 0 2019 110  2.000   74.44    1.90    0.00    0.00    0.00
     76 0 2019 110  3.000   87.91    3.30    0.00    0.00    0.00
     77 0 2019 110  4.000   87.93    2.07    0.00    0.00    0.00
     78 0 2019 110  5.000   78.78    3.43    0.00    0.00    0.00
     79 0 2019 110  6.000   58.12    1.73    0.00    0.00    0.00
     80 0 2019 110  7.000   36.62    1.58    0.00    0.00    0.00
     81 0 2019 110  8.000   18.86    2.08    0.00    0.00    0.00
     82 0 2019 110  9.000    7.29    1.80    0.00    0.00    0.00
     83 0 2019 110 10.000    4.50    0.40    0.00    0.00    0.00
     84 0 2019 110 11.000   18.13    4.62    0.00    0.00    0.00
     85 0 2019 110 12.000   31.29    0.35    0.00    0.00    0.00
     86 0 2019 110 13.000   52.87    1.92    0.00    0.00    0.00
     87 0 2019 110 14.000   69.41    0.99    0.00    0.00    0.00
     88 0 2019 110 15.000   80.78    1.29    0.00    0.00    0.00
     89 0 2019 110 16.000   82.86    2.03    0.00    0.00    0.00
     90 0 2019 110 17.000   73.79    3.11    0.00    0.00    0.00
     91 0 2019 110 18.000   55.58    4.35    0.00    0.00    0.00
     92 0 2019 110 19.000   28.62    0.45    0.00    0.00    0.00
     93 0 2019 110 20.000    9.81    2.31    0.00    0.00    0.00
     94 0 2019 110 21.000   -5.17    1.15    0.00    0.00    0.00
     95 0 2019 110 22.000  -10.42   -0.39    0.00    0.00    0.00
     96 0 2019 110 23.000   -3.27   -1.24    0.00    0.00    0.00
     97 0 2019 111  0.000   18.57    2.65    0.00    0.00    0.00
     98 0 2019 111  1.000   37.55   -1.22    0.00    0.00    0.00
     99 0 2019 111  2.000   60.68   -0.26    0.00    0.00    0.00
    100 0 2019 111  3.000   78.94    0.90    0.00    0.00    0.00
    101 0 2019 111  4.000   87.24    0.82    0.00    0.00    0.00
    102 0 2019 111  5.000   83.62    0.14    0.00    0.00    0.00
    103 0 2019 111  6.000   69.18   -0.71    0.00    0.00    0.00
    104 0 2019 111  7.000   50.23    0.09    0.00    0.00    0.00
    105 0 2019 111  8.000   30.45    0.42    0.00    0.00    0.00
    106 0 2019 111  9.000   15.19    1.00    0.00    0.00    0.00
    107 0 2019 111 10.000    7.19    1.13    0.00    0.00    0.00
    108 0 2019 111 11.000    7.11   -0.82    0.00    0.00    0.00
    109 0 2019 111 12.000   18.58   -0.85    0.00    0.00    0.00
    110 0 2019 111 13.000   36.75   -0.05    0.00    0.00    0.00
    111 0 2019 111 14.000   52.51   -2.40    0.00    0.00    0.00
    112 0 2019 111 15.000   70.03    0.63    0.00    0.00    0.00
    113 0 2019 111 16.000   74.28   -2.47    0.00    0.00    0.00
    114 0 2019 111 17.000   73.22   -0.94    0.00    0.00    0.00
    115 0 2019 111 18.000   61.66    0.31    0.00    0.00    0.00
    116 0 2019 111 19.000   40.80   -1.00    0.00    0.00    0.00
    117 0 2019 111 20.000   21.03   -0.07    0.00    0.00    0.00
    118 0 2019 111 21.000    5.16    0.92    0.00    0.00    0.00
    119 0 2019 111 22.000   -0.31    4.76    0.00    0.00    0.00
    120 0 2019 111 23.000   -3.12    1.16    0.00    0.00    0.00
    121 0 2019 112  0.000    9.39    2.37    0.00    0.00    0.00
    122 0 2019 112  1.000   24.33   -1.64    0.00    0.00    0.00
    123 0 2019 112  2.000   45.69   -1.91    0.00    0.00    0.00
    124 0 2019 112  3.000   68.27    1.19    0.00    0.00    0.00
    125 0 2019 112  4.000   78.00   -2.51    0.00    0.00    0.00
    126 0 2019 112  5.000   81.87   -2.79    0.00    0.00    0.00
    127 0 2019 112  6.000   78.76    0.58    0.00    0.00    0.00
    128 0 2019 112  7.000   61.66   -1.47    0.00    0.00    0.00
    129 0 2019 112  8.000   45.18    0.91    0.00    0.00    0.00
    130 0 2019 112  9.000   28.06    1.46    0.00    0.00    0.00
    131 0 2019 112 10.000   15.35    1.37    0.00    0.00    0.00
    132 0 2019 112 11.000    6.23   -3.01    0.00    0.00    0.00
    133 0 2019 112 12.000   14.02    0.36    0.00    0.00    0.00
    134 0 2019 112 13.000   20.53   -5.23    0.00    0.00    0.00
    135 0 2019 112 14.000   39.95   -1.70    0.00    0.00    0.00
    136 0 2019 112 15.000   54.15   -2.73    0.00    0.00    0.00
    137 0 2019 112 16.000   66.65   -1.10    0.00    0.00    0.00
    138 0 2019 112 17.000   70.98   -0.24    0.00    0.00    0.00
    139 0 2019 112 18.000   65.90    0.33    0.00    0.00    0.00
    140 0 2019 112 19.000   46.42   -5.44    0.00    0.00    0.00
    141 0 2019 112 20.000   29.56   -4.49    0.00    0.00    0.00
    142 0 2019 112 21.000   15.21   -1.78    0.00    0.00    0.00
    143 0 2019 112 22.000    5.63    0.96    0.00    0.00    0.00
    144 0 2019 112 23.000   -1.48   -1.42    0.00    0.00    0.00
    145 0 2019 113  0.000    8.42    4.03    0.00    0.00    0.00
    146 0 2019 113  1.000   20.28    2.95    0.00    0.00    0.00
    147 0 2019 113  2.000   36.49    0.95    0.00    0.00    0.00
    148 0 2019 113  3.000   57.22    2.60    0.00    0.00    0.00
    149 0 2019 113  4.000   71.67    1.20    0.00    0.00    0.00
    150 0 2019 113  5.000   80.81    1.09    0.00    0.00    0.00
    151 0 2019 113  6.000   79.93   -0.14    0.00    0.00    0.00
    152 0 2019 113  7.000   70.14   -1.28    0.00    0.00    0.00
    153 0 2019 113  8.000   55.64   -0.91    0.00    0.00    0.00
    154 0 2019 113  9.000   39.46   -0.38    0.00    0.00    0.00
    155 0 2019 113 10.000   24.95   -0.43    0.00    0.00    0.00
    156 0 2019 113 11.000   15.94   -0.29    0.00    0.00    0.00
    157 0 2019 113 12.000   14.25   -0.09    0.00    0.00    0.00
    158 0 2019 113 13.000   20.75    0.70    0.00    0.00    0.00
    159 0 2019 113 14.000   31.62    0.22    0.00    0.00    0.00
    160 0 2019 113 15.000   44.26   -0.58    0.00    0.00    0.00
    161 0 2019 113 16.000   57.57    0.93    0.00    0.00    0.00
    162 0 2019 113 17.000   62.98   -0.75    0.00    0.00    0.00
    163 0 2019 113 18.000   65.13    1.21    0.00    0.00    0.00
    164 0 2019 113 19.000   55.61   -1.05    0.00    0.00    0.00
    165 0 2019 113 20.000   42.31   -1.46    0.00    0.00    0.00
    166 0 2019 113 21.000   33.28    4.30    0.00    0.00    0.00
    167 0 2019 113 22.000   15.53   -0.68    0.00    0.00    0.00
    168 0 2019 113 23.000    8.35   -0.11    0.00    0.00    0.00
    169 0 2019 114  0.000    9.50    1.92    0.00    0.00    0.00
    170 0 2019 114  1.000   13.55   -0.64    0.00    0.00    0.00
    171 0 2019 114  2.000   23.81   -3.29    0.00    0.00    0.00
    172 0 2019 114  3.000   44.44    1.14    0.00    0.00    0.00
    173 0 2019 114  4.000   58.12   -0.88    0.00    0.00    0.00
    174 0 2019 114  5.000   69.23   -1.57    0.00    0.00    0.00
    175 0 2019 114  6.000   76.21    0.01    0.00    0.00    0.00
    176 0 2019 114  7.000   72.87   -1.07    0.00    0.00    0.00
    177 0 2019 114  8.000   63.73   -0.99    0.00    0.00    0.00
    178 0 2019 114  9.000   51.15   -0.19    0.00    0.00    0.00
    179 0 2019 114 10.000   36.56   -0.99    0.00    0.00    0.00
    180 0 2019 114 11.000   27.83    1.29    0.00    0.00    0.00
    181 0 2019 114 12.000   22.06    1.65    0.00    0.00    0.00
    182 0 2019 114 13.000   21.74    1.50    0.00    0.00    0.00
    183 0 2019 114 14.000   28.90    3.01    0.00    0.00    0.00
    184 0 2019 114 15.000   36.64    1.13    0.00    0.00    0.00
    185 0 2019 114 16.000   48.40    2.42    0.00    0.00    0.00
    186 0 2019 114 17.000   51.98   -2.24    0.00    0.00    0.00
    187 0 2019 114 18.000   59.41    1.39    0.00    0.00    0.00
    188 0 2019 114 19.000   57.65    1.43    0.00    0.00    0.00
    189 0 2019 114 20.000   50.55    1.59    0.00    0.00    0.00
    190 0 2019 114 21.000   39.96    1.79    0.00    0.00    0.00
    191 0 2019 114 22.000   28.34    1.30    0.00    0.00    0.00
    192 0 2019 114 23.000   16.24   -2.36    0.00    0.00    0.00
    193 0 2019 115  0.000   17.13    2.44    0.00    0.00    0.00
    194 0 2019 115  1.000   13.94   -2.27    0.00    0.00    0.00
    195 0 2019 115  2.000   22.94   -0.39    0.00    0.00    0.00
    196 0 2019 115  3.000   34.11   -0.82    0.00    0.00    0.00
    197 0 2019 115  4.000   47.81   -0.54    0.00    0.00    0.00
    198 0 2019 115  5.000   57.83   -2.52    0.00    0.00    0.00
    199 0 2019 115  6.000   66.61   -1.84    0.00    0.00    0.00
    200 0 2019 115  7.000   72.39    1.26    0.00    0.00    0.00
    201 0 2019 115  8.000   67.25   -0.58    0.00    0.00    0.00
    202 0 2019 115  9.000   61.53    2.14    0.00    0.00    0.00
    203 0 2019 115 10.000   47.95   -0.36    0.00    0.00    0.00
    204 0 2019 115 11.000   38.77    1.08    0.00    0.00    0.00
    205 0 2019 115 12.000   33.03    3.36    0.00    0.00    0.00
    206 0 2019 115 13.000   23.92   -1.47    0.00    0.00    0.00
    207 0 2019 115 14.000   25.17   -0.38    0.00    0.00    0.00
    208 0 2019 115 15.000   28.11   -2.02    0.00    0.00    0.00
    209 0 2019 115 16.000   38.46    0.96    0.00    0.00    0.00
    210 0 2019 115 17.000   43.74   -1.17    0.00    0.00    0.00
    211 0 2019 115 18.000   51.86    1.77    0.00    0.00    0.00
    212 0 2019 115 19.000   49.85   -1.99    0.00    0.00    0.00
    213 0 2019 115 20.000   48.97   -0.67    0.00    0.00    0.00
    214 0 2019 115 21.000   43.33   -0.36    0.00    0.00    0.00
    215 0 2019 115 22.000   34.56   -1.12    0.00    0.00    0.00
    216 0 2019 115 23.000   26.45   -1.81    0.00    0.00    0.00
    217 0 2019 116  0.000   21.40   -2.01    0.00    0.00    0.00
    218 0 2019 116  1.000   21.24   -0.62    0.00    0.00    0.00
    219 0 2019 116  2.000   21.62   -2.43    0.00    0.00    0.00
    220 0 2019 116  3.000   30.36    0.01    0.00    0.00    0.00
    221 0 2019 116  4.000   39.21   -0.70    0.00    0.00    0.00
    222 0 2019 116  5.000   48.93   -1.37    0.00    0.00    0.00
    223 0 2019 116  6.000   58.76   -0.21    0.00    0.00    0.00
    224 0 2019 116  7.000   63.80   -0.71    0.00    0.00    0.00
    225 0 2019 116  8.000   66.74    0.65    0.00    0.00    0.00
    226 0 2019 116  9.000   62.91   -0.23    0.00    0.00    0.00
    227 0 2019 116 10.000   55.24   -1.05    0.00    0.00    0.00
    228 0 2019 116 11.000   49.70    1.95    0.00    0.00    0.00
    229 0 2019 116 12.000   38.18   -1.63    0.00    0.00    0.00
    230 0 2019 116 13.000   33.69    0.15    0.00    0.00    0.00
    231 0 2019 116 14.000   26.54   -3.04    0.00    0.00    0.00
    232 0 2019 116 15.000   27.03   -1.90    0.00    0.00    0.00
    233 0 2019 116 16.000   34.26    2.31    0.00    0.00    0.00
    234 0 2019 116 17.000   37.42    0.37    0.00    0.00    0.00
    235 0 2019 116 18.000   41.72   -0.22    0.00    0.00    0.00
    236 0 2019 116 19.000   44.95   -0.36    0.00    0.00    0.00
    237 0 2019 116 20.000   46.75    0.04    0.00    0.00    0.00
    238 0 2019 116 21.000   46.04    0.50    0.00    0.00    0.00
    239 0 2019 116 22.000   43.80    2.15    0.00    0.00    0.00
    240 0 2019 116 23.000   35.98   -0.49    0.00    0.00    0.00
    241 0 2019 117  0.000   29.92   -2.14    0.00    0.00    0.00
    242 0 2019 117  1.000   26.97   -2.31    0.00    0.00    0.00
    243 0 2019 117  2.000   26.31   -1.89    0.00    0.00    0.00
    244 0 2019 117  3.000   27.27   -2.31    0.00    0.00    0.00
    245 0 2019 117  4.000   35.69    1.34    0.00    0.00    0.00
    246 0 2019 117  5.000   40.45   -1.27    0.00    0.00    0.00
    247 0 2019 117  6.000   49.33   -0.13    0.00    0.00    0.00
    248 0 2019 117  7.000   61.45    5.50    0.00    0.00    0.00
    249 0 2019 117  8.000   61.38    0.77    0.00    0.00    0.00
    250 0 2019 117  9.000   60.38   -2.19    0.00    0.00    0.00
    251 0 2019 117 10.000   61.67    0.90    0.00    0.00    0.00
    252 0 2019 117 11.000   56.70    1.04    0.00    0.00    0.00
    253 0 2019 117 12.000   47.25   -1.90    0.00    0.00    0.00
    254 0 2019 117 13.000   42.22   -0.38    0.00    0.00    0.00
    255 0 2019 117 14.000   35.32   -1.05    0.00    0.00    0.00
    256 0 2019 117 15.000   28.77   -2.63    0.00    0.00    0.00
    257 0 2019 117 16.000   32.78    3.33    0.00    0.00    0.00
    258 0 2019 117 17.000   29.16   -1.86    0.00    0.00    0.00
    259 0 2019 117 18.000   34.18   -0.29    0.00    0.00    0.00
    260 0 2019 117 19.000   37.23   -0.89    0.00    0.00    0.00
    261 0 2019 117 20.000   40.57   -0.94    0.00    0.00    0.00
    262 0 2019 117 21.000   46.32    2.13    0.00    0.00    0.00
    263 0 2019 117 22.000   43.75   -1.11    0.00    0.00    0.00
    264 0 2019 117 23.000   41.70   -1.35    0.00    0.00    0.00
    265 0 2019 118  0.000   42.02    1.97    0.00    0.00    0.00
    266 0 2019 118  1.000   35.22   -1.93    0.00    0.00    0.00
    267 0 2019 118  2.000   33.38   -1.04    0.00    0.00    0.00
    268 0 2019 118  3.000   31.37   -0.75    0.00    0.00    0.00
    269 0 2019 118  4.000   29.20   -2.73    0.00    0.00    0.00
    270 0 2019 118  5.000   33.33   -1.79    0.00    0.00    0.00
    271 0 2019 118  6.000   39.29   -1.47    0.00    0.00    0.00
    272 0 2019 118  7.000   48.75    1.77    0.00    0.00    0.00
    273 0 2019 118  8.000   53.26    0.27    0.00    0.00    0.00
    274 0 2019 118  9.000   58.52    0.18    0.00    0.00    0.00
    275 0 2019 118 10.000   60.38   -1.09    0.00    0.00    0.00
    276 0 2019 118 11.000   59.94   -0.90    0.00    0.00    0.00
    277 0 2019 118 12.000   56.79   -0.10    0.00    0.00    0.00
    278 0 2019 118 13.000   48.40   -2.69    0.00    0.00    0.00
    279 0 2019 118 14.000   39.48   -4.62    0.00    0.00    0.00
    280 0 2019 118 15.000   34.42   -1.95    0.00    0.00    0.00
    281 0 2019 118 16.000   28.19   -1.64    0.00    0.00    0.00
    282 0 2019 118 17.000   27.18    0.30    0.00    0.00    0.00
    283 0 2019 118 18.000   26.35   -1.43    0.00    0.00    0.00
    284 0 2019 118 19.000   28.54   -2.37    0.00    0.00    0.00
    285 0 2019 118 20.000   34.22   -0.99    0.00    0.00    0.00
    286 0 2019 118 21.000   40.71    0.30    0.00    0.00    0.00
    287 0 2019 118 22.000   46.03    0.75    0.00    0.00    0.00
    288 0 2019 118 23.000   47.08   -0.71    0.00    0.00    0.00
    289 0 2019 119  0.000   49.32    1.96    0.00    0.00    0.00
    290 0 2019 119  1.000   46.52    1.44    0.00    0.00    0.00
    291 0 2019 119  2.000   43.36    1.70    0.00    0.00    0.00
    292 0 2019 119  3.000   39.55    2.44    0.00    0.00    0.00
    293 0 2019 119  4.000   34.75    2.04    0.00    0.00    0.00
    294 0 2019 119  5.000   30.67   -0.35    0.00    0.00    0.00
    295 0 2019 119  6.000   35.53    2.27    0.00    0.00    0.00
    296 0 2019 119  7.000   39.32    1.05    0.00    0.00    0.00
    297 0 2019 119  8.000   43.40   -1.19    0.00    0.00    0.00
    298 0 2019 119  9.000   51.40   -0.32    0.00    0.00    0.00
    299 0 2019 119 10.000   58.02   -0.57    0.00    0.00    0.00
    300 0 2019 119 11.000   60.85   -1.92    0.00    0.00    0.00
    301 0 2019 119 12.000   62.00   -0.56    0.00    0.00    0.00
    302 1 2019 119 13.000 9999.99    0.00    0.00    0.00    0.00
    303 1 2019 119 14.000 9999.99    0.00    0.00    0.00    0.00
    304 1 2019 119 15.000 9999.99    0.00    0.00    0.00    0.00
    305 1 2019 119 16.000 9999.99    0.00    0.00    0.00    0.00
    306 1 2019 119 17.000 9999.99    0.00    0.00    0.00    0.00
    307 1 2019 119 18.000 9999.99    0.00    0.00    0.00    0.00
    308 1 2019 119 19.000 9999.99    0.00    0.00    0.00    0.00
    309 1 2019 119 20.000 9999.99    0.00    0.00    0.00    0.00
    310 1 2019 119 21.000 9999.99    0.00    0.00    0.00    0.00
    311 1 2019 119 22.000 9999.99    0.00    0.00    0.00    0.00
    312 1 2019 119 23.000 9999.99    0.00    0.00    0.00    0.00
    313 1 2019 120  0.000 9999.99    0.00    0.00    0.00    0.00
    314 1 2019 120  1.000 9999.99    0.00    0.00    0.00    0.00
    315 1 2019 120  2.000 9999.99    0.00    0.00    0.00    0.00
    316 1 2019 120  3.000 9999.99    0.00    0.00    0.00    0.00
    317 1 2019 120  4.000 9999.99    0.00    0.00    0.00    0.00
    318 1 2019 120  5.000 9999.99    0.00    0.00    0.00    0.00
    319 1 2019 120  6.000 9999.99    0.00    0.00    0.00    0.00
    320 1 2019 120  7.000 9999.99    0.00    0.00    0.00    0.00
    321 1 2019 120  8.000 9999.99    0.00    0.00    0.00    0.00
    322 1 2019 120  9.000 9999.99    0.00    0.00    0.00    0.00
    323 1 2019 120 10.000 9999.99    0.00    0.00    0.00    0.00
    324 1 2019 120 11.000 9999.99    0.00    0.00    0.00    0.00
    325 1 2019 120 12.000 9999.99    0.00    0.00    0.00    0.00
    326 1 2019 120 13.000 9999.99    0.00    0.00    0.00    0.00
    327 1 2019 120 14.000 9999.99    0.00    0.00    0.00    0.00
    328 1 2019 120 15.000 9999.99    0.00    0.00    0.00    0.00
    329 1 2019 120 16.000 9999.99    0.00    0.00    0.00    0.00
    330 1 2019 120 17.000 9999.99    0.00    0.00    0.00    0.00
    331 1 2019 120 18.000 9999.99    0.00    0.00    0.00    0.00
    332 1 2019 120 19.000 9999.99    0.00    0.00    0.00    0.00
    333 1 2019 120 20.000 9999.99    0.00    0.00    0.00    0.00
    334 1 2019 120 21.000 9999.99    0.00    0.00    0.00    0.00
    335 1 2019 120 22.000 9999.99    0.00    0.00    0.00    0.00
    336 1 2019 120 23.000 9999.99    0.00    0.00    0.00    0.00
    337 1 2019 121  0.000 9999.99    0.00    0.00    0.00    0.00
    338 1 2019 121  1.000 9999.99    0.00    0.00    0.00    0.00
    339 1 2019 121  2.000 9999.99    0.00    0.00    0.00    0.00
    340 1 2019 121  3.000 9999.99    0.00    0.00    0.00    0.00
    341 1 2019 121  4.000 9999.99    0.00    0.00    0.00    0.00
    342 1 2019 121  5.000 9999.99    0.00    0.00    0.00    0.00
    343 0 2019 121  6.000   23.81   -1.32    0.00    0.00    0.00
    344 0 2019 121  7.000   23.75    0.36    0.00    0.00    0.00
    345 0 2019 121  8.000   27.26   -0.23    0.00    0.00    0.00
    346 0 2019 121  9.000   35.81    0.19    0.00    0.00    0.00
    347 0 2019 121 10.000   47.12    1.19    0.00    0.00    0.00
    348 0 2019 121 11.000   57.28    0.60    0.00    0.00    0.00
    349 0 2019 121 12.000   68.42    3.31    0.00    0.00    0.00
    350 0 2019 121 13.000   69.77    1.70    0.00    0.00    0.00
    351 0 2019 121 14.000   68.07    3.84    0.00    0.00    0.00
    352 0 2019 121 15.000   53.76   -0.93    0.00    0.00    0.00
    353 0 2019 121 16.000   44.67    3.08    0.00    0.00    0.00
    354 0 2019 121 17.000   34.76    7.34    0.00    0.00    0.00
    355 0 2019 121 18.000   14.78   -0.87    0.00    0.00    0.00
    356 0 2019 121 19.000    9.49   -0.50    0.00    0.00    0.00
    357 0 2019 121 20.000   16.09    4.08    0.00    0.00    0.00
    358 0 2019 121 21.000   20.51    0.17    0.00    0.00    0.00
    359 0 2019 121 22.000   35.43    3.00    0.00    0.00    0.00
    360 0 2019 121 23.000   47.51    1.46    0.00    0.00    0.00
    361 0 2019 122  0.000   54.71   -3.83    0.00    0.00    0.00
    362 0 2019 122  1.000   69.12    2.70    0.00    0.00    0.00
    363 0 2019 122  2.000   67.06   -0.15    0.00    0.00    0.00
    364 0 2019 122  3.000   62.43    1.28    0.00    0.00    0.00
    365 0 2019 122  4.000   49.58   -0.90    0.00    0.00    0.00
    366 0 2019 122  5.000   37.74   -0.11    0.00    0.00    0.00
    367 0 2019 122  6.000   30.07    3.75    0.00    0.00    0.00
    368 0 2019 122  7.000   20.87    1.38    0.00    0.00    0.00
    369 0 2019 122  8.000   20.46    0.63    0.00    0.00    0.00
    370 0 2019 122  9.000   34.87    8.03    0.00    0.00    0.00
    371 0 2019 122 10.000   37.72   -0.12    0.00    0.00    0.00
    372 0 2019 122 11.000   54.08    3.92    0.00    0.00    0.00
    373 0 2019 122 12.000   61.44   -0.03    0.00    0.00    0.00
    374 0 2019 122 13.000   70.14    1.44    0.00    0.00    0.00
    375 0 2019 122 14.000   68.76    0.02    0.00    0.00    0.00
    376 0 2019 122 15.000   65.49    4.64    0.00    0.00    0.00
    377 0 2019 122 16.000   49.71    2.46    0.00    0.00    0.00
    378 0 2019 122 17.000   34.70    3.39    0.00    0.00    0.00
    379 0 2019 122 18.000   15.45   -0.93    0.00    0.00    0.00
    380 0 2019 122 19.000    9.49    3.28    0.00    0.00    0.00
    381 0 2019 122 20.000    3.77   -0.38    0.00    0.00    0.00
    382 0 2019 122 21.000   11.71    0.76    0.00    0.00    0.00
    383 0 2019 122 22.000   22.27   -1.80    0.00    0.00    0.00
    384 0 2019 122 23.000   38.08   -1.88    0.00    0.00    0.00
    385 1 2019 123  0.000 9999.99    0.00    0.00    0.00    0.00
    386 1 2019 123  1.000 9999.99    0.00    0.00    0.00    0.00
    387 0 2019 123  2.000   72.07   -2.05    0.00    0.00    0.00
    388 0 2019 123  3.000   70.68   -0.32    0.00    0.00    0.00
    389 0 2019 123  4.000   60.74    0.37    0.00    0.00    0.00
    390 0 2019 123  5.000   46.08    0.19    0.00    0.00    0.00
    391 0 2019 123  6.000   35.84    4.66    0.00    0.00    0.00
    392 0 2019 123  7.000   21.00    1.36    0.00    0.00    0.00
    393 0 2019 123  8.000   14.30   -0.46    0.00    0.00    0.00
    394 0 2019 123  9.000   18.67    0.27    0.00    0.00    0.00
    395 0 2019 123 10.000   24.03   -4.81    0.00    0.00    0.00
    396 0 2019 123 11.000   37.89   -4.36    0.00    0.00    0.00
    397 0 2019 123 12.000   50.87   -4.57    0.00    0.00    0.00
    398 0 2019 123 13.000   62.44   -3.48    0.00    0.00    0.00
    399 0 2019 123 14.000   65.59   -4.92    0.00    0.00    0.00
    400 0 2019 123 15.000   61.77   -4.59    0.00    0.00    0.00
    401 0 2019 123 16.000   49.88   -4.02    0.00    0.00    0.00
    402 0 2019 123 17.000   35.29   -1.62    0.00    0.00    0.00
    403 0 2019 123 18.000   19.82    0.12    0.00    0.00    0.00
    404 0 2019 123 19.000    5.20   -0.63    0.00    0.00    0.00
    405 0 2019 123 20.000   -0.11    0.98    0.00    0.00    0.00
    406 0 2019 123 21.000    1.08   -0.68    0.00    0.00    0.00
    407 0 2019 123 22.000   15.02    1.16    0.00    0.00    0.00
    408 0 2019 123 23.000   32.16    0.93    0.00    0.00    0.00
    409 0 2019 124  0.000   51.19    1.62    0.00    0.00    0.00
    410 0 2019 124  1.000   65.06   -0.82    0.00    0.00    0.00
    411 0 2019 124  2.000   76.07   -0.88    0.00    0.00    0.00
    412 0 2019 124  3.000   76.45   -2.63    0.00    0.00    0.00
    413 0 2019 124  4.000   71.04   -0.10    0.00    0.00    0.00
    414 0 2019 124  5.000   51.44   -4.79    0.00    0.00    0.00
    415 0 2019 124  6.000   34.89   -4.34    0.00    0.00    0.00
    416 1 2019 124  7.000 9999.99    0.00    0.00    0.00    0.00
    417 1 2019 124  8.000 9999.99    0.00    0.00    0.00    0.00
    418 0 2019 124  9.000    7.58   -4.59    0.00    0.00    0.00
    419 0 2019 124 10.000   16.84   -2.79    0.00    0.00    0.00
    420 0 2019 124 11.000   25.92   -7.11    0.00    0.00    0.00
    421 0 2019 124 12.000   42.42   -5.23    0.00    0.00    0.00
    422 0 2019 124 13.000   59.15   -1.22    0.00    0.00    0.00
    423 0 2019 124 14.000   68.75   -0.05    0.00    0.00    0.00
    424 0 2019 124 15.000   67.27   -2.38    0.00    0.00    0.00
    425 0 2019 124 16.000   59.58   -1.23    0.00    0.00    0.00
    426 0 2019 124 17.000   43.04   -1.38    0.00    0.00    0.00
    427 0 2019 124 18.000   24.39   -1.26    0.00    0.00    0.00
    428 0 2019 124 19.000    6.40   -2.59    0.00    0.00    0.00
    429 0 2019 124 20.000   -3.79   -1.52    0.00    0.00    0.00
    430 0 2019 124 21.000   -7.95   -3.17    0.00    0.00    0.00
    431 0 2019 124 22.000    4.82    1.38    0.00    0.00    0.00
    432 0 2019 124 23.000   20.24    0.04    0.00    0.00    0.00
    433 0 2019 125  0.000   41.96    1.67    0.00    0.00    0.00
    434 0 2019 125  1.000   61.49    2.10    0.00    0.00    0.00
    435 0 2019 125  2.000   75.79    1.08    0.00    0.00    0.00
    436 0 2019 125  3.000   83.14    0.31    0.00    0.00    0.00
    437 0 2019 125  4.000   82.31    1.94    0.00    0.00    0.00
    438 0 2019 125  5.000   71.17    3.36    0.00    0.00    0.00
    439 1 2019 125  6.000   39.42    0.00    0.00    0.00    0.00
    440 0 2019 125  7.000   36.77    4.74    0.00    0.00    0.00
    441 0 2019 125  8.000   22.27    4.57    0.00    0.00    0.00
    442 0 2019 125  9.000   13.06    2.90    0.00    0.00    0.00
    443 0 2019 125 10.000   19.32    7.12    0.00    0.00    0.00
    444 0 2019 125 11.000   28.30    5.17    0.00    0.00    0.00
    445 0 2019 125 12.000   45.11    6.87    0.00    0.00    0.00
    446 0 2019 125 13.000   60.46    7.75    0.00    0.00    0.00
    447 0 2019 125 14.000   71.40    7.48    0.00    0.00    0.00
    448 0 2019 125 15.000   74.28    4.83    0.00    0.00    0.00
    449 0 2019 125 16.000   70.45    4.39    0.00    0.00    0.00
    450 0 2019 125 17.000   55.36    2.35    0.00    0.00    0.00
    451 0 2019 125 18.000   36.20    1.92    0.00    0.00    0.00
    452 0 2019 125 19.000   15.50   -0.09    0.00    0.00    0.00
    453 0 2019 125 20.000   -1.30   -2.25    0.00    0.00    0.00
    454 0 2019 125 21.000   -6.59    0.12    0.00    0.00    0.00
    455 0 2019 125 22.000   -1.55    2.80    0.00    0.00    0.00
    456 0 2019 125 23.000   10.60    1.93    0.00    0.00    0.00
    457 0 2019 126  0.000   29.68    1.20    0.00    0.00    0.00
    458 0 2019 126  1.000   50.49    1.04    0.00    0.00    0.00
    459 0 2019 126  2.000   69.46    1.63    0.00    0.00    0.00
    460 0 2019 126  3.000   80.17   -0.79    0.00    0.00    0.00
    461 0 2019 126  4.000   84.72   -0.47    0.00    0.00    0.00
    462 0 2019 126  5.000   77.07   -1.05    0.00    0.00    0.00
    463 0 2019 126  6.000   58.71   -3.43    0.00    0.00    0.00
    464 0 2019 126  7.000   43.17    0.15    0.00    0.00    0.00
    465 0 2019 126  8.000   24.57   -1.08    0.00    0.00    0.00
    466 0 2019 126  9.000   12.77   -0.45    0.00    0.00    0.00
    467 0 2019 126 10.000    7.65   -1.26    0.00    0.00    0.00
    468 0 2019 126 11.000   17.77    3.20    0.00    0.00    0.00
    469 0 2019 126 12.000   27.95    0.15    0.00    0.00    0.00
    470 0 2019 126 13.000   44.83    1.65    0.00    0.00    0.00
    471 0 2019 126 14.000   57.59    1.09    0.00    0.00    0.00
    472 0 2019 126 15.000   69.07    3.49    0.00    0.00    0.00
    473 0 2019 126 16.000   70.01    2.23    0.00    0.00    0.00
    474 0 2019 126 17.000   65.59    5.17    0.00    0.00    0.00
    475 0 2019 126 18.000   50.21    5.65    0.00    0.00    0.00
    476 0 2019 126 19.000   30.09    4.70    0.00    0.00    0.00
    477 0 2019 126 20.000   13.64    5.35    0.00    0.00    0.00
    478 0 2019 126 21.000    5.24    8.72    0.00    0.00    0.00
    479 1 2019 126 22.000    3.26    0.00    0.00    0.00    0.00
    480 1 2019 126 23.000   11.37    0.00    0.00    0.00    0.00
    481 1 2019 127  0.000   27.59    0.00    0.00    0.00    0.00
    482 1 2019 127  1.000   47.77    0.00    0.00    0.00    0.00
    483 1 2019 127  2.000   68.71    0.00    0.00    0.00    0.00
    484 1 2019 127  3.000   85.24    0.00    0.00    0.00    0.00
    485 0 2019 127  4.000   91.09    7.12    0.00    0.00    0.00
    486 0 2019 127  5.000   89.80    5.71    0.00    0.00    0.00
    487 0 2019 127  6.000   79.46    6.10    0.00    0.00    0.00
    488 0 2019 127  7.000   58.22    2.53    0.00    0.00    0.00
    489 0 2019 127  8.000   38.77    1.94    0.00    0.00    0.00
    490 0 2019 127  9.000   21.44    0.50    0.00    0.00    0.00
    491 0 2019 127 10.000    7.31   -3.74    0.00    0.00    0.00
    492 0 2019 127 11.000    7.03   -2.98    0.00    0.00    0.00
    493 0 2019 127 12.000   15.14   -3.21    0.00    0.00    0.00
    494 0 2019 127 13.000   30.72   -1.67    0.00    0.00    0.00
    495 0 2019 127 14.000   42.77   -4.14    0.00    0.00    0.00
    496 0 2019 127 15.000   56.67   -1.89    0.00    0.00    0.00
    497 0 2019 127 16.000   61.78   -3.45    0.00    0.00    0.00
    498 0 2019 127 17.000   61.43   -2.75    0.00    0.00    0.00
    499 0 2019 127 18.000   48.30   -5.63    0.00    0.00    0.00
    500 0 2019 127 19.000   33.16   -3.95    0.00    0.00    0.00
    501 0 2019 127 20.000   13.81   -5.32    0.00    0.00    0.00
    502 0 2019 127 21.000   -1.62   -6.10    0.00    0.00    0.00
    503 0 2019 127 22.000  -10.09   -6.03    0.00    0.00    0.00
    504 0 2019 127 23.000   -6.85   -2.91    0.00    0.00    0.00
    505 0 2019 128  0.000    2.57   -3.60    0.00    0.00    0.00
    506 0 2019 128  1.000   19.01   -4.89    0.00    0.00    0.00
    507 0 2019 128  2.000   40.47   -3.74    0.00    0.00    0.00
    508 0 2019 128  3.000   57.11   -5.72    0.00    0.00    0.00
    509 0 2019 128  4.000   71.47   -5.56    0.00    0.00    0.00
    510 0 2019 128  5.000   77.01   -6.76    0.00    0.00    0.00
    511 0 2019 128  6.000   73.91   -6.46    0.00    0.00    0.00
    512 0 2019 128  7.000   63.82   -3.73    0.00    0.00    0.00
    513 0 2019 128  8.000   44.58   -5.24    0.00    0.00    0.00
    514 0 2019 128  9.000   27.57   -4.68    0.00    0.00    0.00
    515 0 2019 128 10.000   12.17   -6.22    0.00    0.00    0.00
    516 0 2019 128 11.000    5.29   -5.87    0.00    0.00    0.00
    517 0 2019 128 12.000    8.74   -4.00    0.00    0.00    0.00
    518 0 2019 128 13.000   17.94   -4.40    0.00    0.00    0.00
    519 0 2019 128 14.000   30.80   -5.06    0.00    0.00    0.00
    520 0 2019 128 15.000   43.63   -5.27    0.00    0.00    0.00
    521 0 2019 128 16.000   53.16   -5.53    0.00    0.00    0.00
    522 0 2019 128 17.000   54.86   -8.12    0.00    0.00    0.00
    523 0 2019 128 18.000   55.66   -3.79    0.00    0.00    0.00
    524 0 2019 128 19.000   42.82   -5.12    0.00    0.00    0.00
    525 0 2019 128 20.000   26.73   -5.19    0.00    0.00    0.00
    526 0 2019 128 21.000   14.45   -1.74    0.00    0.00    0.00
    527 0 2019 128 22.000    0.52   -3.83    0.00    0.00    0.00
    528 0 2019 128 23.000   -4.02   -2.92    0.00    0.00    0.00
    529 0 2019 129  0.000   -3.25   -5.16    0.00    0.00    0.00
    530 0 2019 129  1.000   11.33   -2.23    0.00    0.00    0.00
    531 0 2019 129  2.000   28.38   -2.48    0.00    0.00    0.00
    532 0 2019 129  3.000   47.04   -2.39    0.00    0.00    0.00
    533 0 2019 129  4.000   64.94   -0.86    0.00    0.00    0.00
    534 0 2019 129  5.000   75.79   -1.49    0.00    0.00    0.00
    535 0 2019 129  6.000   79.63   -1.38    0.00    0.00    0.00
    536 0 2019 129  7.000   75.79    0.41    0.00    0.00    0.00
    537 0 2019 129  8.000   62.67    0.54    0.00    0.00    0.00
    538 0 2019 129  9.000   45.74    0.20    0.00    0.00    0.00
    539 0 2019 129 10.000   30.46    0.67    0.00    0.00    0.00
    540 0 2019 129 11.000   14.85   -3.23    0.00    0.00    0.00
    541 0 2019 129 12.000   12.15   -0.89    0.00    0.00    0.00
    542 0 2019 129 13.000   17.46    1.49    0.00    0.00    0.00
    543 0 2019 129 14.000   21.75   -3.60    0.00    0.00    0.00
    544 0 2019 129 15.000   38.42    0.93    0.00    0.00    0.00
    545 0 2019 129 16.000   48.38   -0.45    0.00    0.00    0.00
    546 0 2019 129 17.000   59.32    2.47    0.00    0.00    0.00
    547 0 2019 129 18.000   58.27   -1.06    0.00    0.00    0.00
    548 0 2019 129 19.000   56.44    1.77    0.00    0.00    0.00
    549 0 2019 129 20.000   41.44   -2.25    0.00    0.00    0.00
    550 0 2019 129 21.000   30.73    0.98    0.00    0.00    0.00
    551 0 2019 129 22.000   17.28    0.53    0.00    0.00    0.00
    552 0 2019 129 23.000    7.82    0.18    0.00    0.00    0.00
    553 0 2019 130  0.000    7.18    2.59    0.00    0.00    0.00
    554 0 2019 130  1.000   13.94    4.93    0.00    0.00    0.00
    555 0 2019 130  2.000   20.85    0.46    0.00    0.00    0.00
    556 0 2019 130  3.000   38.82    2.86    0.00    0.00    0.00
    557 0 2019 130  4.000   55.70    3.51    0.00    0.00    0.00
    558 0 2019 130  5.000   68.64    2.51    0.00    0.00    0.00
    559 0 2019 130  6.000   80.85    5.72    0.00    0.00    0.00
    560 0 2019 130  7.000   82.61    5.75    0.00    0.00    0.00
    561 0 2019 130  8.000   75.11    4.52    0.00    0.00    0.00
    562 0 2019 130  9.000   61.61    3.37    0.00    0.00    0.00
    563 0 2019 130 10.000   47.00    3.60    0.00    0.00    0.00
    564 0 2019 130 11.000   33.53    3.97    0.00    0.00    0.00
    565 0 2019 130 12.000   26.52    6.96    0.00    0.00    0.00
    566 0 2019 130 13.000   21.07    5.48    0.00    0.00    0.00
    567 0 2019 130 14.000   25.54    7.16    0.00    0.00    0.00
    568 0 2019 130 15.000   33.74    7.29    0.00    0.00    0.00
    569 0 2019 130 16.000   43.38    6.53    0.00    0.00    0.00
    570 0 2019 130 17.000   54.41    7.79    0.00    0.00    0.00
    571 0 2019 130 18.000   61.63    8.24    0.00    0.00    0.00
    572 0 2019 130 19.000   60.25    5.04    0.00    0.00    0.00
    573 0 2019 130 20.000   56.03    4.92    0.00    0.00    0.00
    574 0 2019 130 21.000   48.14    6.04    0.00    0.00    0.00
    575 0 2019 130 22.000   34.30    3.36    0.00    0.00    0.00
    576 0 2019 130 23.000   24.79    4.14    0.00    0.00    0.00
    577 0 2019 131  0.000   16.10    2.45    0.00    0.00    0.00
    578 0 2019 131  1.000   13.89    2.19    0.00    0.00    0.00
    579 0 2019 131  2.000   19.58    3.77    0.00    0.00    0.00
    580 0 2019 131  3.000   29.94    4.44    0.00    0.00    0.00
    581 0 2019 131  4.000   39.67    1.04    0.00    0.00    0.00
    582 0 2019 131  5.000   52.29   -0.13    0.00    0.00    0.00
    583 0 2019 131  6.000   61.98   -2.22    0.00    0.00    0.00
    584 0 2019 131  7.000   66.44   -5.17    0.00    0.00    0.00
    585 0 2019 131  8.000   71.06   -1.71    0.00    0.00    0.00
    586 0 2019 131  9.000   64.12   -3.10    0.00    0.00    0.00
    587 0 2019 131 10.000   53.31   -3.21    0.00    0.00    0.00
    588 0 2019 131 11.000   43.34   -0.17    0.00    0.00    0.00
    589 0 2019 131 12.000   28.42   -2.67    0.00    0.00    0.00
    590 0 2019 131 13.000   21.89    0.16    0.00    0.00    0.00
    591 0 2019 131 14.000   15.22   -2.15    0.00    0.00    0.00
    592 0 2019 131 15.000   16.48   -2.33    0.00    0.00    0.00
    593 0 2019 131 16.000   23.09   -1.98    0.00    0.00    0.00
    594 0 2019 131 17.000   34.68    0.81    0.00    0.00    0.00
    595 0 2019 131 18.000   41.76   -0.89    0.00    0.00    0.00
    596 0 2019 131 19.000   48.18   -1.09    0.00    0.00    0.00
    597 0 2019 131 20.000   49.80   -2.19    0.00    0.00    0.00
    598 0 2019 131 21.000   49.95    0.02    0.00    0.00    0.00
    599 0 2019 131 22.000   45.35    1.61    0.00    0.00    0.00
    600 0 2019 131 23.000   37.33    1.93    0.00    0.00    0.00
    601 0 2019 132  0.000   29.09    1.89    0.00    0.00    0.00
    602 0 2019 132  1.000   23.83    2.78    0.00    0.00    0.00
    603 0 2019 132  2.000   20.73    2.17    0.00    0.00    0.00
    604 0 2019 132  3.000   23.06    2.15    0.00    0.00    0.00
    605 0 2019 132  4.000   30.88    2.75    0.00    0.00    0.00
    606 0 2019 132  5.000   39.62    0.88    0.00    0.00    0.00
    607 0 2019 132  6.000   53.04    2.57    0.00    0.00    0.00
    608 0 2019 132  7.000   61.95    0.94    0.00    0.00    0.00
    609 0 2019 132  8.000   70.87    2.71    0.00    0.00    0.00
    610 0 2019 132  9.000   72.33    2.27    0.00    0.00    0.00
    611 0 2019 132 10.000   66.72    0.71    0.00    0.00    0.00
    612 0 2019 132 11.000   57.46    0.42    0.00    0.00    0.00
    613 0 2019 132 12.000   47.38    2.07    0.00    0.00    0.00
    614 0 2019 132 13.000   35.88    2.69    0.00    0.00    0.00
    615 0 2019 132 14.000   26.13    3.10    0.00    0.00    0.00
    616 0 2019 132 15.000   17.27    0.20    0.00    0.00    0.00
    617 0 2019 132 16.000   17.06    0.45    0.00    0.00    0.00
    618 0 2019 132 17.000   22.06    0.84    0.00    0.00    0.00
    619 0 2019 132 18.000   29.39    0.29    0.00    0.00    0.00
    620 0 2019 132 19.000   37.08   -0.98    0.00    0.00    0.00
    621 0 2019 132 20.000   42.76   -3.28    0.00    0.00    0.00
    622 0 2019 132 21.000   49.44   -1.65    0.00    0.00    0.00
    623 0 2019 132 22.000   51.35   -0.55    0.00    0.00    0.00
