



















      1 1 2014 269  0.000 9999.99    0.00    0.00    0.00    0.00
      2 0 2014 269  1.000   95.40    0.00    0.00    0.00    0.00
      3 0 2014 269  2.000  114.50    0.00    0.00    0.00    0.00
      4 0 2014 269  3.000  126.90    0.00    0.00    0.00    0.00
      5 0 2014 269  4.000  124.80    0.00    0.00    0.00    0.00
      6 0 2014 269  5.000  114.60    0.00    0.00    0.00    0.00
      7 0 2014 269  6.000   92.40    0.00    0.00    0.00    0.00
      8 0 2014 269  7.000   70.30    0.00    0.00    0.00    0.00
      9 0 2014 269  8.000   44.20    0.00    0.00    0.00    0.00
     10 0 2014 269  9.000   32.20    0.00    0.00    0.00    0.00
     11 0 2014 269 10.000   33.20    0.00    0.00    0.00    0.00
     12 0 2014 269 11.000   40.30    0.00    0.00    0.00    0.00
     13 0 2014 269 12.000   59.40    0.00    0.00    0.00    0.00
     14 0 2014 269 13.000   82.20    0.00    0.00    0.00    0.00
     15 0 2014 269 14.000  107.00    0.00    0.00    0.00    0.00
     16 0 2014 269 15.000  121.60    0.00    0.00    0.00    0.00
     17 0 2014 269 16.000  129.80    0.00    0.00    0.00    0.00
     18 0 2014 269 17.000  120.50    0.00    0.00    0.00    0.00
     19 0 2014 269 18.000  104.40    0.00    0.00    0.00    0.00
     20 0 2014 269 19.000   81.00    0.00    0.00    0.00    0.00
     21 0 2014 269 20.000   57.90    0.00    0.00    0.00    0.00
     22 0 2014 269 21.000   40.10    0.00    0.00    0.00    0.00
     23 0 2014 269 22.000   36.30    0.00    0.00    0.00    0.00
     24 0 2014 269 23.000   36.70    0.00    0.00    0.00    0.00
     25 0 2014 270  0.000   55.40    0.00    0.00    0.00    0.00
     26 0 2014 270  1.000   78.60    0.00    0.00    0.00    0.00
     27 0 2014 270  2.000  101.10    0.00    0.00    0.00    0.00
     28 0 2014 270  3.000  113.60    0.00    0.00    0.00    0.00
     29 0 2014 270  4.000  120.90    0.00    0.00    0.00    0.00
     30 0 2014 270  5.000  113.60    0.00    0.00    0.00    0.00
     31 0 2014 270  6.000   97.90    0.00    0.00    0.00    0.00
     32 0 2014 270  7.000   74.20    0.00    0.00    0.00    0.00
     33 0 2014 270  8.000   50.80    0.00    0.00    0.00    0.00
     34 0 2014 270  9.000   34.80    0.00    0.00    0.00    0.00
     35 0 2014 270 10.000   28.00    0.00    0.00    0.00    0.00
     36 0 2014 270 11.000   28.70    0.00    0.00    0.00    0.00
     37 0 2014 270 12.000   45.50    0.00    0.00    0.00    0.00
     38 0 2014 270 13.000   68.10    0.00    0.00    0.00    0.00
     39 0 2014 270 14.000   93.20    0.00    0.00    0.00    0.00
     40 0 2014 270 15.000  116.20    0.00    0.00    0.00    0.00
     41 0 2014 270 16.000  125.70    0.00    0.00    0.00    0.00
     42 0 2014 270 17.000  126.60    0.00    0.00    0.00    0.00
     43 0 2014 270 18.000  115.60    0.00    0.00    0.00    0.00
     44 0 2014 270 19.000   96.50    0.00    0.00    0.00    0.00
     45 0 2014 270 20.000   74.40    0.00    0.00    0.00    0.00
     46 0 2014 270 21.000   54.50    0.00    0.00    0.00    0.00
     47 0 2014 270 22.000   43.20    0.00    0.00    0.00    0.00
     48 0 2014 270 23.000   38.90    0.00    0.00    0.00    0.00
     49 0 2014 271  0.000   48.90    0.00    0.00    0.00    0.00
     50 0 2014 271  1.000   62.80    0.00    0.00    0.00    0.00
     51 0 2014 271  2.000   87.30    0.00    0.00    0.00    0.00
     52 0 2014 271  3.000  100.60    0.00    0.00    0.00    0.00
     53 0 2014 271  4.000  115.70    0.00    0.00    0.00    0.00
     54 0 2014 271  5.000  114.70    0.00    0.00    0.00    0.00
     55 0 2014 271  6.000  105.60    0.00    0.00    0.00    0.00
     56 0 2014 271  7.000   89.30    0.00    0.00    0.00    0.00
     57 0 2014 271  8.000   63.90    0.00    0.00    0.00    0.00
     58 0 2014 271  9.000   46.80    0.00    0.00    0.00    0.00
     59 0 2014 271 10.000   32.90    0.00    0.00    0.00    0.00
     60 0 2014 271 11.000   30.30    0.00    0.00    0.00    0.00
     61 0 2014 271 12.000   32.20    0.00    0.00    0.00    0.00
     62 0 2014 271 13.000   50.00    0.00    0.00    0.00    0.00
     63 0 2014 271 14.000   76.20    0.00    0.00    0.00    0.00
     64 0 2014 271 15.000  100.50    0.00    0.00    0.00    0.00
     65 0 2014 271 16.000  114.60    0.00    0.00    0.00    0.00
     66 0 2014 271 17.000  120.50    0.00    0.00    0.00    0.00
     67 0 2014 271 18.000  119.30    0.00    0.00    0.00    0.00
     68 0 2014 271 19.000  101.50    0.00    0.00    0.00    0.00
     69 0 2014 271 20.000   86.00    0.00    0.00    0.00    0.00
     70 0 2014 271 21.000   63.40    0.00    0.00    0.00    0.00
     71 0 2014 271 22.000   51.30    0.00    0.00    0.00    0.00
     72 0 2014 271 23.000   40.60    0.00    0.00    0.00    0.00
     73 0 2014 272  0.000   42.90    0.00    0.00    0.00    0.00
     74 0 2014 272  1.000   51.40    0.00    0.00    0.00    0.00
     75 0 2014 272  2.000   72.20    0.00    0.00    0.00    0.00
     76 0 2014 272  3.000   88.80    0.00    0.00    0.00    0.00
     77 0 2014 272  4.000  104.10    0.00    0.00    0.00    0.00
     78 0 2014 272  5.000  109.20    0.00    0.00    0.00    0.00
     79 0 2014 272  6.000  108.00    0.00    0.00    0.00    0.00
     80 0 2014 272  7.000   97.80    0.00    0.00    0.00    0.00
     81 0 2014 272  8.000   76.00    0.00    0.00    0.00    0.00
     82 0 2014 272  9.000   58.50    0.00    0.00    0.00    0.00
     83 0 2014 272 10.000   39.00    0.00    0.00    0.00    0.00
     84 0 2014 272 11.000   31.90    0.00    0.00    0.00    0.00
     85 0 2014 272 12.000   30.20    0.00    0.00    0.00    0.00
     86 0 2014 272 13.000   38.80    0.00    0.00    0.00    0.00
     87 0 2014 272 14.000   58.20    0.00    0.00    0.00    0.00
     88 0 2014 272 15.000   79.30    0.00    0.00    0.00    0.00
     89 0 2014 272 16.000  101.00    0.00    0.00    0.00    0.00
     90 0 2014 272 17.000  111.20    0.00    0.00    0.00    0.00
     91 0 2014 272 18.000  116.60    0.00    0.00    0.00    0.00
     92 0 2014 272 19.000  110.30    0.00    0.00    0.00    0.00
     93 0 2014 272 20.000   93.90    0.00    0.00    0.00    0.00
     94 0 2014 272 21.000   77.80    0.00    0.00    0.00    0.00
     95 0 2014 272 22.000   61.30    0.00    0.00    0.00    0.00
     96 0 2014 272 23.000   49.20    0.00    0.00    0.00    0.00
     97 0 2014 273  0.000   41.80    0.00    0.00    0.00    0.00
     98 0 2014 273  1.000   45.30    0.00    0.00    0.00    0.00
     99 0 2014 273  2.000   57.00    0.00    0.00    0.00    0.00
    100 0 2014 273  3.000   74.80    0.00    0.00    0.00    0.00
    101 0 2014 273  4.000   90.90    0.00    0.00    0.00    0.00
    102 0 2014 273  5.000  101.70    0.00    0.00    0.00    0.00
    103 0 2014 273  6.000  105.60    0.00    0.00    0.00    0.00
    104 0 2014 273  7.000  100.70    0.00    0.00    0.00    0.00
    105 0 2014 273  8.000   87.90    0.00    0.00    0.00    0.00
    106 0 2014 273  9.000   74.30    0.00    0.00    0.00    0.00
    107 0 2014 273 10.000   56.20    0.00    0.00    0.00    0.00
    108 0 2014 273 11.000   46.40    0.00    0.00    0.00    0.00
    109 0 2014 273 12.000   38.70    0.00    0.00    0.00    0.00
    110 0 2014 273 13.000   37.80    0.00    0.00    0.00    0.00
    111 0 2014 273 14.000   47.20    0.00    0.00    0.00    0.00
    112 0 2014 273 15.000   64.00    0.00    0.00    0.00    0.00
    113 0 2014 273 16.000   82.70    0.00    0.00    0.00    0.00
    114 0 2014 273 17.000   97.30    0.00    0.00    0.00    0.00
    115 0 2014 273 18.000  109.10    0.00    0.00    0.00    0.00
    116 0 2014 273 19.000  112.40    0.00    0.00    0.00    0.00
    117 0 2014 273 20.000  105.60    0.00    0.00    0.00    0.00
    118 0 2014 273 21.000   94.20    0.00    0.00    0.00    0.00
    119 0 2014 273 22.000   75.70    0.00    0.00    0.00    0.00
    120 0 2014 273 23.000   59.40    0.00    0.00    0.00    0.00
    121 0 2014 274  0.000   50.90    0.00    0.00    0.00    0.00
    122 0 2014 274  1.000   46.50    0.00    0.00    0.00    0.00
    123 0 2014 274  2.000   49.00    0.00    0.00    0.00    0.00
    124 0 2014 274  3.000   57.30    0.00    0.00    0.00    0.00
    125 0 2014 274  4.000   69.80    0.00    0.00    0.00    0.00
    126 0 2014 274  5.000   84.00    0.00    0.00    0.00    0.00
    127 0 2014 274  6.000   91.00    0.00    0.00    0.00    0.00
    128 0 2014 274  7.000   98.00    0.00    0.00    0.00    0.00
    129 0 2014 274  8.000   92.20    0.00    0.00    0.00    0.00
    130 0 2014 274  9.000   85.00    0.00    0.00    0.00    0.00
    131 0 2014 274 10.000   73.60    0.00    0.00    0.00    0.00
    132 0 2014 274 11.000   57.80    0.00    0.00    0.00    0.00
    133 0 2014 274 12.000   51.90    0.00    0.00    0.00    0.00
    134 0 2014 274 13.000   46.30    0.00    0.00    0.00    0.00
    135 0 2014 274 14.000   45.70    0.00    0.00    0.00    0.00
    136 0 2014 274 15.000   52.90    0.00    0.00    0.00    0.00
    137 0 2014 274 16.000   66.30    0.00    0.00    0.00    0.00
    138 0 2014 274 17.000   81.00    0.00    0.00    0.00    0.00
    139 0 2014 274 18.000   94.80    0.00    0.00    0.00    0.00
    140 0 2014 274 19.000  105.50    0.00    0.00    0.00    0.00
    141 0 2014 274 20.000  107.00    0.00    0.00    0.00    0.00
    142 0 2014 274 21.000  101.80    0.00    0.00    0.00    0.00
    143 0 2014 274 22.000   94.80    0.00    0.00    0.00    0.00
    144 0 2014 274 23.000   79.40    0.00    0.00    0.00    0.00
    145 0 2014 275  0.000   68.70    0.00    0.00    0.00    0.00
    146 0 2014 275  1.000   58.00    0.00    0.00    0.00    0.00
    147 0 2014 275  2.000   54.20    0.00    0.00    0.00    0.00
    148 0 2014 275  3.000   55.80    0.00    0.00    0.00    0.00
    149 0 2014 275  4.000   62.00    0.00    0.00    0.00    0.00
    150 0 2014 275  5.000   71.20    0.00    0.00    0.00    0.00
    151 0 2014 275  6.000   80.20    0.00    0.00    0.00    0.00
    152 0 2014 275  7.000   87.20    0.00    0.00    0.00    0.00
    153 0 2014 275  8.000   91.90    0.00    0.00    0.00    0.00
    154 0 2014 275  9.000   91.30    0.00    0.00    0.00    0.00
    155 0 2014 275 10.000   86.00    0.00    0.00    0.00    0.00
    156 0 2014 275 11.000   77.40    0.00    0.00    0.00    0.00
    157 0 2014 275 12.000   68.90    0.00    0.00    0.00    0.00
    158 0 2014 275 13.000   57.10    0.00    0.00    0.00    0.00
    159 0 2014 275 14.000   53.60    0.00    0.00    0.00    0.00
    160 0 2014 275 15.000   52.10    0.00    0.00    0.00    0.00
    161 0 2014 275 16.000   54.90    0.00    0.00    0.00    0.00
    162 0 2014 275 17.000   65.60    0.00    0.00    0.00    0.00
    163 0 2014 275 18.000   78.20    0.00    0.00    0.00    0.00
    164 0 2014 275 19.000   91.10    0.00    0.00    0.00    0.00
    165 0 2014 275 20.000   99.30    0.00    0.00    0.00    0.00
    166 0 2014 275 21.000  104.10    0.00    0.00    0.00    0.00
    167 0 2014 275 22.000  106.70    0.00    0.00    0.00    0.00
    168 0 2014 275 23.000   99.60    0.00    0.00    0.00    0.00
    169 0 2014 276  0.000   88.40    0.00    0.00    0.00    0.00
    170 0 2014 276  1.000   74.80    0.00    0.00    0.00    0.00
    171 0 2014 276  2.000   69.70    0.00    0.00    0.00    0.00
    172 0 2014 276  3.000   58.50    0.00    0.00    0.00    0.00
    173 0 2014 276  4.000   55.80    0.00    0.00    0.00    0.00
    174 0 2014 276  5.000   55.90    0.00    0.00    0.00    0.00
    175 0 2014 276  6.000   67.70    0.00    0.00    0.00    0.00
    176 0 2014 276  7.000   75.60    0.00    0.00    0.00    0.00
    177 0 2014 276  8.000   83.20    0.00    0.00    0.00    0.00
    178 0 2014 276  9.000   90.70    0.00    0.00    0.00    0.00
    179 0 2014 276 10.000   93.40    0.00    0.00    0.00    0.00
    180 0 2014 276 11.000   93.00    0.00    0.00    0.00    0.00
    181 0 2014 276 12.000   83.20    0.00    0.00    0.00    0.00
    182 0 2014 276 13.000   76.30    0.00    0.00    0.00    0.00
    183 0 2014 276 14.000   63.30    0.00    0.00    0.00    0.00
    184 0 2014 276 15.000   58.00    0.00    0.00    0.00    0.00
    185 0 2014 276 16.000   51.70    0.00    0.00    0.00    0.00
    186 0 2014 276 17.000   51.70    0.00    0.00    0.00    0.00
    187 0 2014 276 18.000   60.50    0.00    0.00    0.00    0.00
    188 0 2014 276 19.000   72.30    0.00    0.00    0.00    0.00
    189 0 2014 276 20.000   86.30    0.00    0.00    0.00    0.00
    190 0 2014 276 21.000   97.00    0.00    0.00    0.00    0.00
    191 0 2014 276 22.000  107.80    0.00    0.00    0.00    0.00
    192 0 2014 276 23.000  105.70    0.00    0.00    0.00    0.00
    193 0 2014 277  0.000   93.80    0.00    0.00    0.00    0.00
    194 0 2014 277  1.000   93.90    0.00    0.00    0.00    0.00
    195 0 2014 277  2.000   78.70    0.00    0.00    0.00    0.00
    196 0 2014 277  3.000   63.80    0.00    0.00    0.00    0.00
    197 0 2014 277  4.000   52.50    0.00    0.00    0.00    0.00
    198 0 2014 277  5.000   45.70    0.00    0.00    0.00    0.00
    199 0 2014 277  6.000   49.10    0.00    0.00    0.00    0.00
    200 0 2014 277  7.000   52.60    0.00    0.00    0.00    0.00
    201 0 2014 277  8.000   64.70    0.00    0.00    0.00    0.00
    202 0 2014 277  9.000   80.30    0.00    0.00    0.00    0.00
    203 0 2014 277 10.000   92.60    0.00    0.00    0.00    0.00
    204 0 2014 277 11.000  100.40    0.00    0.00    0.00    0.00
    205 0 2014 277 12.000   96.50    0.00    0.00    0.00    0.00
    206 0 2014 277 13.000   90.20    0.00    0.00    0.00    0.00
    207 0 2014 277 14.000   79.00    0.00    0.00    0.00    0.00
    208 0 2014 277 15.000   66.10    0.00    0.00    0.00    0.00
    209 0 2014 277 16.000   48.90    0.00    0.00    0.00    0.00
    210 0 2014 277 17.000   44.50    0.00    0.00    0.00    0.00
    211 0 2014 277 18.000   44.00    0.00    0.00    0.00    0.00
    212 0 2014 277 19.000   50.70    0.00    0.00    0.00    0.00
    213 0 2014 277 20.000   67.40    0.00    0.00    0.00    0.00
    214 0 2014 277 21.000   79.30    0.00    0.00    0.00    0.00
    215 0 2014 277 22.000   96.70    0.00    0.00    0.00    0.00
    216 0 2014 277 23.000  110.10    0.00    0.00    0.00    0.00
    217 0 2014 278  0.000  112.30    0.00    0.00    0.00    0.00
    218 0 2014 278  1.000  104.60    0.00    0.00    0.00    0.00
    219 0 2014 278  2.000   96.30    0.00    0.00    0.00    0.00
    220 0 2014 278  3.000   79.10    0.00    0.00    0.00    0.00
    221 0 2014 278  4.000   64.50    0.00    0.00    0.00    0.00
    222 0 2014 278  5.000   47.70    0.00    0.00    0.00    0.00
    223 0 2014 278  6.000   35.90    0.00    0.00    0.00    0.00
    224 0 2014 278  7.000   40.60    0.00    0.00    0.00    0.00
    225 0 2014 278  8.000   50.60    0.00    0.00    0.00    0.00
    226 0 2014 278  9.000   65.10    0.00    0.00    0.00    0.00
    227 0 2014 278 10.000   85.20    0.00    0.00    0.00    0.00
    228 0 2014 278 11.000  100.30    0.00    0.00    0.00    0.00
    229 0 2014 278 12.000  111.80    0.00    0.00    0.00    0.00
    230 0 2014 278 13.000  109.30    0.00    0.00    0.00    0.00
    231 0 2014 278 14.000  100.90    0.00    0.00    0.00    0.00
    232 0 2014 278 15.000   84.40    0.00    0.00    0.00    0.00
    233 0 2014 278 16.000   69.30    0.00    0.00    0.00    0.00
    234 0 2014 278 17.000   51.60    0.00    0.00    0.00    0.00
    235 0 2014 278 18.000   41.80    0.00    0.00    0.00    0.00
    236 0 2014 278 19.000   38.90    0.00    0.00    0.00    0.00
    237 0 2014 278 20.000   46.00    0.00    0.00    0.00    0.00
    238 0 2014 278 21.000   61.40    0.00    0.00    0.00    0.00
    239 0 2014 278 22.000   84.00    0.00    0.00    0.00    0.00
    240 0 2014 278 23.000  102.50    0.00    0.00    0.00    0.00
    241 0 2014 279  0.000  119.50    0.00    0.00    0.00    0.00
    242 0 2014 279  1.000  121.30    0.00    0.00    0.00    0.00
    243 0 2014 279  2.000  109.40    0.00    0.00    0.00    0.00
    244 0 2014 279  3.000   90.80    0.00    0.00    0.00    0.00
    245 0 2014 279  4.000   71.40    0.00    0.00    0.00    0.00
    246 0 2014 279  5.000   47.10    0.00    0.00    0.00    0.00
    247 0 2014 279  6.000   33.70    0.00    0.00    0.00    0.00
    248 0 2014 279  7.000   21.90    0.00    0.00    0.00    0.00
    249 0 2014 279  8.000   30.00    0.00    0.00    0.00    0.00
    250 0 2014 279  9.000   46.10    0.00    0.00    0.00    0.00
    251 0 2014 279 10.000   67.10    0.00    0.00    0.00    0.00
    252 0 2014 279 11.000   89.50    0.00    0.00    0.00    0.00
    253 0 2014 279 12.000  110.60    0.00    0.00    0.00    0.00
    254 0 2014 279 13.000  121.60    0.00    0.00    0.00    0.00
    255 0 2014 279 14.000  115.40    0.00    0.00    0.00    0.00
    256 0 2014 279 15.000  105.80    0.00    0.00    0.00    0.00
    257 0 2014 279 16.000   86.80    0.00    0.00    0.00    0.00
    258 0 2014 279 17.000   62.70    0.00    0.00    0.00    0.00
    259 0 2014 279 18.000   44.50    0.00    0.00    0.00    0.00
    260 0 2014 279 19.000   28.00    0.00    0.00    0.00    0.00
    261 0 2014 279 20.000   29.50    0.00    0.00    0.00    0.00
    262 0 2014 279 21.000   40.00    0.00    0.00    0.00    0.00
    263 0 2014 279 22.000   66.10    0.00    0.00    0.00    0.00
    264 0 2014 279 23.000   85.30    0.00    0.00    0.00    0.00
    265 0 2014 280  0.000  108.30    0.00    0.00    0.00    0.00
    266 0 2014 280  1.000  124.60    0.00    0.00    0.00    0.00
    267 0 2014 280  2.000  122.60    0.00    0.00    0.00    0.00
    268 0 2014 280  3.000  115.80    0.00    0.00    0.00    0.00
    269 0 2014 280  4.000   91.60    0.00    0.00    0.00    0.00
    270 0 2014 280  5.000   65.70    0.00    0.00    0.00    0.00
    271 0 2014 280  6.000   43.30    0.00    0.00    0.00    0.00
    272 0 2014 280  7.000   28.60    0.00    0.00    0.00    0.00
    273 0 2014 280  8.000   22.20    0.00    0.00    0.00    0.00
    274 0 2014 280  9.000   28.40    0.00    0.00    0.00    0.00
    275 0 2014 280 10.000   51.10    0.00    0.00    0.00    0.00
    276 0 2014 280 11.000   80.10    0.00    0.00    0.00    0.00
    277 0 2014 280 12.000  103.50    0.00    0.00    0.00    0.00
    278 0 2014 280 13.000  125.20    0.00    0.00    0.00    0.00
    279 0 2014 280 14.000  128.80    0.00    0.00    0.00    0.00
    280 0 2014 280 15.000  123.80    0.00    0.00    0.00    0.00
    281 0 2014 280 16.000  105.90    0.00    0.00    0.00    0.00
    282 0 2014 280 17.000   82.30    0.00    0.00    0.00    0.00
    283 0 2014 280 18.000   55.60    0.00    0.00    0.00    0.00
    284 0 2014 280 19.000   39.40    0.00    0.00    0.00    0.00
    285 0 2014 280 20.000   26.80    0.00    0.00    0.00    0.00
    286 0 2014 280 21.000   28.10    0.00    0.00    0.00    0.00
    287 0 2014 280 22.000   45.30    0.00    0.00    0.00    0.00
    288 0 2014 280 23.000   72.90    0.00    0.00    0.00    0.00
    289 0 2014 281  0.000   95.70    0.00    0.00    0.00    0.00
    290 0 2014 281  1.000  117.80    0.00    0.00    0.00    0.00
    291 0 2014 281  2.000  132.40    0.00    0.00    0.00    0.00
    292 0 2014 281  3.000  129.60    0.00    0.00    0.00    0.00
    293 0 2014 281  4.000  112.00    0.00    0.00    0.00    0.00
    294 0 2014 281  5.000   85.10    0.00    0.00    0.00    0.00
    295 0 2014 281  6.000   57.80    0.00    0.00    0.00    0.00
    296 0 2014 281  7.000   30.00    0.00    0.00    0.00    0.00
    297 0 2014 281  8.000   18.80    0.00    0.00    0.00    0.00
    298 0 2014 281  9.000   18.30    0.00    0.00    0.00    0.00
    299 0 2014 281 10.000   31.40    0.00    0.00    0.00    0.00
    300 0 2014 281 11.000   61.70    0.00    0.00    0.00    0.00
    301 0 2014 281 12.000   91.80    0.00    0.00    0.00    0.00
    302 0 2014 281 13.000  116.20    0.00    0.00    0.00    0.00
    303 0 2014 281 14.000  132.50    0.00    0.00    0.00    0.00
    304 0 2014 281 15.000  138.80    0.00    0.00    0.00    0.00
    305 0 2014 281 16.000  127.10    0.00    0.00    0.00    0.00
    306 0 2014 281 17.000  104.30    0.00    0.00    0.00    0.00
    307 0 2014 281 18.000   77.50    0.00    0.00    0.00    0.00
    308 0 2014 281 19.000   51.80    0.00    0.00    0.00    0.00
    309 0 2014 281 20.000   30.10    0.00    0.00    0.00    0.00
    310 0 2014 281 21.000   27.50    0.00    0.00    0.00    0.00
    311 0 2014 281 22.000   31.50    0.00    0.00    0.00    0.00
    312 0 2014 281 23.000   54.10    0.00    0.00    0.00    0.00
    313 0 2014 282  0.000   81.80    0.00    0.00    0.00    0.00
    314 0 2014 282  1.000  108.80    0.00    0.00    0.00    0.00
    315 0 2014 282  2.000  128.00    0.00    0.00    0.00    0.00
    316 0 2014 282  3.000  135.20    0.00    0.00    0.00    0.00
    317 0 2014 282  4.000  128.90    0.00    0.00    0.00    0.00
    318 0 2014 282  5.000  107.80    0.00    0.00    0.00    0.00
    319 0 2014 282  6.000   78.70    0.00    0.00    0.00    0.00
    320 0 2014 282  7.000   50.50    0.00    0.00    0.00    0.00
    321 0 2014 282  8.000   31.00    0.00    0.00    0.00    0.00
    322 0 2014 282  9.000   23.50    0.00    0.00    0.00    0.00
    323 0 2014 282 10.000   27.90    0.00    0.00    0.00    0.00
    324 0 2014 282 11.000   46.40    0.00    0.00    0.00    0.00
    325 0 2014 282 12.000   76.60    0.00    0.00    0.00    0.00
    326 0 2014 282 13.000  104.40    0.00    0.00    0.00    0.00
    327 0 2014 282 14.000  127.80    0.00    0.00    0.00    0.00
    328 0 2014 282 15.000  144.30    0.00    0.00    0.00    0.00
    329 0 2014 282 16.000  143.50    0.00    0.00    0.00    0.00
    330 0 2014 282 17.000  127.00    0.00    0.00    0.00    0.00
    331 0 2014 282 18.000  103.50    0.00    0.00    0.00    0.00
    332 0 2014 282 19.000   76.20    0.00    0.00    0.00    0.00
    333 0 2014 282 20.000   54.10    0.00    0.00    0.00    0.00
    334 0 2014 282 21.000   37.90    0.00    0.00    0.00    0.00
    335 0 2014 282 22.000   33.70    0.00    0.00    0.00    0.00
    336 0 2014 282 23.000   45.40    0.00    0.00    0.00    0.00
    337 0 2014 283  0.000   68.30    0.00    0.00    0.00    0.00
    338 0 2014 283  1.000   96.40    0.00    0.00    0.00    0.00
    339 0 2014 283  2.000  118.80    0.00    0.00    0.00    0.00
    340 0 2014 283  3.000  127.20    0.00    0.00    0.00    0.00
    341 0 2014 283  4.000  135.60    0.00    0.00    0.00    0.00
    342 0 2014 283  5.000  121.80    0.00    0.00    0.00    0.00
    343 0 2014 283  6.000   98.00    0.00    0.00    0.00    0.00
    344 0 2014 283  7.000   68.70    0.00    0.00    0.00    0.00
    345 0 2014 283  8.000   47.20    0.00    0.00    0.00    0.00
    346 0 2014 283  9.000   32.10    0.00    0.00    0.00    0.00
    347 0 2014 283 10.000   32.10    0.00    0.00    0.00    0.00
    348 0 2014 283 11.000   40.30    0.00    0.00    0.00    0.00
    349 0 2014 283 12.000   62.60    0.00    0.00    0.00    0.00
    350 0 2014 283 13.000   89.50    0.00    0.00    0.00    0.00
    351 0 2014 283 14.000  118.50    0.00    0.00    0.00    0.00
    352 0 2014 283 15.000  139.70    0.00    0.00    0.00    0.00
    353 0 2014 283 16.000  146.40    0.00    0.00    0.00    0.00
    354 0 2014 283 17.000  137.10    0.00    0.00    0.00    0.00
    355 0 2014 283 18.000  120.80    0.00    0.00    0.00    0.00
    356 0 2014 283 19.000   96.10    0.00    0.00    0.00    0.00
    357 0 2014 283 20.000   58.80    0.00    0.00    0.00    0.00
    358 0 2014 283 21.000   55.50    0.00    0.00    0.00    0.00
    359 0 2014 283 22.000   38.90    0.00    0.00    0.00    0.00
    360 0 2014 283 23.000   42.10    0.00    0.00    0.00    0.00
    361 0 2014 284  0.000   58.20    0.00    0.00    0.00    0.00
    362 0 2014 284  1.000   82.90    0.00    0.00    0.00    0.00
    363 0 2014 284  2.000  102.60    0.00    0.00    0.00    0.00
    364 0 2014 284  3.000  119.20    0.00    0.00    0.00    0.00
    365 0 2014 284  4.000  128.60    0.00    0.00    0.00    0.00
    366 0 2014 284  5.000  125.10    0.00    0.00    0.00    0.00
    367 0 2014 284  6.000  111.40    0.00    0.00    0.00    0.00
    368 0 2014 284  7.000   87.30    0.00    0.00    0.00    0.00
    369 0 2014 284  8.000   61.90    0.00    0.00    0.00    0.00
    370 0 2014 284  9.000   43.50    0.00    0.00    0.00    0.00
    371 0 2014 284 10.000   33.90    0.00    0.00    0.00    0.00
    372 0 2014 284 11.000   36.80    0.00    0.00    0.00    0.00
    373 0 2014 284 12.000   50.90    0.00    0.00    0.00    0.00
    374 0 2014 284 13.000   72.20    0.00    0.00    0.00    0.00
    375 0 2014 284 14.000   99.40    0.00    0.00    0.00    0.00
    376 0 2014 284 15.000  120.10    0.00    0.00    0.00    0.00
    377 0 2014 284 16.000  134.30    0.00    0.00    0.00    0.00
    378 0 2014 284 17.000  133.10    0.00    0.00    0.00    0.00
    379 0 2014 284 18.000  128.30    0.00    0.00    0.00    0.00
    380 0 2014 284 19.000  110.80    0.00    0.00    0.00    0.00
    381 0 2014 284 20.000   85.80    0.00    0.00    0.00    0.00
    382 0 2014 284 21.000   66.50    0.00    0.00    0.00    0.00
    383 0 2014 284 22.000   55.10    0.00    0.00    0.00    0.00
    384 0 2014 284 23.000   51.40    0.00    0.00    0.00    0.00
    385 0 2014 285  0.000   53.80    0.00    0.00    0.00    0.00
    386 0 2014 285  1.000   68.60    0.00    0.00    0.00    0.00
    387 0 2014 285  2.000   89.40    0.00    0.00    0.00    0.00
    388 0 2014 285  3.000  106.50    0.00    0.00    0.00    0.00
    389 0 2014 285  4.000  119.20    0.00    0.00    0.00    0.00
    390 0 2014 285  5.000  123.90    0.00    0.00    0.00    0.00
    391 0 2014 285  6.000  117.70    0.00    0.00    0.00    0.00
    392 0 2014 285  7.000  101.00    0.00    0.00    0.00    0.00
    393 0 2014 285  8.000   82.60    0.00    0.00    0.00    0.00
    394 0 2014 285  9.000   65.90    0.00    0.00    0.00    0.00
    395 0 2014 285 10.000   51.80    0.00    0.00    0.00    0.00
    396 0 2014 285 11.000   47.30    0.00    0.00    0.00    0.00
    397 0 2014 285 12.000   51.50    0.00    0.00    0.00    0.00
    398 0 2014 285 13.000   67.10    0.00    0.00    0.00    0.00
    399 0 2014 285 14.000   85.40    0.00    0.00    0.00    0.00
    400 0 2014 285 15.000  109.60    0.00    0.00    0.00    0.00
    401 0 2014 285 16.000  126.10    0.00    0.00    0.00    0.00
    402 0 2014 285 17.000  126.50    0.00    0.00    0.00    0.00
    403 0 2014 285 18.000  127.10    0.00    0.00    0.00    0.00
    404 0 2014 285 19.000  114.90    0.00    0.00    0.00    0.00
    405 0 2014 285 20.000   98.50    0.00    0.00    0.00    0.00
    406 0 2014 285 21.000   81.00    0.00    0.00    0.00    0.00
    407 0 2014 285 22.000   67.70    0.00    0.00    0.00    0.00
    408 0 2014 285 23.000   54.30    0.00    0.00    0.00    0.00
    409 0 2014 286  0.000   53.60    0.00    0.00    0.00    0.00
    410 0 2014 286  1.000   60.10    0.00    0.00    0.00    0.00
    411 0 2014 286  2.000   76.20    0.00    0.00    0.00    0.00
    412 0 2014 286  3.000   91.00    0.00    0.00    0.00    0.00
    413 0 2014 286  4.000  109.60    0.00    0.00    0.00    0.00
    414 0 2014 286  5.000  115.80    0.00    0.00    0.00    0.00
    415 0 2014 286  6.000  121.00    0.00    0.00    0.00    0.00
    416 0 2014 286  7.000  113.80    0.00    0.00    0.00    0.00
    417 0 2014 286  8.000   99.30    0.00    0.00    0.00    0.00
    418 0 2014 286  9.000   83.90    0.00    0.00    0.00    0.00
    419 0 2014 286 10.000   66.70    0.00    0.00    0.00    0.00
    420 0 2014 286 11.000   56.50    0.00    0.00    0.00    0.00
    421 0 2014 286 12.000   55.70    0.00    0.00    0.00    0.00
    422 0 2014 286 13.000   60.00    0.00    0.00    0.00    0.00
    423 0 2014 286 14.000   77.90    0.00    0.00    0.00    0.00
    424 0 2014 286 15.000   97.80    0.00    0.00    0.00    0.00
    425 0 2014 286 16.000  114.50    0.00    0.00    0.00    0.00
    426 0 2014 286 17.000  125.70    0.00    0.00    0.00    0.00
    427 0 2014 286 18.000  130.30    0.00    0.00    0.00    0.00
    428 0 2014 286 19.000  126.80    0.00    0.00    0.00    0.00
    429 0 2014 286 20.000  112.20    0.00    0.00    0.00    0.00
    430 0 2014 286 21.000   96.00    0.00    0.00    0.00    0.00
    431 0 2014 286 22.000   77.60    0.00    0.00    0.00    0.00
    432 0 2014 286 23.000   67.60    0.00    0.00    0.00    0.00
    433 0 2014 287  0.000   58.60    0.00    0.00    0.00    0.00
    434 0 2014 287  1.000   62.00    0.00    0.00    0.00    0.00
    435 0 2014 287  2.000   71.80    0.00    0.00    0.00    0.00
    436 0 2014 287  3.000   81.90    0.00    0.00    0.00    0.00
    437 0 2014 287  4.000   94.80    0.00    0.00    0.00    0.00
    438 0 2014 287  5.000  105.10    0.00    0.00    0.00    0.00
    439 0 2014 287  6.000  108.60    0.00    0.00    0.00    0.00
    440 0 2014 287  7.000  105.40    0.00    0.00    0.00    0.00
    441 0 2014 287  8.000   94.40    0.00    0.00    0.00    0.00
    442 0 2014 287  9.000   83.20    0.00    0.00    0.00    0.00
    443 0 2014 287 10.000   66.10    0.00    0.00    0.00    0.00
    444 0 2014 287 11.000   56.70    0.00    0.00    0.00    0.00
    445 0 2014 287 12.000   53.40    0.00    0.00    0.00    0.00
    446 0 2014 287 13.000   52.40    0.00    0.00    0.00    0.00
    447 0 2014 287 14.000   62.20    0.00    0.00    0.00    0.00
    448 0 2014 287 15.000   78.70    0.00    0.00    0.00    0.00
    449 0 2014 287 16.000   90.90    0.00    0.00    0.00    0.00
    450 0 2014 287 17.000  105.90    0.00    0.00    0.00    0.00
    451 0 2014 287 18.000  111.10    0.00    0.00    0.00    0.00
    452 0 2014 287 19.000  115.20    0.00    0.00    0.00    0.00
    453 0 2014 287 20.000  111.00    0.00    0.00    0.00    0.00
    454 0 2014 287 21.000  100.40    0.00    0.00    0.00    0.00
    455 0 2014 287 22.000   90.40    0.00    0.00    0.00    0.00
    456 0 2014 287 23.000   75.80    0.00    0.00    0.00    0.00
    457 0 2014 288  0.000   64.90    0.00    0.00    0.00    0.00
    458 0 2014 288  1.000   59.60    0.00    0.00    0.00    0.00
    459 1 2014 288  2.000   54.80    0.00    0.00    0.00    0.00
    460 1 2014 288  3.000   60.70    0.00    0.00    0.00    0.00
    461 1 2014 288  4.000   70.20    0.00    0.00    0.00    0.00
    462 1 2014 288  5.000   78.10    0.00    0.00    0.00    0.00
    463 1 2014 288  6.000   87.40    0.00    0.00    0.00    0.00
    464 0 2014 288  7.000   94.20    0.00    0.00    0.00    0.00
    465 0 2014 288  8.000   94.80    0.00    0.00    0.00    0.00
    466 0 2014 288  9.000   90.70    0.00    0.00    0.00    0.00
    467 0 2014 288 10.000   86.80    0.00    0.00    0.00    0.00
    468 0 2014 288 11.000   80.80    0.00    0.00    0.00    0.00
    469 0 2014 288 12.000   75.50    0.00    0.00    0.00    0.00
    470 0 2014 288 13.000   74.20    0.00    0.00    0.00    0.00
    471 0 2014 288 14.000   72.20    0.00    0.00    0.00    0.00
    472 0 2014 288 15.000   75.80    0.00    0.00    0.00    0.00
    473 0 2014 288 16.000   86.00    0.00    0.00    0.00    0.00
    474 0 2014 288 17.000   94.90    0.00    0.00    0.00    0.00
    475 0 2014 288 18.000  101.00    0.00    0.00    0.00    0.00
    476 0 2014 288 19.000  108.80    0.00    0.00    0.00    0.00
    477 0 2014 288 20.000  108.20    0.00    0.00    0.00    0.00
    478 0 2014 288 21.000  103.80    0.00    0.00    0.00    0.00
    479 0 2014 288 22.000   99.60    0.00    0.00    0.00    0.00
    480 0 2014 288 23.000   90.50    0.00    0.00    0.00    0.00
    481 0 2014 289  0.000   82.90    0.00    0.00    0.00    0.00
    482 0 2014 289  1.000   77.10    0.00    0.00    0.00    0.00
    483 0 2014 289  2.000   70.10    0.00    0.00    0.00    0.00
    484 0 2014 289  3.000   75.20    0.00    0.00    0.00    0.00
    485 0 2014 289  4.000   81.60    0.00    0.00    0.00    0.00
    486 0 2014 289  5.000   88.00    0.00    0.00    0.00    0.00
    487 0 2014 289  6.000   95.10    0.00    0.00    0.00    0.00
    488 0 2014 289  7.000   98.90    0.00    0.00    0.00    0.00
    489 0 2014 289  8.000  104.80    0.00    0.00    0.00    0.00
    490 0 2014 289  9.000  105.80    0.00    0.00    0.00    0.00
    491 0 2014 289 10.000  100.80    0.00    0.00    0.00    0.00
    492 0 2014 289 11.000   99.10    0.00    0.00    0.00    0.00
    493 0 2014 289 12.000   90.90    0.00    0.00    0.00    0.00
    494 0 2014 289 13.000   85.00    0.00    0.00    0.00    0.00
    495 0 2014 289 14.000   80.70    0.00    0.00    0.00    0.00
    496 0 2014 289 15.000   79.80    0.00    0.00    0.00    0.00
    497 0 2014 289 16.000   81.00    0.00    0.00    0.00    0.00
    498 0 2014 289 17.000   84.80    0.00    0.00    0.00    0.00
    499 0 2014 289 18.000   93.60    0.00    0.00    0.00    0.00
    500 0 2014 289 19.000  100.80    0.00    0.00    0.00    0.00
    501 0 2014 289 20.000  107.20    0.00    0.00    0.00    0.00
    502 0 2014 289 21.000  108.20    0.00    0.00    0.00    0.00
    503 0 2014 289 22.000  110.50    0.00    0.00    0.00    0.00
    504 0 2014 289 23.000  106.90    0.00    0.00    0.00    0.00
    505 0 2014 290  0.000   97.60    0.00    0.00    0.00    0.00
    506 0 2014 290  1.000   91.40    0.00    0.00    0.00    0.00
    507 0 2014 290  2.000   85.00    0.00    0.00    0.00    0.00
    508 0 2014 290  3.000   77.80    0.00    0.00    0.00    0.00
    509 0 2014 290  4.000   77.20    0.00    0.00    0.00    0.00
    510 0 2014 290  5.000   78.10    0.00    0.00    0.00    0.00
    511 0 2014 290  6.000   81.80    0.00    0.00    0.00    0.00
    512 0 2014 290  7.000   87.70    0.00    0.00    0.00    0.00
    513 0 2014 290  8.000   93.00    0.00    0.00    0.00    0.00
    514 0 2014 290  9.000   93.40    0.00    0.00    0.00    0.00
    515 0 2014 290 10.000   98.20    0.00    0.00    0.00    0.00
    516 0 2014 290 11.000   98.10    0.00    0.00    0.00    0.00
    517 0 2014 290 12.000   99.70    0.00    0.00    0.00    0.00
    518 0 2014 290 13.000   96.80    0.00    0.00    0.00    0.00
    519 0 2014 290 14.000   92.80    0.00    0.00    0.00    0.00
    520 0 2014 290 15.000   87.50    0.00    0.00    0.00    0.00
    521 0 2014 290 16.000   86.80    0.00    0.00    0.00    0.00
    522 0 2014 290 17.000   85.30    0.00    0.00    0.00    0.00
    523 0 2014 290 18.000   89.40    0.00    0.00    0.00    0.00
    524 0 2014 290 19.000   95.00    0.00    0.00    0.00    0.00
    525 0 2014 290 20.000  101.10    0.00    0.00    0.00    0.00
    526 0 2014 290 21.000  111.00    0.00    0.00    0.00    0.00
    527 0 2014 290 22.000  113.20    0.00    0.00    0.00    0.00
    528 0 2014 290 23.000  113.10    0.00    0.00    0.00    0.00
    529 0 2014 291  0.000  115.00    0.00    0.00    0.00    0.00
    530 0 2014 291  1.000  106.60    0.00    0.00    0.00    0.00
    531 0 2014 291  2.000   99.30    0.00    0.00    0.00    0.00
    532 0 2014 291  3.000   88.20    0.00    0.00    0.00    0.00
    533 0 2014 291  4.000   80.20    0.00    0.00    0.00    0.00
    534 0 2014 291  5.000   75.80    0.00    0.00    0.00    0.00
    535 0 2014 291  6.000   73.30    0.00    0.00    0.00    0.00
    536 0 2014 291  7.000   80.70    0.00    0.00    0.00    0.00
    537 0 2014 291  8.000   88.50    0.00    0.00    0.00    0.00
    538 0 2014 291  9.000   96.90    0.00    0.00    0.00    0.00
    539 0 2014 291 10.000  105.70    0.00    0.00    0.00    0.00
    540 0 2014 291 11.000  107.60    0.00    0.00    0.00    0.00
    541 0 2014 291 12.000  107.00    0.00    0.00    0.00    0.00
    542 0 2014 291 13.000  104.00    0.00    0.00    0.00    0.00
    543 0 2014 291 14.000   98.70    0.00    0.00    0.00    0.00
    544 0 2014 291 15.000   89.40    0.00    0.00    0.00    0.00
    545 0 2014 291 16.000   86.30    0.00    0.00    0.00    0.00
    546 0 2014 291 17.000   81.10    0.00    0.00    0.00    0.00
    547 0 2014 291 18.000   79.40    0.00    0.00    0.00    0.00
    548 0 2014 291 19.000   85.50    0.00    0.00    0.00    0.00
    549 0 2014 291 20.000   90.90    0.00    0.00    0.00    0.00
    550 0 2014 291 21.000  101.00    0.00    0.00    0.00    0.00
    551 0 2014 291 22.000  106.60    0.00    0.00    0.00    0.00
    552 0 2014 291 23.000  117.40    0.00    0.00    0.00    0.00
    553 0 2014 292  0.000  117.80    0.00    0.00    0.00    0.00
    554 0 2014 292  1.000  117.00    0.00    0.00    0.00    0.00
    555 0 2014 292  2.000  111.60    0.00    0.00    0.00    0.00
    556 0 2014 292  3.000   98.30    0.00    0.00    0.00    0.00
    557 0 2014 292  4.000   86.20    0.00    0.00    0.00    0.00
    558 0 2014 292  5.000   80.80    0.00    0.00    0.00    0.00
    559 0 2014 292  6.000   72.90    0.00    0.00    0.00    0.00
    560 0 2014 292  7.000   75.30    0.00    0.00    0.00    0.00
    561 0 2014 292  8.000   82.10    0.00    0.00    0.00    0.00
    562 0 2014 292  9.000   91.40    0.00    0.00    0.00    0.00
    563 0 2014 292 10.000  102.30    0.00    0.00    0.00    0.00
    564 0 2014 292 11.000  112.20    0.00    0.00    0.00    0.00
    565 0 2014 292 12.000  118.30    0.00    0.00    0.00    0.00
    566 0 2014 292 13.000  119.80    0.00    0.00    0.00    0.00
    567 0 2014 292 14.000  112.00    0.00    0.00    0.00    0.00
    568 0 2014 292 15.000  102.20    0.00    0.00    0.00    0.00
    569 0 2014 292 16.000   91.00    0.00    0.00    0.00    0.00
    570 0 2014 292 17.000   79.40    0.00    0.00    0.00    0.00
    571 0 2014 292 18.000   75.10    0.00    0.00    0.00    0.00
    572 0 2014 292 19.000   74.10    0.00    0.00    0.00    0.00
    573 0 2014 292 20.000   83.60    0.00    0.00    0.00    0.00
    574 0 2014 292 21.000   89.40    0.00    0.00    0.00    0.00
    575 0 2014 292 22.000   98.10    0.00    0.00    0.00    0.00
    576 0 2014 292 23.000  115.00    0.00    0.00    0.00    0.00
    577 0 2014 293  0.000  120.10    0.00    0.00    0.00    0.00
    578 0 2014 293  1.000  119.80    0.00    0.00    0.00    0.00
    579 0 2014 293  2.000  119.30    0.00    0.00    0.00    0.00
    580 0 2014 293  3.000  106.50    0.00    0.00    0.00    0.00
    581 0 2014 293  4.000   88.90    0.00    0.00    0.00    0.00
    582 0 2014 293  5.000   78.70    0.00    0.00    0.00    0.00
    583 0 2014 293  6.000   65.40    0.00    0.00    0.00    0.00
    584 0 2014 293  7.000   63.50    0.00    0.00    0.00    0.00
    585 0 2014 293  8.000   66.20    0.00    0.00    0.00    0.00
    586 0 2014 293  9.000   78.60    0.00    0.00    0.00    0.00
    587 0 2014 293 10.000   95.40    0.00    0.00    0.00    0.00
    588 0 2014 293 11.000  112.90    0.00    0.00    0.00    0.00
    589 0 2014 293 12.000  120.80    0.00    0.00    0.00    0.00
    590 0 2014 293 13.000  124.30    0.00    0.00    0.00    0.00
    591 0 2014 293 14.000  122.30    0.00    0.00    0.00    0.00
    592 0 2014 293 15.000  112.70    0.00    0.00    0.00    0.00
    593 0 2014 293 16.000   99.80    0.00    0.00    0.00    0.00
    594 0 2014 293 17.000   84.10    0.00    0.00    0.00    0.00
    595 0 2014 293 18.000   77.30    0.00    0.00    0.00    0.00
    596 0 2014 293 19.000   74.80    0.00    0.00    0.00    0.00
    597 0 2014 293 20.000   76.00    0.00    0.00    0.00    0.00
    598 0 2014 293 21.000   83.20    0.00    0.00    0.00    0.00
    599 0 2014 293 22.000   97.50    0.00    0.00    0.00    0.00
    600 0 2014 293 23.000  117.70    0.00    0.00    0.00    0.00
    601 0 2014 294  0.000  125.70    0.00    0.00    0.00    0.00
    602 0 2014 294  1.000  132.00    0.00    0.00    0.00    0.00
    603 0 2014 294  2.000  127.40    0.00    0.00    0.00    0.00
    604 0 2014 294  3.000  116.70    0.00    0.00    0.00    0.00
    605 0 2014 294  4.000  103.10    0.00    0.00    0.00    0.00
    606 0 2014 294  5.000   83.10    0.00    0.00    0.00    0.00
    607 0 2014 294  6.000   67.50    0.00    0.00    0.00    0.00
    608 0 2014 294  7.000   60.90    0.00    0.00    0.00    0.00
    609 0 2014 294  8.000   60.80    0.00    0.00    0.00    0.00
    610 0 2014 294  9.000   69.30    0.00    0.00    0.00    0.00
    611 0 2014 294 10.000   86.80    0.00    0.00    0.00    0.00
    612 0 2014 294 11.000  105.00    0.00    0.00    0.00    0.00
    613 0 2014 294 12.000  121.30    0.00    0.00    0.00    0.00
    614 0 2014 294 13.000  132.40    0.00    0.00    0.00    0.00
    615 0 2014 294 14.000  133.00    0.00    0.00    0.00    0.00
    616 0 2014 294 15.000  125.80    0.00    0.00    0.00    0.00
    617 0 2014 294 16.000  111.50    0.00    0.00    0.00    0.00
    618 0 2014 294 17.000   94.40    0.00    0.00    0.00    0.00
    619 0 2014 294 18.000   77.00    0.00    0.00    0.00    0.00
    620 0 2014 294 19.000   65.00    0.00    0.00    0.00    0.00
    621 1 2014 294 20.000 9999.99    0.00    0.00    0.00    0.00
    622 1 2014 294 21.000 9999.99    0.00    0.00    0.00    0.00
    623 1 2014 294 22.000 9999.99    0.00    0.00    0.00    0.00
    624 0 2014 294 23.000  107.40    0.00    0.00    0.00    0.00
    625 0 2014 295  0.000  126.10    0.00    0.00    0.00    0.00
    626 0 2014 295  1.000  134.40    0.00    0.00    0.00    0.00
    627 0 2014 295  2.000  135.00    0.00    0.00    0.00    0.00
    628 0 2014 295  3.000  125.80    0.00    0.00    0.00    0.00
    629 0 2014 295  4.000  110.10    0.00    0.00    0.00    0.00
    630 0 2014 295  5.000   89.30    0.00    0.00    0.00    0.00
    631 0 2014 295  6.000   69.80    0.00    0.00    0.00    0.00
    632 0 2014 295  7.000   54.40    0.00    0.00    0.00    0.00
    633 0 2014 295  8.000   51.00    0.00    0.00    0.00    0.00
    634 0 2014 295  9.000   60.60    0.00    0.00    0.00    0.00
    635 0 2014 295 10.000   78.40    0.00    0.00    0.00    0.00
    636 0 2014 295 11.000   98.80    0.00    0.00    0.00    0.00
    637 0 2014 295 12.000  121.00    0.00    0.00    0.00    0.00
    638 0 2014 295 13.000  137.70    0.00    0.00    0.00    0.00
    639 0 2014 295 14.000  141.90    0.00    0.00    0.00    0.00
    640 0 2014 295 15.000  138.10    0.00    0.00    0.00    0.00
    641 0 2014 295 16.000  120.00    0.00    0.00    0.00    0.00
    642 0 2014 295 17.000  100.20    0.00    0.00    0.00    0.00
    643 0 2014 295 18.000   81.30    0.00    0.00    0.00    0.00
    644 0 2014 295 19.000   67.60    0.00    0.00    0.00    0.00
    645 0 2014 295 20.000   61.80    0.00    0.00    0.00    0.00
    646 0 2014 295 21.000   62.00    0.00    0.00    0.00    0.00
    647 0 2014 295 22.000   74.10    0.00    0.00    0.00    0.00
    648 0 2014 295 23.000   93.50    0.00    0.00    0.00    0.00
    649 0 2014 296  0.000  116.00    0.00    0.00    0.00    0.00
    650 0 2014 296  1.000  128.30    0.00    0.00    0.00    0.00
    651 0 2014 296  2.000  136.40    0.00    0.00    0.00    0.00
    652 0 2014 296  3.000  132.90    0.00    0.00    0.00    0.00
    653 0 2014 296  4.000  119.20    0.00    0.00    0.00    0.00
    654 0 2014 296  5.000   97.20    0.00    0.00    0.00    0.00
    655 0 2014 296  6.000   75.70    0.00    0.00    0.00    0.00
    656 0 2014 296  7.000   57.40    0.00    0.00    0.00    0.00
    657 0 2014 296  8.000   48.20    0.00    0.00    0.00    0.00
    658 0 2014 296  9.000   45.50    0.00    0.00    0.00    0.00
    659 0 2014 296 10.000   59.20    0.00    0.00    0.00    0.00
    660 0 2014 296 11.000   86.10    0.00    0.00    0.00    0.00
    661 0 2014 296 12.000  111.40    0.00    0.00    0.00    0.00
    662 0 2014 296 13.000  135.10    0.00    0.00    0.00    0.00
    663 0 2014 296 14.000  148.90    0.00    0.00    0.00    0.00
    664 0 2014 296 15.000  147.80    0.00    0.00    0.00    0.00
    665 0 2014 296 16.000  136.40    0.00    0.00    0.00    0.00
    666 0 2014 296 17.000  118.30    0.00    0.00    0.00    0.00
    667 0 2014 296 18.000   89.80    0.00    0.00    0.00    0.00
    668 0 2014 296 19.000   69.50    0.00    0.00    0.00    0.00
    669 0 2014 296 20.000   59.40    0.00    0.00    0.00    0.00
    670 0 2014 296 21.000   49.70    0.00    0.00    0.00    0.00
    671 0 2014 296 22.000   62.00    0.00    0.00    0.00    0.00
