                                                                                
                                                                                
                                                                                
                                                                                
                                                                                
                                                                                
                                                                                
                                                                                
                                                                                
                                                                                
                                                                                
                                                                                
                                                                                
                                                                                
                                                                                
                                                                                
                                                                                
                                                                                
                                                                                
                                                                                
      1 1 2013 270  1.000 9999.99    0.00    0.00    0.00    0.00
      2 0 2013 270  2.000  546.60  -11.69    0.00    0.00    0.00
      3 0 2013 270  3.000  547.50  -12.71    0.00    0.00    0.00
      4 0 2013 270  4.000  557.10   -7.82    0.00    0.00    0.00
      5 0 2013 270  5.000  563.00   -7.46    0.00    0.00    0.00
      6 0 2013 270  6.000  570.70   -6.55    0.00    0.00    0.00
      7 0 2013 270  7.000  575.70   -6.65    0.00    0.00    0.00
      8 0 2013 270  8.000  573.80   -7.61    0.00    0.00    0.00
      9 0 2013 270  9.000  571.30   -5.12    0.00    0.00    0.00
     10 0 2013 270 10.000  565.10   -9.16    0.00    0.00    0.00
     11 1 2013 270 11.000  556.80    0.00    0.00    0.00    0.00
     12 1 2013 270 12.000 9999.99    0.00    0.00    0.00    0.00
     13 1 2013 270 13.000 9999.99    0.00    0.00    0.00    0.00
     14 1 2013 270 14.000 9999.99    0.00    0.00    0.00    0.00
     15 1 2013 270 15.000 9999.99    0.00    0.00    0.00    0.00
     16 1 2013 270 16.000 9999.99    0.00    0.00    0.00    0.00
     17 1 2013 270 17.000 9999.99    0.00    0.00    0.00    0.00
     18 1 2013 270 18.000 9999.99    0.00    0.00    0.00    0.00
     19 1 2013 270 19.000 9999.99    0.00    0.00    0.00    0.00
     20 1 2013 270 20.000 9999.99    0.00    0.00    0.00    0.00
     21 1 2013 270 21.000 9999.99    0.00    0.00    0.00    0.00
     22 1 2013 270 22.000 9999.99    0.00    0.00    0.00    0.00
     23 1 2013 270 23.000 9999.99    0.00    0.00    0.00    0.00
     24 1 2013 271  0.000 9999.99    0.00    0.00    0.00    0.00
     25 1 2013 271  1.000 9999.99    0.00    0.00    0.00    0.00
     26 0 2013 271  2.000  556.00   -5.90    0.00    0.00    0.00
     27 0 2013 271  3.000  554.75   -2.27    0.00    0.00    0.00
     28 0 2013 271  4.000  563.50    6.10    0.00    0.00    0.00
     29 0 2013 271  5.000  560.50    1.28    0.00    0.00    0.00
     30 0 2013 271  6.000  566.60    3.55    0.00    0.00    0.00
     31 0 2013 271  7.000  569.40   -0.28    0.00    0.00    0.00
     32 0 2013 271  8.000  573.90   -0.81    0.00    0.00    0.00
     33 0 2013 271  9.000  572.90   -1.45    0.00    0.00    0.00
     34 0 2013 271 10.000  574.10    1.51    0.00    0.00    0.00
     35 0 2013 271 11.000  564.50  -11.26    0.00    0.00    0.00
     36 1 2013 271 12.000 9999.99    0.00    0.00    0.00    0.00
     37 1 2013 271 13.000 9999.99    0.00    0.00    0.00    0.00
     38 1 2013 271 14.000 9999.99    0.00    0.00    0.00    0.00
     39 1 2013 271 15.000 9999.99    0.00    0.00    0.00    0.00
     40 1 2013 271 16.000 9999.99    0.00    0.00    0.00    0.00
     41 1 2013 271 17.000 9999.99    0.00    0.00    0.00    0.00
     42 1 2013 271 18.000 9999.99    0.00    0.00    0.00    0.00
     43 1 2013 271 19.000 9999.99    0.00    0.00    0.00    0.00
     44 1 2013 271 20.000 9999.99    0.00    0.00    0.00    0.00
     45 1 2013 271 21.000 9999.99    0.00    0.00    0.00    0.00
     46 1 2013 271 22.000 9999.99    0.00    0.00    0.00    0.00
     47 1 2013 271 23.000 9999.99    0.00    0.00    0.00    0.00
     48 1 2013 272  0.000 9999.99    0.00    0.00    0.00    0.00
     49 1 2013 272  1.000 9999.99    0.00    0.00    0.00    0.00
     50 0 2013 272  2.000  563.90   -6.61    0.00    0.00    0.00
     51 0 2013 272  3.000  554.30   -4.55    0.00    0.00    0.00
     52 0 2013 272  4.000  551.65   -1.97    0.00    0.00    0.00
     53 0 2013 272  5.000  549.60   -2.64    0.00    0.00    0.00
     54 0 2013 272  6.000  548.00   -4.77    0.00    0.00    0.00
     55 0 2013 272  7.000  553.20   -4.01    0.00    0.00    0.00
     56 0 2013 272  8.000  563.60   -1.57    0.00    0.00    0.00
     57 0 2013 272  9.000  567.20   -4.06    0.00    0.00    0.00
     58 0 2013 272 10.000  571.00   -1.91    0.00    0.00    0.00
     59 0 2013 272 11.000  571.40   -3.51    0.00    0.00    0.00
     60 1 2013 272 12.000 9999.99    0.00    0.00    0.00    0.00
     61 1 2013 272 13.000 9999.99    0.00    0.00    0.00    0.00
     62 1 2013 272 14.000 9999.99    0.00    0.00    0.00    0.00
     63 1 2013 272 15.000 9999.99    0.00    0.00    0.00    0.00
     64 1 2013 272 16.000 9999.99    0.00    0.00    0.00    0.00
     65 1 2013 272 17.000 9999.99    0.00    0.00    0.00    0.00
     66 1 2013 272 18.000 9999.99    0.00    0.00    0.00    0.00
     67 1 2013 272 19.000 9999.99    0.00    0.00    0.00    0.00
     68 1 2013 272 20.000 9999.99    0.00    0.00    0.00    0.00
     69 1 2013 272 21.000 9999.99    0.00    0.00    0.00    0.00
     70 1 2013 272 22.000 9999.99    0.00    0.00    0.00    0.00
     71 1 2013 272 23.000 9999.99    0.00    0.00    0.00    0.00
     72 1 2013 273  0.000 9999.99    0.00    0.00    0.00    0.00
     73 1 2013 273  1.000 9999.99    0.00    0.00    0.00    0.00
     74 0 2013 273  2.000  572.65   -9.17    0.00    0.00    0.00
     75 0 2013 273  3.000  565.90   -0.46    0.00    0.00    0.00
     76 0 2013 273  4.000  556.50    2.10    0.00    0.00    0.00
     77 0 2013 273  5.000  549.50    1.15    0.00    0.00    0.00
     78 0 2013 273  6.000  548.60    2.36    0.00    0.00    0.00
     79 0 2013 273  7.000  547.70   -0.04    0.00    0.00    0.00
     80 0 2013 273  8.000  556.80    2.10    0.00    0.00    0.00
     81 0 2013 273  9.000  569.00    3.82    0.00    0.00    0.00
     82 0 2013 273 10.000  573.50    0.06    0.00    0.00    0.00
     83 0 2013 273 11.000  578.60    0.99    0.00    0.00    0.00
     84 1 2013 273 12.000 9999.99    0.00    0.00    0.00    0.00
     85 1 2013 273 13.000 9999.99    0.00    0.00    0.00    0.00
     86 1 2013 273 14.000 9999.99    0.00    0.00    0.00    0.00
     87 1 2013 273 15.000 9999.99    0.00    0.00    0.00    0.00
     88 1 2013 273 16.000 9999.99    0.00    0.00    0.00    0.00
     89 1 2013 273 17.000 9999.99    0.00    0.00    0.00    0.00
     90 1 2013 273 18.000 9999.99    0.00    0.00    0.00    0.00
     91 1 2013 273 19.000 9999.99    0.00    0.00    0.00    0.00
     92 1 2013 273 20.000 9999.99    0.00    0.00    0.00    0.00
     93 1 2013 273 21.000 9999.99    0.00    0.00    0.00    0.00
     94 1 2013 273 22.000 9999.99    0.00    0.00    0.00    0.00
     95 1 2013 273 23.000 9999.99    0.00    0.00    0.00    0.00
     96 1 2013 274  0.000 9999.99    0.00    0.00    0.00    0.00
     97 1 2013 274  1.000 9999.99    0.00    0.00    0.00    0.00
     98 0 2013 274  2.000  587.50   -5.42    0.00    0.00    0.00
     99 0 2013 274  3.000  572.30   -5.45    0.00    0.00    0.00
    100 0 2013 274  4.000  562.30    1.39    0.00    0.00    0.00
    101 0 2013 274  5.000  551.30    3.19    0.00    0.00    0.00
    102 0 2013 274  6.000  541.30   -0.57    0.00    0.00    0.00
    103 0 2013 274  7.000  542.00    0.92    0.00    0.00    0.00
    104 0 2013 274  8.000  544.80   -0.91    0.00    0.00    0.00
    105 0 2013 274  9.000  558.10    1.49    0.00    0.00    0.00
    106 0 2013 274 10.000  571.20    0.62    0.00    0.00    0.00
    107 0 2013 274 11.000  587.20    5.85    0.00    0.00    0.00
    108 1 2013 274 12.000 9999.99    0.00    0.00    0.00    0.00
    109 1 2013 274 13.000 9999.99    0.00    0.00    0.00    0.00
    110 1 2013 274 14.000 9999.99    0.00    0.00    0.00    0.00
    111 1 2013 274 15.000 9999.99    0.00    0.00    0.00    0.00
    112 1 2013 274 16.000 9999.99    0.00    0.00    0.00    0.00
    113 1 2013 274 17.000 9999.99    0.00    0.00    0.00    0.00
    114 1 2013 274 18.000 9999.99    0.00    0.00    0.00    0.00
    115 1 2013 274 19.000 9999.99    0.00    0.00    0.00    0.00
    116 1 2013 274 20.000 9999.99    0.00    0.00    0.00    0.00
    117 1 2013 274 21.000 9999.99    0.00    0.00    0.00    0.00
    118 1 2013 274 22.000 9999.99    0.00    0.00    0.00    0.00
    119 1 2013 274 23.000 9999.99    0.00    0.00    0.00    0.00
    120 1 2013 275  0.000 9999.99    0.00    0.00    0.00    0.00
    121 1 2013 275  1.000  588.10    0.00    0.00    0.00    0.00
    122 0 2013 275  2.000  596.10   -7.08    0.00    0.00    0.00
    123 0 2013 275  3.000  589.75   -0.14    0.00    0.00    0.00
    124 0 2013 275  4.000  571.70   -0.25    0.00    0.00    0.00
    125 0 2013 275  5.000  554.60    1.45    0.00    0.00    0.00
    126 0 2013 275  6.000  539.90   -0.14    0.00    0.00    0.00
    127 0 2013 275  7.000  534.80   -0.70    0.00    0.00    0.00
    128 0 2013 275  8.000  536.80   -1.41    0.00    0.00    0.00
    129 0 2013 275  9.000  545.60   -1.97    0.00    0.00    0.00
    130 0 2013 275 10.000  562.25   -1.15    0.00    0.00    0.00
    131 0 2013 275 11.000  580.90   -0.16    0.00    0.00    0.00
    132 1 2013 275 12.000 9999.99    0.00    0.00    0.00    0.00
    133 1 2013 275 13.000 9999.99    0.00    0.00    0.00    0.00
    134 1 2013 275 14.000 9999.99    0.00    0.00    0.00    0.00
    135 1 2013 275 15.000 9999.99    0.00    0.00    0.00    0.00
    136 1 2013 275 16.000 9999.99    0.00    0.00    0.00    0.00
    137 1 2013 275 17.000 9999.99    0.00    0.00    0.00    0.00
    138 1 2013 275 18.000 9999.99    0.00    0.00    0.00    0.00
    139 1 2013 275 19.000 9999.99    0.00    0.00    0.00    0.00
    140 1 2013 275 20.000 9999.99    0.00    0.00    0.00    0.00
    141 1 2013 275 21.000 9999.99    0.00    0.00    0.00    0.00
    142 1 2013 275 22.000 9999.99    0.00    0.00    0.00    0.00
    143 1 2013 275 23.000 9999.99    0.00    0.00    0.00    0.00
    144 1 2013 276  0.000 9999.99    0.00    0.00    0.00    0.00
    145 1 2013 276  1.000 9999.99    0.00    0.00    0.00    0.00
    146 1 2013 276  2.000 9999.99    0.00    0.00    0.00    0.00
    147 1 2013 276  3.000 9999.99    0.00    0.00    0.00    0.00
    148 0 2013 276  4.000  589.50    5.03    0.00    0.00    0.00
    149 0 2013 276  5.000  569.40    6.31    0.00    0.00    0.00
    150 0 2013 276  6.000  547.60    4.71    0.00    0.00    0.00
    151 0 2013 276  7.000  536.40    4.97    0.00    0.00    0.00
    152 0 2013 276  8.000  530.60   -0.19    0.00    0.00    0.00
    153 0 2013 276  9.000  538.95    0.42    0.00    0.00    0.00
    154 0 2013 276 10.000  552.00   -1.54    0.00    0.00    0.00
    155 1 2013 276 11.000 9999.99    0.00    0.00    0.00    0.00
    156 1 2013 276 12.000 9999.99    0.00    0.00    0.00    0.00
    157 1 2013 276 13.000 9999.99    0.00    0.00    0.00    0.00
    158 1 2013 276 14.000 9999.99    0.00    0.00    0.00    0.00
    159 1 2013 276 15.000 9999.99    0.00    0.00    0.00    0.00
    160 1 2013 276 16.000 9999.99    0.00    0.00    0.00    0.00
    161 1 2013 276 17.000 9999.99    0.00    0.00    0.00    0.00
    162 1 2013 276 18.000 9999.99    0.00    0.00    0.00    0.00
    163 1 2013 276 19.000 9999.99    0.00    0.00    0.00    0.00
    164 1 2013 276 20.000 9999.99    0.00    0.00    0.00    0.00
    165 1 2013 276 21.000 9999.99    0.00    0.00    0.00    0.00
    166 1 2013 276 22.000 9999.99    0.00    0.00    0.00    0.00
    167 1 2013 276 23.000 9999.99    0.00    0.00    0.00    0.00
    168 1 2013 277  0.000 9999.99    0.00    0.00    0.00    0.00
    169 1 2013 277  1.000 9999.99    0.00    0.00    0.00    0.00
    170 1 2013 277  2.000 9999.99    0.00    0.00    0.00    0.00
    171 0 2013 277  3.000  615.90    3.60    0.00    0.00    0.00
    172 0 2013 277  4.000  600.80    4.27    0.00    0.00    0.00
    173 0 2013 277  5.000  576.60    1.30    0.00    0.00    0.00
    174 0 2013 277  6.000  551.40    0.36    0.00    0.00    0.00
    175 0 2013 277  7.000  533.10    1.50    0.00    0.00    0.00
    176 0 2013 277  8.000  525.10    0.90    0.00    0.00    0.00
    177 0 2013 277  9.000  531.00    2.14    0.00    0.00    0.00
    178 0 2013 277 10.000  542.30    0.06    0.00    0.00    0.00
    179 0 2013 277 11.000  567.70    4.73    0.00    0.00    0.00
    180 1 2013 277 12.000 9999.99    0.00    0.00    0.00    0.00
    181 1 2013 277 13.000 9999.99    0.00    0.00    0.00    0.00
    182 1 2013 277 14.000 9999.99    0.00    0.00    0.00    0.00
    183 1 2013 277 15.000 9999.99    0.00    0.00    0.00    0.00
    184 1 2013 277 16.000 9999.99    0.00    0.00    0.00    0.00
    185 1 2013 277 17.000 9999.99    0.00    0.00    0.00    0.00
    186 1 2013 277 18.000 9999.99    0.00    0.00    0.00    0.00
    187 1 2013 277 19.000 9999.99    0.00    0.00    0.00    0.00
    188 1 2013 277 20.000 9999.99    0.00    0.00    0.00    0.00
    189 1 2013 277 21.000 9999.99    0.00    0.00    0.00    0.00
    190 1 2013 277 22.000 9999.99    0.00    0.00    0.00    0.00
    191 1 2013 277 23.000 9999.99    0.00    0.00    0.00    0.00
    192 1 2013 278  0.000 9999.99    0.00    0.00    0.00    0.00
    193 1 2013 278  1.000 9999.99    0.00    0.00    0.00    0.00
    194 0 2013 278  2.000  622.40   -0.20    0.00    0.00    0.00
    195 0 2013 278  3.000  624.00    3.13    0.00    0.00    0.00
    196 0 2013 278  4.000  612.90    5.24    0.00    0.00    0.00
    197 0 2013 278  5.000  591.90    4.32    0.00    0.00    0.00
    198 0 2013 278  6.000  564.10    1.53    0.00    0.00    0.00
    199 0 2013 278  7.000  539.50    1.84    0.00    0.00    0.00
    200 0 2013 278  8.000  523.00    1.23    0.00    0.00    0.00
    201 0 2013 278  9.000  522.40    2.49    0.00    0.00    0.00
    202 0 2013 278 10.000  532.10    2.07    0.00    0.00    0.00
    203 0 2013 278 11.000  551.30    2.49    0.00    0.00    0.00
    204 1 2013 278 12.000 9999.99    0.00    0.00    0.00    0.00
    205 1 2013 278 13.000 9999.99    0.00    0.00    0.00    0.00
    206 1 2013 278 14.000 9999.99    0.00    0.00    0.00    0.00
    207 1 2013 278 15.000 9999.99    0.00    0.00    0.00    0.00
    208 1 2013 278 16.000 9999.99    0.00    0.00    0.00    0.00
    209 1 2013 278 17.000 9999.99    0.00    0.00    0.00    0.00
    210 1 2013 278 18.000 9999.99    0.00    0.00    0.00    0.00
    211 1 2013 278 19.000 9999.99    0.00    0.00    0.00    0.00
    212 1 2013 278 20.000 9999.99    0.00    0.00    0.00    0.00
    213 1 2013 278 21.000 9999.99    0.00    0.00    0.00    0.00
    214 1 2013 278 22.000 9999.99    0.00    0.00    0.00    0.00
    215 1 2013 278 23.000 9999.99    0.00    0.00    0.00    0.00
    216 1 2013 279  0.000 9999.99    0.00    0.00    0.00    0.00
    217 1 2013 279  1.000   84.50    0.00    0.00    0.00    0.00
    218 1 2013 279  2.000  618.00    0.00    0.00    0.00    0.00
    219 0 2013 279  3.000  624.10    1.21    0.00    0.00    0.00
    220 0 2013 279  4.000  621.40    5.20    0.00    0.00    0.00
    221 0 2013 279  5.000  598.00   -0.96    0.00    0.00    0.00
    222 0 2013 279  6.000  577.10    1.89    0.00    0.00    0.00
    223 0 2013 279  7.000  549.10    0.58    0.00    0.00    0.00
    224 0 2013 279  8.000  525.90   -0.14    0.00    0.00    0.00
    225 0 2013 279  9.000  517.20    1.67    0.00    0.00    0.00
    226 0 2013 279 10.000  519.00   -0.12    0.00    0.00    0.00
    227 0 2013 279 11.000  536.60    2.65    0.00    0.00    0.00
    228 1 2013 279 12.000 9999.99    0.00    0.00    0.00    0.00
    229 1 2013 279 13.000 9999.99    0.00    0.00    0.00    0.00
    230 1 2013 279 14.000 9999.99    0.00    0.00    0.00    0.00
    231 1 2013 279 15.000 9999.99    0.00    0.00    0.00    0.00
    232 1 2013 279 16.000 9999.99    0.00    0.00    0.00    0.00
    233 1 2013 279 17.000 9999.99    0.00    0.00    0.00    0.00
    234 1 2013 279 18.000 9999.99    0.00    0.00    0.00    0.00
    235 1 2013 279 19.000 9999.99    0.00    0.00    0.00    0.00
    236 1 2013 279 20.000 9999.99    0.00    0.00    0.00    0.00
    237 1 2013 279 21.000 9999.99    0.00    0.00    0.00    0.00
    238 1 2013 279 22.000 9999.99    0.00    0.00    0.00    0.00
    239 1 2013 279 23.000 9999.99    0.00    0.00    0.00    0.00
    240 1 2013 280  0.000 9999.99    0.00    0.00    0.00    0.00
    241 1 2013 280  1.000 9999.99    0.00    0.00    0.00    0.00
    242 1 2013 280  2.000  600.90    0.00    0.00    0.00    0.00
    243 1 2013 280  3.000  616.00    0.00    0.00    0.00    0.00
    244 0 2013 280  4.000  619.50    0.97    0.00    0.00    0.00
    245 0 2013 280  5.000  606.10   -1.66    0.00    0.00    0.00
    246 0 2013 280  6.000  584.40   -3.11    0.00    0.00    0.00
    247 0 2013 280  7.000  556.60   -5.36    0.00    0.00    0.00
    248 0 2013 280  8.000  533.60   -3.04    0.00    0.00    0.00
    249 0 2013 280  9.000  514.40   -4.44    0.00    0.00    0.00
    250 0 2013 280 10.000  510.20   -3.51    0.00    0.00    0.00
    251 0 2013 280 11.000  517.80   -3.74    0.00    0.00    0.00
    252 0 2013 280 12.000  536.80   -3.13    0.00    0.00    0.00
    253 0 2013 280 13.000  563.10   -2.56    0.00    0.00    0.00
    254 0 2013 280 14.000  594.00    1.15    0.00    0.00    0.00
    255 0 2013 280 15.000  615.65    2.65    0.00    0.00    0.00
    256 0 2013 280 16.000  624.35    4.62    0.00    0.00    0.00
    257 0 2013 280 17.000  619.30    6.63    0.00    0.00    0.00
    258 0 2013 280 18.000  604.10    8.62    0.00    0.00    0.00
    259 0 2013 280 19.000  582.50   10.06    0.00    0.00    0.00
    260 0 2013 280 20.000  552.80    4.53    0.00    0.00    0.00
    261 0 2013 280 21.000  531.50    2.66    0.00    0.00    0.00
    262 0 2013 280 22.000  521.60    2.53    0.00    0.00    0.00
    263 0 2013 280 23.000  521.20    0.55    0.00    0.00    0.00
    264 0 2013 281  0.000  536.00    3.17    0.00    0.00    0.00
    265 0 2013 281  1.000  554.00    0.37    0.00    0.00    0.00
    266 1 2013 281  2.000  577.30    0.00    0.00    0.00    0.00
    267 1 2013 281  3.000  597.50    0.00    0.00    0.00    0.00
    268 0 2013 281  4.000  606.40   -5.84    0.00    0.00    0.00
    269 0 2013 281  5.000  607.00   -3.82    0.00    0.00    0.00
    270 0 2013 281  6.000  591.10   -6.43    0.00    0.00    0.00
    271 0 2013 281  7.000  574.70   -1.29    0.00    0.00    0.00
    272 0 2013 281  8.000  547.20   -4.13    0.00    0.00    0.00
    273 0 2013 281  9.000  530.70    0.85    0.00    0.00    0.00
    274 0 2013 281 10.000  515.70   -1.42    0.00    0.00    0.00
    275 0 2013 281 11.000  511.90   -4.09    0.00    0.00    0.00
    276 0 2013 281 12.000  526.40   -0.25    0.00    0.00    0.00
    277 0 2013 281 13.000  549.00    1.84    0.00    0.00    0.00
    278 0 2013 281 14.000  571.80   -1.21    0.00    0.00    0.00
    279 0 2013 281 15.000  599.60    2.25    0.00    0.00    0.00
    280 0 2013 281 16.000  614.80    1.27    0.00    0.00    0.00
    281 0 2013 281 17.000  616.90   -0.98    0.00    0.00    0.00
    282 0 2013 281 18.000  613.50    3.24    0.00    0.00    0.00
    283 0 2013 281 19.000  595.10    1.97    0.00    0.00    0.00
    284 0 2013 281 20.000  571.90    0.89    0.00    0.00    0.00
    285 0 2013 281 21.000  547.30   -2.20    0.00    0.00    0.00
    286 0 2013 281 22.000  529.80   -3.69    0.00    0.00    0.00
    287 0 2013 281 23.000  524.40   -1.72    0.00    0.00    0.00
    288 0 2013 282  0.000  531.30    2.33    0.00    0.00    0.00
    289 0 2013 282  1.000  545.30    3.44    0.00    0.00    0.00
    290 0 2013 282  2.000  562.20    0.49    0.00    0.00    0.00
    291 0 2013 282  3.000  583.10    0.33    0.00    0.00    0.00
    292 0 2013 282  4.000  598.50   -0.46    0.00    0.00    0.00
    293 0 2013 282  5.000  607.20    1.10    0.00    0.00    0.00
    294 0 2013 282  6.000  602.60    0.33    0.00    0.00    0.00
    295 0 2013 282  7.000  584.20   -3.95    0.00    0.00    0.00
    296 0 2013 282  8.000  566.30   -1.21    0.00    0.00    0.00
    297 0 2013 282  9.000  544.60   -1.56    0.00    0.00    0.00
    298 0 2013 282 10.000  527.40   -1.91    0.00    0.00    0.00
    299 0 2013 282 11.000  516.80   -3.61    0.00    0.00    0.00
    300 0 2013 282 12.000  516.10   -5.60    0.00    0.00    0.00
    301 0 2013 282 13.000  530.40   -3.56    0.00    0.00    0.00
    302 0 2013 282 14.000  550.10   -4.59    0.00    0.00    0.00
    303 0 2013 282 15.000  575.90   -2.41    0.00    0.00    0.00
    304 0 2013 282 16.000  590.70   -8.23    0.00    0.00    0.00
    305 0 2013 282 17.000  604.50   -7.95    0.00    0.00    0.00
    306 0 2013 282 18.000  606.60   -9.58    0.00    0.00    0.00
    307 0 2013 282 19.000  605.60   -3.47    0.00    0.00    0.00
    308 0 2013 282 20.000  584.20   -9.04    0.00    0.00    0.00
    309 0 2013 282 21.000  567.10   -6.58    0.00    0.00    0.00
    310 0 2013 282 22.000  549.60   -5.71    0.00    0.00    0.00
    311 0 2013 282 23.000  539.80   -1.62    0.00    0.00    0.00
    312 0 2013 283  0.000  531.20   -3.61    0.00    0.00    0.00
    313 0 2013 283  1.000  532.90   -4.96    0.00    0.00    0.00
    314 0 2013 283  2.000  550.00   -0.00    0.00    0.00    0.00
    315 0 2013 283  3.000  563.70   -3.15    0.00    0.00    0.00
    316 0 2013 283  4.000  582.90   -0.18    0.00    0.00    0.00
    317 0 2013 283  5.000  595.70    0.71    0.00    0.00    0.00
    318 0 2013 283  6.000  596.80   -2.99    0.00    0.00    0.00
    319 0 2013 283  7.000  594.90   -0.39    0.00    0.00    0.00
    320 0 2013 283  8.000  579.00   -3.09    0.00    0.00    0.00
    321 0 2013 283  9.000  564.30   -0.19    0.00    0.00    0.00
    322 0 2013 283 10.000  549.10    1.59    0.00    0.00    0.00
    323 0 2013 283 11.000  533.20   -1.16    0.00    0.00    0.00
    324 0 2013 283 12.000  528.50    0.88    0.00    0.00    0.00
    325 0 2013 283 13.000  527.90   -2.26    0.00    0.00    0.00
    326 0 2013 283 14.000  543.80    1.18    0.00    0.00    0.00
    327 0 2013 283 15.000  559.30   -2.10    0.00    0.00    0.00
    328 0 2013 283 16.000  580.80   -0.52    0.00    0.00    0.00
    329 0 2013 283 17.000  596.40   -2.36    0.00    0.00    0.00
    330 0 2013 283 18.000  610.20   -0.79    0.00    0.00    0.00
    331 0 2013 283 19.000  611.10   -3.70    0.00    0.00    0.00
    332 0 2013 283 20.000  601.00   -7.70    0.00    0.00    0.00
    333 0 2013 283 21.000  592.70   -2.51    0.00    0.00    0.00
    334 0 2013 283 22.000  578.40   -0.37    0.00    0.00    0.00
    335 0 2013 283 23.000  560.30   -2.29    0.00    0.00    0.00
    336 0 2013 284  0.000  548.90   -0.45    0.00    0.00    0.00
    337 0 2013 284  1.000  542.00   -0.82    0.00    0.00    0.00
    338 0 2013 284  2.000  543.10   -2.45    0.00    0.00    0.00
    339 0 2013 284  3.000  554.50   -1.20    0.00    0.00    0.00
    340 0 2013 284  4.000  567.25   -1.47    0.00    0.00    0.00
    341 0 2013 284  5.000  583.60    2.35    0.00    0.00    0.00
    342 0 2013 284  6.000  590.30   -0.82    0.00    0.00    0.00
    343 0 2013 284  7.000  596.70    1.33    0.00    0.00    0.00
    344 1 2013 284  8.000 9999.99    0.00    0.00    0.00    0.00
    345 1 2013 284  9.000 9999.99    0.00    0.00    0.00    0.00
    346 1 2013 284 10.000 9999.99    0.00    0.00    0.00    0.00
    347 1 2013 284 11.000 9999.99    0.00    0.00    0.00    0.00
    348 1 2013 284 12.000 9999.99    0.00    0.00    0.00    0.00
    349 0 2013 284 13.000  542.10    4.51    0.00    0.00    0.00
    350 0 2013 284 14.000  540.80    0.49    0.00    0.00    0.00
    351 0 2013 284 15.000  556.80    5.71    0.00    0.00    0.00
    352 0 2013 284 16.000  566.60    0.48    0.00    0.00    0.00
    353 0 2013 284 17.000  581.90   -0.31    0.00    0.00    0.00
    354 0 2013 284 18.000  599.00    1.48    0.00    0.00    0.00
    355 0 2013 284 19.000  607.00   -2.08    0.00    0.00    0.00
    356 0 2013 284 20.000  609.00   -4.09    0.00    0.00    0.00
    357 0 2013 284 21.000  607.30   -1.33    0.00    0.00    0.00
    358 0 2013 284 22.000  594.20   -3.93    0.00    0.00    0.00
    359 0 2013 284 23.000  580.30   -3.95    0.00    0.00    0.00
    360 0 2013 285  0.000  569.60    0.65    0.00    0.00    0.00
    361 0 2013 285  1.000  553.00   -2.79    0.00    0.00    0.00
    362 0 2013 285  2.000  546.90   -2.45    0.00    0.00    0.00
    363 0 2013 285  3.000  551.50    0.36    0.00    0.00    0.00
    364 0 2013 285  4.000  557.80   -0.70    0.00    0.00    0.00
    365 0 2013 285  5.000  568.00   -0.39    0.00    0.00    0.00
    366 0 2013 285  6.000  582.80    3.53    0.00    0.00    0.00
    367 0 2013 285  7.000  592.00    3.06    0.00    0.00    0.00
    368 0 2013 285  8.000  594.60    0.78    0.00    0.00    0.00
    369 0 2013 285  9.000  595.60    3.43    0.00    0.00    0.00
    370 0 2013 285 10.000  591.00    5.39    0.00    0.00    0.00
    371 0 2013 285 11.000  579.10    2.85    0.00    0.00    0.00
    372 0 2013 285 12.000  564.40   -0.76    0.00    0.00    0.00
    373 0 2013 285 13.000  561.25    6.66    0.00    0.00    0.00
    374 0 2013 285 14.000  552.40    3.65    0.00    0.00    0.00
    375 0 2013 285 15.000  551.35    1.25    0.00    0.00    0.00
    376 0 2013 285 16.000  557.80    0.50    0.00    0.00    0.00
    377 1 2013 285 17.000 9999.99    0.00    0.00    0.00    0.00
    378 0 2013 285 18.000  585.00    3.87    0.00    0.00    0.00
    379 0 2013 285 19.000  598.00    2.80    0.00    0.00    0.00
    380 0 2013 285 20.000  608.10    1.78    0.00    0.00    0.00
    381 0 2013 285 21.000  613.30    2.25    0.00    0.00    0.00
    382 0 2013 285 22.000  610.10    1.05    0.00    0.00    0.00
    383 0 2013 285 23.000  601.70    0.26    0.00    0.00    0.00
    384 0 2013 286  0.000  591.90    2.98    0.00    0.00    0.00
    385 0 2013 286  1.000  574.50    0.81    0.00    0.00    0.00
    386 0 2013 286  2.000  560.10   -0.55    0.00    0.00    0.00
    387 0 2013 286  3.000  556.00    1.98    0.00    0.00    0.00
    388 0 2013 286  4.000  554.50    0.48    0.00    0.00    0.00
    389 0 2013 286  5.000  559.10    0.37    0.00    0.00    0.00
    390 0 2013 286  6.000  565.50   -1.68    0.00    0.00    0.00
    391 0 2013 286  7.000  577.60   -0.69    0.00    0.00    0.00
    392 0 2013 286  8.000  589.40    0.50    0.00    0.00    0.00
    393 0 2013 286  9.000  597.80    2.27    0.00    0.00    0.00
    394 0 2013 286 10.000  596.70   -0.58    0.00    0.00    0.00
    395 0 2013 286 11.000  597.00    2.26    0.00    0.00    0.00
    396 0 2013 286 12.000  589.10    1.33    0.00    0.00    0.00
    397 0 2013 286 13.000  578.00    1.04    0.00    0.00    0.00
    398 0 2013 286 14.000  565.20   -0.63    0.00    0.00    0.00
    399 0 2013 286 15.000  557.70   -0.95    0.00    0.00    0.00
    400 0 2013 286 16.000  556.90    0.07    0.00    0.00    0.00
    401 0 2013 286 17.000  558.10   -1.44    0.00    0.00    0.00
    402 0 2013 286 18.000  565.40   -1.32    0.00    0.00    0.00
    403 0 2013 286 19.000  580.60    2.21    0.00    0.00    0.00
    404 0 2013 286 20.000  595.70    3.69    0.00    0.00    0.00
    405 0 2013 286 21.000  605.70    2.29    0.00    0.00    0.00
    406 0 2013 286 22.000  611.30    1.35    0.00    0.00    0.00
    407 0 2013 286 23.000  610.50   -0.28    0.00    0.00    0.00
    408 0 2013 287  0.000  604.10   -0.88    0.00    0.00    0.00
    409 0 2013 287  1.000  592.20   -0.38    0.00    0.00    0.00
    410 0 2013 287  2.000  573.90   -3.15    0.00    0.00    0.00
    411 0 2013 287  3.000  561.60   -2.21    0.00    0.00    0.00
    412 0 2013 287  4.000  554.30   -1.72    0.00    0.00    0.00
    413 0 2013 287  5.000  550.10   -3.68    0.00    0.00    0.00
    414 0 2013 287  6.000  555.70   -1.33    0.00    0.00    0.00
    415 0 2013 287  7.000  566.20    0.29    0.00    0.00    0.00
    416 0 2013 287  8.000  576.20   -2.36    0.00    0.00    0.00
    417 0 2013 287  9.000  587.80   -3.31    0.00    0.00    0.00
    418 0 2013 287 10.000  599.60   -1.10    0.00    0.00    0.00
    419 0 2013 287 11.000  606.40    0.21    0.00    0.00    0.00
    420 0 2013 287 12.000  605.60   -0.63    0.00    0.00    0.00
    421 0 2013 287 13.000  599.30   -0.16    0.00    0.00    0.00
    422 0 2013 287 14.000  588.20    0.79    0.00    0.00    0.00
    423 0 2013 287 15.000  580.70    6.22    0.00    0.00    0.00
    424 0 2013 287 16.000  571.00    6.64    0.00    0.00    0.00
    425 0 2013 287 17.000  561.40    3.02    0.00    0.00    0.00
    426 0 2013 287 18.000  563.90    6.40    0.00    0.00    0.00
    427 0 2013 287 19.000  572.30    9.09    0.00    0.00    0.00
    428 0 2013 287 20.000  579.60    4.59    0.00    0.00    0.00
    429 0 2013 287 21.000  596.00    6.58    0.00    0.00    0.00
    430 0 2013 287 22.000  609.20    6.72    0.00    0.00    0.00
    431 0 2013 287 23.000  620.60    9.03    0.00    0.00    0.00
    432 0 2013 288  0.000  618.30    3.97    0.00    0.00    0.00
    433 0 2013 288  1.000  620.10   11.47    0.00    0.00    0.00
    434 0 2013 288  2.000  606.70   11.46    0.00    0.00    0.00
    435 0 2013 288  3.000  589.10   10.36    0.00    0.00    0.00
    436 0 2013 288  4.000  571.40    7.19    0.00    0.00    0.00
    437 0 2013 288  5.000  562.50    8.13    0.00    0.00    0.00
    438 0 2013 288  6.000  555.00    4.44    0.00    0.00    0.00
    439 0 2013 288  7.000  558.55    4.38    0.00    0.00    0.00
    440 0 2013 288  8.000  567.90    2.83    0.00    0.00    0.00
    441 0 2013 288  9.000  580.50    0.18    0.00    0.00    0.00
    442 0 2013 288 10.000  600.60    4.67    0.00    0.00    0.00
    443 0 2013 288 11.000  614.30    5.32    0.00    0.00    0.00
    444 0 2013 288 12.000  613.60   -3.36    0.00    0.00    0.00
    445 0 2013 288 13.000  619.00    1.86    0.00    0.00    0.00
    446 0 2013 288 14.000  607.90   -0.65    0.00    0.00    0.00
    447 0 2013 288 15.000  591.40   -2.50    0.00    0.00    0.00
    448 0 2013 288 16.000  575.80   -2.01    0.00    0.00    0.00
    449 0 2013 288 17.000  560.90   -2.99    0.00    0.00    0.00
    450 0 2013 288 18.000  551.20   -3.47    0.00    0.00    0.00
    451 0 2013 288 19.000  550.10   -2.59    0.00    0.00    0.00
    452 0 2013 288 20.000  556.20   -3.19    0.00    0.00    0.00
    453 0 2013 288 21.000  567.60   -5.55    0.00    0.00    0.00
    454 0 2013 288 22.000  585.20   -4.76    0.00    0.00    0.00
    455 0 2013 288 23.000  602.60   -3.04    0.00    0.00    0.00
    456 0 2013 289  0.000  613.90   -2.61    0.00    0.00    0.00
    457 0 2013 289  1.000  619.20    0.11    0.00    0.00    0.00
    458 0 2013 289  2.000  610.60   -1.01    0.00    0.00    0.00
    459 0 2013 289  3.000  596.20    0.13    0.00    0.00    0.00
    460 0 2013 289  4.000  582.00    4.61    0.00    0.00    0.00
    461 0 2013 289  5.000  566.40    5.90    0.00    0.00    0.00
    462 0 2013 289  6.000  550.20    1.25    0.00    0.00    0.00
    463 0 2013 289  7.000  546.20    0.83    0.00    0.00    0.00
    464 0 2013 289  8.000  549.10   -2.11    0.00    0.00    0.00
    465 0 2013 289  9.000  562.60   -2.80    0.00    0.00    0.00
    466 0 2013 289 10.000  580.00   -4.33    0.00    0.00    0.00
    467 0 2013 289 11.000  600.00   -3.53    0.00    0.00    0.00
    468 0 2013 289 12.000  618.80   -0.13    0.00    0.00    0.00
    469 0 2013 289 13.000  628.60    1.76    0.00    0.00    0.00
    470 0 2013 289 14.000  623.50   -1.19    0.00    0.00    0.00
    471 0 2013 289 15.000  611.70   -1.02    0.00    0.00    0.00
    472 0 2013 289 16.000  592.90   -1.42    0.00    0.00    0.00
    473 0 2013 289 17.000  572.70   -1.73    0.00    0.00    0.00
    474 0 2013 289 18.000  555.50   -2.21    0.00    0.00    0.00
    475 0 2013 289 19.000  547.00   -0.99    0.00    0.00    0.00
    476 0 2013 289 20.000  547.80   -0.12    0.00    0.00    0.00
    477 0 2013 289 21.000  561.30    3.40    0.00    0.00    0.00
    478 0 2013 289 22.000  578.40    3.05    0.00    0.00    0.00
    479 0 2013 289 23.000  603.50    7.97    0.00    0.00    0.00
    480 0 2013 290  0.000  621.30    8.26    0.00    0.00    0.00
    481 0 2013 290  1.000  628.20    4.96    0.00    0.00    0.00
    482 0 2013 290  2.000  628.45    5.35    0.00    0.00    0.00
    483 0 2013 290  3.000  615.00    2.78    0.00    0.00    0.00
    484 0 2013 290  4.000  601.30    7.99    0.00    0.00    0.00
    485 0 2013 290  5.000  573.90    2.39    0.00    0.00    0.00
    486 0 2013 290  6.000  553.40    0.77    0.00    0.00    0.00
    487 0 2013 290  7.000  543.75    2.48    0.00    0.00    0.00
    488 0 2013 290  8.000  542.00    1.90    0.00    0.00    0.00
    489 0 2013 290  9.000  550.30    0.60    0.00    0.00    0.00
    490 0 2013 290 10.000  571.40    3.18    0.00    0.00    0.00
    491 0 2013 290 11.000  591.80    0.49    0.00    0.00    0.00
    492 0 2013 290 12.000  614.00    0.93    0.00    0.00    0.00
    493 0 2013 290 13.000  631.80    3.64    0.00    0.00    0.00
    494 0 2013 290 14.000  635.40    2.19    0.00    0.00    0.00
    495 0 2013 290 15.000  628.00    0.99    0.00    0.00    0.00
    496 0 2013 290 16.000  613.50    2.83    0.00    0.00    0.00
    497 0 2013 290 17.000  587.60   -0.51    0.00    0.00    0.00
    498 0 2013 290 18.000  565.35   -0.15    0.00    0.00    0.00
    499 0 2013 290 19.000  549.80    0.98    0.00    0.00    0.00
    500 0 2013 290 20.000  541.90    0.01    0.00    0.00    0.00
    501 0 2013 290 21.000  545.90   -0.25    0.00    0.00    0.00
    502 0 2013 290 22.000  562.80    1.82    0.00    0.00    0.00
    503 0 2013 290 23.000  585.90    3.03    0.00    0.00    0.00
    504 0 2013 291  0.000  608.10    2.67    0.00    0.00    0.00
    505 0 2013 291  1.000  619.00   -2.99    0.00    0.00    0.00
    506 0 2013 291  2.000  623.80   -4.69    0.00    0.00    0.00
    507 0 2013 291  3.000  619.90   -3.85    0.00    0.00    0.00
    508 0 2013 291  4.000  603.40   -5.03    0.00    0.00    0.00
    509 0 2013 291  5.000  578.00   -7.59    0.00    0.00    0.00
    510 0 2013 291  6.000  554.70   -6.64    0.00    0.00    0.00
    511 0 2013 291  7.000  535.90   -6.80    0.00    0.00    0.00
    512 0 2013 291  8.000  529.70   -4.45    0.00    0.00    0.00
    513 0 2013 291  9.000  530.50   -6.66    0.00    0.00    0.00
    514 0 2013 291 10.000  549.40   -2.08    0.00    0.00    0.00
    515 0 2013 291 11.000  575.00    0.26    0.00    0.00    0.00
    516 0 2013 291 12.000  603.20    2.23    0.00    0.00    0.00
    517 0 2013 291 13.000  624.50    1.97    0.00    0.00    0.00
    518 0 2013 291 14.000  634.90    0.64    0.00    0.00    0.00
    519 0 2013 291 15.000  636.40    1.81    0.00    0.00    0.00
    520 0 2013 291 16.000  625.50    1.94    0.00    0.00    0.00
    521 0 2013 291 17.000  601.00   -1.70    0.00    0.00    0.00
    522 0 2013 291 18.000  577.50    0.40    0.00    0.00    0.00
    523 0 2013 291 19.000  556.50    1.92    0.00    0.00    0.00
    524 0 2013 291 20.000  540.60   -0.64    0.00    0.00    0.00
    525 0 2013 291 21.000  539.75    0.41    0.00    0.00    0.00
    526 0 2013 291 22.000  549.30    0.24    0.00    0.00    0.00
    527 0 2013 291 23.000  564.80   -4.23    0.00    0.00    0.00
    528 0 2013 292  0.000  586.90   -7.22    0.00    0.00    0.00
    529 0 2013 292  1.000  610.10   -5.90    0.00    0.00    0.00
    530 0 2013 292  2.000  622.40   -5.77    0.00    0.00    0.00
    531 0 2013 292  3.000  623.50   -5.44    0.00    0.00    0.00
    532 0 2013 292  4.000  613.40   -5.54    0.00    0.00    0.00
    533 0 2013 292  5.000  594.10   -5.15    0.00    0.00    0.00
    534 0 2013 292  6.000  567.70   -5.93    0.00    0.00    0.00
    535 0 2013 292  7.000  545.80   -3.84    0.00    0.00    0.00
    536 0 2013 292  8.000  531.40   -2.98    0.00    0.00    0.00
    537 0 2013 292  9.000  533.50    2.81    0.00    0.00    0.00
    538 0 2013 292 10.000  540.00    1.28    0.00    0.00    0.00
    539 0 2013 292 11.000  558.50    0.50    0.00    0.00    0.00
    540 0 2013 292 12.000  583.40   -1.60    0.00    0.00    0.00
    541 0 2013 292 13.000  611.90    0.29    0.00    0.00    0.00
    542 0 2013 292 14.000  628.70   -0.99    0.00    0.00    0.00
    543 0 2013 292 15.000  634.30   -1.76    0.00    0.00    0.00
    544 0 2013 292 16.000  629.20   -1.91    0.00    0.00    0.00
    545 0 2013 292 17.000  611.00   -4.36    0.00    0.00    0.00
    546 0 2013 292 18.000  587.70   -3.32    0.00    0.00    0.00
    547 0 2013 292 19.000  562.80   -2.19    0.00    0.00    0.00
    548 0 2013 292 20.000  541.30   -4.43    0.00    0.00    0.00
    549 0 2013 292 21.000  530.30   -7.39    0.00    0.00    0.00
    550 0 2013 292 22.000  532.70   -8.60    0.00    0.00    0.00
    551 0 2013 292 23.000  548.80   -7.33    0.00    0.00    0.00
    552 0 2013 293  0.000  567.90  -11.87    0.00    0.00    0.00
    553 0 2013 293  1.000  594.10  -10.77    0.00    0.00    0.00
    554 0 2013 293  2.000  611.20  -11.17    0.00    0.00    0.00
    555 0 2013 293  3.000  617.30  -10.73    0.00    0.00    0.00
    556 0 2013 293  4.000  614.50   -8.38    0.00    0.00    0.00
    557 0 2013 293  5.000  603.10   -5.32    0.00    0.00    0.00
    558 0 2013 293  6.000  578.45   -7.57    0.00    0.00    0.00
    559 0 2013 293  7.000  555.10   -5.64    0.00    0.00    0.00
    560 0 2013 293  8.000  535.20   -5.49    0.00    0.00    0.00
    561 0 2013 293  9.000  528.50   -2.70    0.00    0.00    0.00
    562 0 2013 293 10.000  530.50   -2.58    0.00    0.00    0.00
    563 0 2013 293 11.000  545.80   -0.27    0.00    0.00    0.00
    564 0 2013 293 12.000  567.10   -2.24    0.00    0.00    0.00
    565 0 2013 293 13.000  596.90   -0.55    0.00    0.00    0.00
    566 0 2013 293 14.000  618.40   -2.59    0.00    0.00    0.00
    567 0 2013 293 15.000  627.55   -5.80    0.00    0.00    0.00
    568 0 2013 293 16.000  633.00   -0.96    0.00    0.00    0.00
    569 0 2013 293 17.000  616.50   -7.64    0.00    0.00    0.00
    570 0 2013 293 18.000  600.40   -4.20    0.00    0.00    0.00
    571 0 2013 293 19.000  575.30   -3.72    0.00    0.00    0.00
    572 0 2013 293 20.000  554.60   -0.87    0.00    0.00    0.00
    573 0 2013 293 21.000  541.70    0.51    0.00    0.00    0.00
    574 0 2013 293 22.000  538.10   -0.25    0.00    0.00    0.00
    575 0 2013 293 23.000  544.50   -1.98    0.00    0.00    0.00
    576 0 2013 294  0.000  559.50   -5.28    0.00    0.00    0.00
    577 0 2013 294  1.000  587.60   -1.45    0.00    0.00    0.00
    578 0 2013 294  2.000  607.50   -2.92    0.00    0.00    0.00
    579 0 2013 294  3.000  620.00   -1.31    0.00    0.00    0.00
    580 0 2013 294  4.000  623.50    2.86    0.00    0.00    0.00
    581 0 2013 294  5.000  614.45    3.38    0.00    0.00    0.00
    582 0 2013 294  6.000  593.80   -0.47    0.00    0.00    0.00
    583 0 2013 294  7.000  570.90   -1.53    0.00    0.00    0.00
    584 0 2013 294  8.000  548.80   -2.67    0.00    0.00    0.00
    585 0 2013 294  9.000  536.70   -1.37    0.00    0.00    0.00
    586 0 2013 294 10.000  535.10    0.11    0.00    0.00    0.00
    587 0 2013 294 11.000  545.20    3.21    0.00    0.00    0.00
    588 0 2013 294 12.000  560.80    1.85    0.00    0.00    0.00
    589 0 2013 294 13.000  585.20    1.33    0.00    0.00    0.00
    590 0 2013 294 14.000  610.00    0.33    0.00    0.00    0.00
    591 0 2013 294 15.000  629.20    1.54    0.00    0.00    0.00
    592 0 2013 294 16.000  630.40   -3.50    0.00    0.00    0.00
    593 0 2013 294 17.000  629.30   -0.08    0.00    0.00    0.00
    594 0 2013 294 18.000  613.80   -1.73    0.00    0.00    0.00
    595 0 2013 294 19.000  593.80   -0.13    0.00    0.00    0.00
    596 0 2013 294 20.000  569.60   -0.03    0.00    0.00    0.00
    597 0 2013 294 21.000  554.40    4.23    0.00    0.00    0.00
    598 0 2013 294 22.000  545.10    4.66    0.00    0.00    0.00
    599 0 2013 294 23.000  546.10    4.79    0.00    0.00    0.00
    600 0 2013 295  0.000  558.20    5.93    0.00    0.00    0.00
    601 0 2013 295  1.000  576.60    5.12    0.00    0.00    0.00
    602 0 2013 295  2.000  597.40    4.43    0.00    0.00    0.00
    603 0 2013 295  3.000  613.90    5.53    0.00    0.00    0.00
    604 0 2013 295  4.000  624.10   11.12    0.00    0.00    0.00
    605 0 2013 295  5.000  619.40   11.41    0.00    0.00    0.00
    606 0 2013 295  6.000  607.60   11.18    0.00    0.00    0.00
    607 0 2013 295  7.000  589.40    9.02    0.00    0.00    0.00
    608 0 2013 295  8.000  570.70    7.74    0.00    0.00    0.00
    609 0 2013 295  9.000  551.80    2.61    0.00    0.00    0.00
    610 0 2013 295 10.000  546.80    3.79    0.00    0.00    0.00
    611 0 2013 295 11.000  549.00    3.53    0.00    0.00    0.00
    612 0 2013 295 12.000  559.90    3.45    0.00    0.00    0.00
    613 0 2013 295 13.000  576.80    1.38    0.00    0.00    0.00
    614 0 2013 295 14.000  600.30    1.45    0.00    0.00    0.00
    615 0 2013 295 15.000  615.00   -4.69    0.00    0.00    0.00
    616 0 2013 295 16.000  629.80   -1.74    0.00    0.00    0.00
    617 0 2013 295 17.000  634.00    1.56    0.00    0.00    0.00
    618 0 2013 295 18.000  621.50   -2.11    0.00    0.00    0.00
    619 0 2013 295 19.000  605.10   -1.80    0.00    0.00    0.00
    620 0 2013 295 20.000  585.20   -0.07    0.00    0.00    0.00
    621 0 2013 295 21.000  567.30    3.47    0.00    0.00    0.00
    622 0 2013 295 22.000  554.00    5.95    0.00    0.00    0.00
    623 0 2013 295 23.000  549.00    7.78    0.00    0.00    0.00
    624 0 2013 296  0.000  554.60   10.38    0.00    0.00    0.00
    625 0 2013 296  1.000  568.10   11.91    0.00    0.00    0.00
    626 0 2013 296  2.000  584.50   10.87    0.00    0.00    0.00
    627 0 2013 296  3.000  604.70   14.45    0.00    0.00    0.00
    628 0 2013 296  4.000  616.30   16.33    0.00    0.00    0.00
    629 1 2013 296  5.000  621.50    0.00    0.00    0.00    0.00
    630 1 2013 296  6.000  614.45    0.00    0.00    0.00    0.00
    631 0 2013 296  7.000  599.80   17.01    0.00    0.00    0.00
    632 1 2013 296  8.000  585.90    0.00    0.00    0.00    0.00
    633 0 2013 296  9.000  569.00    8.43    0.00    0.00    0.00
    634 0 2013 296 10.000  556.35    1.88    0.00    0.00    0.00
    635 0 2013 296 11.000  552.90   -1.33    0.00    0.00    0.00
    636 0 2013 296 12.000  562.00    1.22    0.00    0.00    0.00
    637 0 2013 296 13.000  571.10   -3.02    0.00    0.00    0.00
    638 0 2013 296 14.000  589.70   -2.72    0.00    0.00    0.00
    639 0 2013 296 15.000  612.80    1.14    0.00    0.00    0.00
    640 0 2013 296 16.000  630.00    3.33    0.00    0.00    0.00
    641 0 2013 296 17.000  634.60    1.39    0.00    0.00    0.00
    642 0 2013 296 18.000  633.40    3.76    0.00    0.00    0.00
    643 0 2013 296 19.000  623.60    6.39    0.00    0.00    0.00
    644 0 2013 296 20.000  606.50    7.35    0.00    0.00    0.00
    645 0 2013 296 21.000  588.40    9.32    0.00    0.00    0.00
    646 0 2013 296 22.000  568.20    7.75    0.00    0.00    0.00
    647 1 2013 296 23.000  568.30    0.00    0.00    0.00    0.00
