                                                                                
                                                                                
                                                                                
                                                                                
                                                                                
                                                                                
                                                                                
                                                                                
                                                                                
                                                                                
                                                                                
                                                                                
                                                                                
                                                                                
                                                                                
                                                                                
                                                                                
                                                                                
                                                                                
                                                                                
      1 1 2013 270  0.000 9999.99    0.00    0.00    0.00    0.00
      2 0 2013 270  1.000   57.20   -6.99    0.00    0.00    0.00
      3 0 2013 270  2.000   58.30   -5.55    0.00    0.00    0.00
      4 1 2013 270  3.000 9999.99    0.00    0.00    0.00    0.00
      5 1 2013 270  4.000 9999.99    0.00    0.00    0.00    0.00
      6 1 2013 270  5.000 9999.99    0.00    0.00    0.00    0.00
      7 0 2013 270  6.000   83.20   -4.50    0.00    0.00    0.00
      8 0 2013 270  7.000   89.00   -3.28    0.00    0.00    0.00
      9 0 2013 270  8.000   85.20   -6.15    0.00    0.00    0.00
     10 0 2013 270  9.000   84.60   -1.51    0.00    0.00    0.00
     11 0 2013 270 10.000   76.00   -4.69    0.00    0.00    0.00
     12 0 2013 270 11.000   69.70   -5.43    0.00    0.00    0.00
     13 0 2013 270 12.000   59.40   -7.74    0.00    0.00    0.00
     14 0 2013 270 13.000   54.50   -4.81    0.00    0.00    0.00
     15 0 2013 270 14.000   56.80   -0.89    0.00    0.00    0.00
     16 0 2013 270 15.000   61.00   -2.31    0.00    0.00    0.00
     17 0 2013 270 16.000   67.80   -3.59    0.00    0.00    0.00
     18 0 2013 270 17.000   77.30   -1.76    0.00    0.00    0.00
     19 0 2013 270 18.000   85.60   -1.79    0.00    0.00    0.00
     20 0 2013 270 19.000   94.30   -1.28    0.00    0.00    0.00
     21 0 2013 270 20.000   97.80   -1.82    0.00    0.00    0.00
     22 0 2013 270 21.000   95.40   -2.91    0.00    0.00    0.00
     23 0 2013 270 22.000   89.80   -4.99    0.00    0.00    0.00
     24 0 2013 270 23.000   84.30   -6.24    0.00    0.00    0.00
     25 0 2013 271  0.000   76.20   -7.30    0.00    0.00    0.00
     26 0 2013 271  1.000   72.50   -1.57    0.00    0.00    0.00
     27 0 2013 271  2.000   68.70    1.28    0.00    0.00    0.00
     28 0 2013 271  3.000   69.20    2.27    0.00    0.00    0.00
     29 0 2013 271  4.000   71.30    1.24    0.00    0.00    0.00
     30 0 2013 271  5.000   73.00   -0.44    0.00    0.00    0.00
     31 0 2013 271  6.000   77.70    0.23    0.00    0.00    0.00
     32 0 2013 271  7.000   81.60   -1.29    0.00    0.00    0.00
     33 0 2013 271  8.000   87.10    0.07    0.00    0.00    0.00
     34 0 2013 271  9.000   86.00   -1.29    0.00    0.00    0.00
     35 0 2013 271 10.000   85.00   -0.04    0.00    0.00    0.00
     36 0 2013 271 11.000   76.00   -6.30    0.00    0.00    0.00
     37 0 2013 271 12.000   75.90   -2.00    0.00    0.00    0.00
     38 0 2013 271 13.000   66.60   -4.16    0.00    0.00    0.00
     39 0 2013 271 14.000   64.10   -0.04    0.00    0.00    0.00
     40 0 2013 271 15.000   60.80   -1.66    0.00    0.00    0.00
     41 0 2013 271 16.000   64.30   -1.37    0.00    0.00    0.00
     42 0 2013 271 17.000   67.60   -3.07    0.00    0.00    0.00
     43 0 2013 271 18.000   72.40   -4.11    0.00    0.00    0.00
     44 0 2013 271 19.000   83.50   -0.52    0.00    0.00    0.00
     45 0 2013 271 20.000   88.80   -2.97    0.00    0.00    0.00
     46 0 2013 271 21.000   93.30   -3.22    0.00    0.00    0.00
     47 0 2013 271 22.000   94.00   -3.49    0.00    0.00    0.00
     48 0 2013 271 23.000   96.10   -0.11    0.00    0.00    0.00
     49 0 2013 272  0.000   89.50   -3.21    0.00    0.00    0.00
     50 0 2013 272  1.000   82.70   -2.97    0.00    0.00    0.00
     51 0 2013 272  2.000   73.50   -3.00    0.00    0.00    0.00
     52 0 2013 272  3.000   65.50   -3.97    0.00    0.00    0.00
     53 0 2013 272  4.000   63.40   -3.43    0.00    0.00    0.00
     54 0 2013 272  5.000   59.90   -7.24    0.00    0.00    0.00
     55 0 2013 272  6.000   65.40   -3.54    0.00    0.00    0.00
     56 0 2013 272  7.000   65.90   -7.04    0.00    0.00    0.00
     57 0 2013 272  8.000   73.60   -5.57    0.00    0.00    0.00
     58 0 2013 272  9.000   79.70   -5.42    0.00    0.00    0.00
     59 0 2013 272 10.000   83.90   -4.52    0.00    0.00    0.00
     60 0 2013 272 11.000   84.20   -4.93    0.00    0.00    0.00
     61 0 2013 272 12.000   85.90   -1.82    0.00    0.00    0.00
     62 0 2013 272 13.000   79.10   -4.16    0.00    0.00    0.00
     63 0 2013 272 14.000   74.80   -0.97    0.00    0.00    0.00
     64 0 2013 272 15.000   68.40    0.10    0.00    0.00    0.00
     65 0 2013 272 16.000   65.00    0.56    0.00    0.00    0.00
     66 0 2013 272 17.000   64.50   -0.24    0.00    0.00    0.00
     67 0 2013 272 18.000   66.30   -1.49    0.00    0.00    0.00
     68 0 2013 272 19.000   69.20   -4.07    0.00    0.00    0.00
     69 0 2013 272 20.000   80.10   -1.42    0.00    0.00    0.00
     70 0 2013 272 21.000   90.00   -0.88    0.00    0.00    0.00
     71 0 2013 272 22.000   96.50   -1.61    0.00    0.00    0.00
     72 0 2013 272 23.000  102.20    0.79    0.00    0.00    0.00
     73 0 2013 273  0.000   99.20   -1.76    0.00    0.00    0.00
     74 0 2013 273  1.000   96.10   -0.61    0.00    0.00    0.00
     75 0 2013 273  2.000   86.40   -1.90    0.00    0.00    0.00
     76 1 2013 273  3.000 9999.99    0.00    0.00    0.00    0.00
     77 1 2013 273  4.000 9999.99    0.00    0.00    0.00    0.00
     78 0 2013 273  5.000   60.30   -2.41    0.00    0.00    0.00
     79 0 2013 273  6.000   60.50   -0.94    0.00    0.00    0.00
     80 0 2013 273  7.000   59.90   -3.62    0.00    0.00    0.00
     81 0 2013 273  8.000   68.60   -0.85    0.00    0.00    0.00
     82 0 2013 273  9.000   77.30   -1.50    0.00    0.00    0.00
     83 0 2013 273 10.000   86.80   -1.72    0.00    0.00    0.00
     84 0 2013 273 11.000   93.90   -1.22    0.00    0.00    0.00
     85 0 2013 273 12.000   97.10   -0.28    0.00    0.00    0.00
     86 0 2013 273 13.000   92.90   -2.64    0.00    0.00    0.00
     87 0 2013 273 14.000   85.40   -3.98    0.00    0.00    0.00
     88 0 2013 273 15.000   76.80   -2.67    0.00    0.00    0.00
     89 0 2013 273 16.000   64.40   -4.68    0.00    0.00    0.00
     90 0 2013 273 17.000   59.10   -3.22    0.00    0.00    0.00
     91 0 2013 273 18.000   57.20   -3.55    0.00    0.00    0.00
     92 0 2013 273 19.000   55.70   -7.93    0.00    0.00    0.00
     93 0 2013 273 20.000   64.80   -5.90    0.00    0.00    0.00
     94 0 2013 273 21.000   81.50   -0.40    0.00    0.00    0.00
     95 0 2013 273 22.000   91.50   -3.23    0.00    0.00    0.00
     96 0 2013 273 23.000  107.40    2.74    0.00    0.00    0.00
     97 0 2013 274  0.000  107.20   -1.63    0.00    0.00    0.00
     98 0 2013 274  1.000  108.60    1.33    0.00    0.00    0.00
     99 0 2013 274  2.000   98.90   -1.59    0.00    0.00    0.00
    100 0 2013 274  3.000   86.30   -2.40    0.00    0.00    0.00
    101 0 2013 274  4.000   71.40   -2.87    0.00    0.00    0.00
    102 0 2013 274  5.000   59.70   -2.23    0.00    0.00    0.00
    103 0 2013 274  6.000   50.30   -4.91    0.00    0.00    0.00
    104 0 2013 274  7.000   52.00   -2.43    0.00    0.00    0.00
    105 0 2013 274  8.000   56.20   -2.91    0.00    0.00    0.00
    106 0 2013 274  9.000   71.00    1.53    0.00    0.00    0.00
    107 0 2013 274 10.000   85.80    1.85    0.00    0.00    0.00
    108 0 2013 274 11.000  101.10    3.39    0.00    0.00    0.00
    109 0 2013 274 12.000  107.90    1.85    0.00    0.00    0.00
    110 0 2013 274 13.000  107.90    0.20    0.00    0.00    0.00
    111 0 2013 274 14.000  101.40   -1.94    0.00    0.00    0.00
    112 0 2013 274 15.000   92.60   -0.64    0.00    0.00    0.00
    113 0 2013 274 16.000   76.70   -2.23    0.00    0.00    0.00
    114 0 2013 274 17.000   64.30   -0.71    0.00    0.00    0.00
    115 0 2013 274 18.000   53.80   -2.69    0.00    0.00    0.00
    116 0 2013 274 19.000   54.30   -0.72    0.00    0.00    0.00
    117 0 2013 274 20.000   59.00   -0.95    0.00    0.00    0.00
    118 0 2013 274 21.000   71.90    0.89    0.00    0.00    0.00
    119 0 2013 274 22.000   86.20   -0.88    0.00    0.00    0.00
    120 0 2013 274 23.000  103.00   -0.55    0.00    0.00    0.00
    121 0 2013 275  0.000  112.90   -1.63    0.00    0.00    0.00
    122 0 2013 275  1.000  114.60   -2.73    0.00    0.00    0.00
    123 0 2013 275  2.000  111.60   -0.98    0.00    0.00    0.00
    124 0 2013 275  3.000  100.90   -0.26    0.00    0.00    0.00
    125 0 2013 275  4.000   85.00    0.76    0.00    0.00    0.00
    126 0 2013 275  5.000   65.10   -0.84    0.00    0.00    0.00
    127 0 2013 275  6.000   51.90   -0.27    0.00    0.00    0.00
    128 0 2013 275  7.000   44.80   -1.52    0.00    0.00    0.00
    129 0 2013 275  8.000   46.80   -1.70    0.00    0.00    0.00
    130 0 2013 275  9.000   56.70   -1.67    0.00    0.00    0.00
    131 0 2013 275 10.000   72.00   -3.21    0.00    0.00    0.00
    132 0 2013 275 11.000   95.10    0.14    0.00    0.00    0.00
    133 0 2013 275 12.000  111.00    0.10    0.00    0.00    0.00
    134 0 2013 275 13.000  117.50   -0.94    0.00    0.00    0.00
    135 0 2013 275 14.000  118.60    1.47    0.00    0.00    0.00
    136 0 2013 275 15.000  109.20    1.27    0.00    0.00    0.00
    137 0 2013 275 16.000   93.60    1.64    0.00    0.00    0.00
    138 0 2013 275 17.000   75.30    2.44    0.00    0.00    0.00
    139 0 2013 275 18.000   57.70    0.81    0.00    0.00    0.00
    140 0 2013 275 19.000   48.30   -0.53    0.00    0.00    0.00
    141 1 2013 275 20.000 9999.99    0.00    0.00    0.00    0.00
    142 1 2013 275 21.000 9999.99    0.00    0.00    0.00    0.00
    143 1 2013 275 22.000 9999.99    0.00    0.00    0.00    0.00
    144 1 2013 275 23.000 9999.99    0.00    0.00    0.00    0.00
    145 1 2013 276  0.000 9999.99    0.00    0.00    0.00    0.00
    146 1 2013 276  1.000 9999.99    0.00    0.00    0.00    0.00
    147 0 2013 276  2.000  128.80    4.87    0.00    0.00    0.00
    148 0 2013 276  3.000  114.60    0.63    0.00    0.00    0.00
    149 0 2013 276  4.000   98.20    1.94    0.00    0.00    0.00
    150 0 2013 276  5.000   79.40    5.25    0.00    0.00    0.00
    151 0 2013 276  6.000   56.70    2.79    0.00    0.00    0.00
    152 0 2013 276  7.000   45.50    4.16    0.00    0.00    0.00
    153 0 2013 276  8.000   41.40    2.62    0.00    0.00    0.00
    154 0 2013 276  9.000   49.80    3.46    0.00    0.00    0.00
    155 0 2013 276 10.000   64.20    0.78    0.00    0.00    0.00
    156 0 2013 276 11.000   87.50    0.67    0.00    0.00    0.00
    157 0 2013 276 12.000  114.40    4.78    0.00    0.00    0.00
    158 0 2013 276 13.000  125.40    0.68    0.00    0.00    0.00
    159 0 2013 276 14.000  131.20    2.21    0.00    0.00    0.00
    160 0 2013 276 15.000  127.90    5.33    0.00    0.00    0.00
    161 0 2013 276 16.000  112.60    5.87    0.00    0.00    0.00
    162 0 2013 276 17.000   88.40    3.74    0.00    0.00    0.00
    163 0 2013 276 18.000   63.00    0.33    0.00    0.00    0.00
    164 0 2013 276 19.000   49.20    1.89    0.00    0.00    0.00
    165 0 2013 276 20.000   44.50    2.51    0.00    0.00    0.00
    166 0 2013 276 21.000   48.80    1.43    0.00    0.00    0.00
    167 0 2013 276 22.000   67.60    4.54    0.00    0.00    0.00
    168 0 2013 276 23.000   90.40    4.25    0.00    0.00    0.00
    169 0 2013 277  0.000  113.80    3.96    0.00    0.00    0.00
    170 0 2013 277  1.000  127.50    1.02    0.00    0.00    0.00
    171 0 2013 277  2.000  134.40    2.40    0.00    0.00    0.00
    172 0 2013 277  3.000  128.90    2.96    0.00    0.00    0.00
    173 0 2013 277  4.000  111.80    2.40    0.00    0.00    0.00
    174 0 2013 277  5.000   87.00    1.52    0.00    0.00    0.00
    175 0 2013 277  6.000   64.70    4.24    0.00    0.00    0.00
    176 0 2013 277  7.000   44.30    2.93    0.00    0.00    0.00
    177 0 2013 277  8.000   37.10    4.64    0.00    0.00    0.00
    178 0 2013 277  9.000   39.70    4.53    0.00    0.00    0.00
    179 0 2013 277 10.000   54.70    4.87    0.00    0.00    0.00
    180 0 2013 277 11.000   80.80    6.57    0.00    0.00    0.00
    181 0 2013 277 12.000  106.00    4.24    0.00    0.00    0.00
    182 0 2013 277 13.000  125.10    1.05    0.00    0.00    0.00
    183 0 2013 277 14.000  139.10    3.44    0.00    0.00    0.00
    184 0 2013 277 15.000  139.00    4.09    0.00    0.00    0.00
    185 0 2013 277 16.000  125.00    3.03    0.00    0.00    0.00
    186 0 2013 277 17.000  102.40    3.05    0.00    0.00    0.00
    187 0 2013 277 18.000   75.70    2.37    0.00    0.00    0.00
    188 0 2013 277 19.000   55.50    3.87    0.00    0.00    0.00
    189 0 2013 277 20.000   44.10    4.82    0.00    0.00    0.00
    190 0 2013 277 21.000   44.00    5.72    0.00    0.00    0.00
    191 0 2013 277 22.000   54.35    4.79    0.00    0.00    0.00
    192 0 2013 277 23.000   78.80    7.12    0.00    0.00    0.00
    193 0 2013 278  0.000  100.90    2.42    0.00    0.00    0.00
    194 0 2013 278  1.000  123.80    2.57    0.00    0.00    0.00
    195 0 2013 278  2.000  137.60    3.76    0.00    0.00    0.00
    196 0 2013 278  3.000  137.50    3.31    0.00    0.00    0.00
    197 0 2013 278  4.000  124.50    2.52    0.00    0.00    0.00
    198 0 2013 278  5.000  105.20    6.18    0.00    0.00    0.00
    199 0 2013 278  6.000   76.00    4.74    0.00    0.00    0.00
    200 0 2013 278  7.000   50.30    3.41    0.00    0.00    0.00
    201 0 2013 278  8.000   34.80    3.20    0.00    0.00    0.00
    202 0 2013 278  9.000   34.20    6.43    0.00    0.00    0.00
    203 0 2013 278 10.000   43.00    6.10    0.00    0.00    0.00
    204 0 2013 278 11.000   64.40    5.62    0.00    0.00    0.00
    205 0 2013 278 12.000   92.20    4.04    0.00    0.00    0.00
    206 0 2013 278 13.000  118.10    2.20    0.00    0.00    0.00
    207 0 2013 278 14.000  137.40    2.67    0.00    0.00    0.00
    208 0 2013 278 15.000  144.20    2.70    0.00    0.00    0.00
    209 0 2013 278 16.000  139.40    4.48    0.00    0.00    0.00
    210 0 2013 278 17.000  118.30    2.86    0.00    0.00    0.00
    211 0 2013 278 18.000   89.50    1.35    0.00    0.00    0.00
    212 0 2013 278 19.000   65.60    3.86    0.00    0.00    0.00
    213 0 2013 278 20.000   47.20    4.19    0.00    0.00    0.00
    214 0 2013 278 21.000   37.70    2.88    0.00    0.00    0.00
    215 0 2013 278 22.000   44.20    5.29    0.00    0.00    0.00
    216 0 2013 278 23.000   64.90    8.73    0.00    0.00    0.00
    217 0 2013 279  0.000   88.50    5.87    0.00    0.00    0.00
    218 0 2013 279  1.000  113.20    3.90    0.00    0.00    0.00
    219 0 2013 279  2.000  132.40    4.24    0.00    0.00    0.00
    220 0 2013 279  3.000  138.10    2.36    0.00    0.00    0.00
    221 0 2013 279  4.000  131.60    0.89    0.00    0.00    0.00
    222 0 2013 279  5.000  113.70    1.02    0.00    0.00    0.00
    223 0 2013 279  6.000   89.70    4.24    0.00    0.00    0.00
    224 0 2013 279  7.000   60.60    3.00    0.00    0.00    0.00
    225 0 2013 279  8.000   37.50    0.66    0.00    0.00    0.00
    226 0 2013 279  9.000   28.00    1.55    0.00    0.00    0.00
    227 0 2013 279 10.000   30.20    2.08    0.00    0.00    0.00
    228 0 2013 279 11.000   47.50    3.87    0.00    0.00    0.00
    229 0 2013 279 12.000   74.50    3.73    0.00    0.00    0.00
    230 0 2013 279 13.000  102.30    1.11    0.00    0.00    0.00
    231 0 2013 279 14.000  128.60    2.78    0.00    0.00    0.00
    232 0 2013 279 15.000  142.60    2.59    0.00    0.00    0.00
    233 0 2013 279 16.000  145.50    3.69    0.00    0.00    0.00
    234 0 2013 279 17.000  130.90    1.26    0.00    0.00    0.00
    235 0 2013 279 18.000  109.10    3.67    0.00    0.00    0.00
    236 0 2013 279 19.000   79.80    2.77    0.00    0.00    0.00
    237 0 2013 279 20.000   56.80    3.54    0.00    0.00    0.00
    238 0 2013 279 21.000   39.80    1.29    0.00    0.00    0.00
    239 0 2013 279 22.000   36.80    2.24    0.00    0.00    0.00
    240 0 2013 279 23.000   46.70    3.08    0.00    0.00    0.00
    241 0 2013 280  0.000   64.80   -0.41    0.00    0.00    0.00
    242 0 2013 280  1.000   93.30    0.96    0.00    0.00    0.00
    243 0 2013 280  2.000  115.10   -0.50    0.00    0.00    0.00
    244 0 2013 280  3.000  129.50   -0.08    0.00    0.00    0.00
    245 0 2013 280  4.000  133.50    0.99    0.00    0.00    0.00
    246 0 2013 280  5.000  122.30   -0.40    0.00    0.00    0.00
    247 0 2013 280  6.000   98.80   -1.82    0.00    0.00    0.00
    248 0 2013 280  7.000   70.20   -2.46    0.00    0.00    0.00
    249 0 2013 280  8.000   44.20   -3.75    0.00    0.00    0.00
    250 0 2013 280  9.000   26.80   -5.05    0.00    0.00    0.00
    251 0 2013 280 10.000   22.90   -3.23    0.00    0.00    0.00
    252 0 2013 280 11.000   28.80   -4.18    0.00    0.00    0.00
    253 0 2013 280 12.000   48.40   -4.99    0.00    0.00    0.00
    254 0 2013 280 13.000   77.90   -4.35    0.00    0.00    0.00
    255 0 2013 280 14.000  107.00   -3.17    0.00    0.00    0.00
    256 0 2013 280 15.000  129.90   -0.50    0.00    0.00    0.00
    257 0 2013 280 16.000  137.90   -2.42    0.00    0.00    0.00
    258 0 2013 280 17.000  132.40   -5.31    0.00    0.00    0.00
    259 0 2013 280 18.000  117.70   -3.65    0.00    0.00    0.00
    260 0 2013 280 19.000   94.40   -1.17    0.00    0.00    0.00
    261 0 2013 280 20.000   64.40   -4.89    0.00    0.00    0.00
    262 0 2013 280 21.000   44.80   -4.50    0.00    0.00    0.00
    263 0 2013 280 22.000   32.70   -5.43    0.00    0.00    0.00
    264 0 2013 280 23.000   33.10   -4.87    0.00    0.00    0.00
    265 0 2013 281  0.000   45.50   -5.34    0.00    0.00    0.00
    266 0 2013 281  1.000   67.30   -6.40    0.00    0.00    0.00
    267 0 2013 281  2.000   90.80   -7.31    0.00    0.00    0.00
    268 0 2013 281  3.000  112.70   -4.00    0.00    0.00    0.00
    269 0 2013 281  4.000  120.50   -6.01    0.00    0.00    0.00
    270 0 2013 281  5.000  120.90   -4.82    0.00    0.00    0.00
    271 0 2013 281  6.000  104.60   -7.92    0.00    0.00    0.00
    272 0 2013 281  7.000   83.30   -6.03    0.00    0.00    0.00
    273 0 2013 281  8.000   59.50   -4.41    0.00    0.00    0.00
    274 0 2013 281  9.000   38.90   -4.70    0.00    0.00    0.00
    275 0 2013 281 10.000   26.40   -5.21    0.00    0.00    0.00
    276 0 2013 281 11.000   22.70   -7.17    0.00    0.00    0.00
    277 0 2013 281 12.000   38.20   -2.66    0.00    0.00    0.00
    278 0 2013 281 13.000   60.10   -3.29    0.00    0.00    0.00
    279 0 2013 281 14.000   87.40   -3.09    0.00    0.00    0.00
    280 0 2013 281 15.000  113.10   -1.18    0.00    0.00    0.00
    281 0 2013 281 16.000  126.40   -4.22    0.00    0.00    0.00
    282 0 2013 281 17.000  130.90   -6.24    0.00    0.00    0.00
    283 0 2013 281 18.000  124.00   -7.17    0.00    0.00    0.00
    284 0 2013 281 19.000  108.20   -4.85    0.00    0.00    0.00
    285 0 2013 281 20.000   78.40  -10.43    0.00    0.00    0.00
    286 0 2013 281 21.000   59.20   -6.92    0.00    0.00    0.00
    287 0 2013 281 22.000   41.20   -8.17    0.00    0.00    0.00
    288 0 2013 281 23.000   33.60   -7.41    0.00    0.00    0.00
    289 0 2013 282  0.000   35.60   -8.28    0.00    0.00    0.00
    290 0 2013 282  1.000   51.10   -7.26    0.00    0.00    0.00
    291 0 2013 282  2.000   73.10   -6.22    0.00    0.00    0.00
    292 0 2013 282  3.000   96.90   -2.50    0.00    0.00    0.00
    293 0 2013 282  4.000  111.20   -2.81    0.00    0.00    0.00
    294 0 2013 282  5.000  118.70   -2.16    0.00    0.00    0.00
    295 0 2013 282  6.000  115.10   -2.34    0.00    0.00    0.00
    296 0 2013 282  7.000  100.30   -2.70    0.00    0.00    0.00
    297 0 2013 282  8.000   77.30   -4.42    0.00    0.00    0.00
    298 0 2013 282  9.000   53.70   -6.75    0.00    0.00    0.00
    299 0 2013 282 10.000   40.90   -3.12    0.00    0.00    0.00
    300 0 2013 282 11.000   31.20   -3.94    0.00    0.00    0.00
    301 0 2013 282 12.000   30.50   -6.13    0.00    0.00    0.00
    302 0 2013 282 13.000   43.40   -6.45    0.00    0.00    0.00
    303 0 2013 282 14.000   63.80   -7.58    0.00    0.00    0.00
    304 0 2013 282 15.000   86.00   -8.71    0.00    0.00    0.00
    305 0 2013 282 16.000  100.90  -13.77    0.00    0.00    0.00
    306 0 2013 282 17.000  116.30  -11.88    0.00    0.00    0.00
    307 0 2013 282 18.000  124.00   -8.11    0.00    0.00    0.00
    308 0 2013 282 19.000  119.10   -5.28    0.00    0.00    0.00
    309 0 2013 282 20.000  101.20   -6.02    0.00    0.00    0.00
    310 0 2013 282 21.000   80.70   -5.60    0.00    0.00    0.00
    311 0 2013 282 22.000   61.30   -5.53    0.00    0.00    0.00
    312 0 2013 282 23.000   48.90   -3.44    0.00    0.00    0.00
    313 0 2013 283  0.000   40.00   -6.26    0.00    0.00    0.00
    314 0 2013 283  1.000   53.50    2.66    0.00    0.00    0.00
    315 0 2013 283  2.000   61.80   -2.50    0.00    0.00    0.00
    316 0 2013 283  3.000   75.60   -5.85    0.00    0.00    0.00
    317 0 2013 283  4.000   91.40   -6.14    0.00    0.00    0.00
    318 0 2013 283  5.000  105.80   -3.71    0.00    0.00    0.00
    319 0 2013 283  6.000  110.10   -4.27    0.00    0.00    0.00
    320 0 2013 283  7.000  109.40   -0.36    0.00    0.00    0.00
    321 0 2013 283  8.000   91.20   -5.39    0.00    0.00    0.00
    322 0 2013 283  9.000   76.40   -2.70    0.00    0.00    0.00
    323 0 2013 283 10.000   58.30   -3.46    0.00    0.00    0.00
    324 0 2013 283 11.000   46.80   -1.30    0.00    0.00    0.00
    325 0 2013 283 12.000   40.10   -1.57    0.00    0.00    0.00
    326 0 2013 283 13.000   45.00   -0.25    0.00    0.00    0.00
    327 0 2013 283 14.000   53.60   -4.56    0.00    0.00    0.00
    328 0 2013 283 15.000   75.70   -0.72    0.00    0.00    0.00
    329 0 2013 283 16.000   95.30   -0.50    0.00    0.00    0.00
    330 0 2013 283 17.000  113.90    0.92    0.00    0.00    0.00
    331 0 2013 283 18.000  124.70    0.33    0.00    0.00    0.00
    332 0 2013 283 19.000  122.40   -4.23    0.00    0.00    0.00
    333 0 2013 283 20.000  117.70   -1.55    0.00    0.00    0.00
    334 0 2013 283 21.000  103.10   -1.86    0.00    0.00    0.00
    335 0 2013 283 22.000   85.60   -1.81    0.00    0.00    0.00
    336 0 2013 283 23.000   71.20    1.03    0.00    0.00    0.00
    337 0 2013 284  0.000   58.90    1.46    0.00    0.00    0.00
    338 0 2013 284  1.000   52.70   -0.29    0.00    0.00    0.00
    339 0 2013 284  2.000   54.90   -2.43    0.00    0.00    0.00
    340 0 2013 284  3.000   64.30   -3.40    0.00    0.00    0.00
    341 0 2013 284  4.000   78.00   -2.87    0.00    0.00    0.00
    342 0 2013 284  5.000   93.80   -0.46    0.00    0.00    0.00
    343 0 2013 284  6.000  101.30   -3.31    0.00    0.00    0.00
    344 0 2013 284  7.000  106.50   -1.94    0.00    0.00    0.00
    345 0 2013 284  8.000  103.70   -0.88    0.00    0.00    0.00
    346 0 2013 284  9.000   96.10    1.39    0.00    0.00    0.00
    347 0 2013 284 10.000   80.40   -0.88    0.00    0.00    0.00
    348 0 2013 284 11.000   67.70    0.89    0.00    0.00    0.00
    349 0 2013 284 12.000   56.00    0.85    0.00    0.00    0.00
    350 0 2013 284 13.000   51.80    1.29    0.00    0.00    0.00
    351 0 2013 284 14.000   53.50   -0.77    0.00    0.00    0.00
    352 0 2013 284 15.000   66.20    1.69    0.00    0.00    0.00
    353 0 2013 284 16.000   79.10    0.37    0.00    0.00    0.00
    354 0 2013 284 17.000   96.10    1.11    0.00    0.00    0.00
    355 0 2013 284 18.000  114.60    4.45    0.00    0.00    0.00
    356 0 2013 284 19.000  123.30    3.33    0.00    0.00    0.00
    357 0 2013 284 20.000  127.30    5.23    0.00    0.00    0.00
    358 0 2013 284 21.000  122.60    5.63    0.00    0.00    0.00
    359 0 2013 284 22.000  109.10    3.01    0.00    0.00    0.00
    360 0 2013 284 23.000   96.40    5.36    0.00    0.00    0.00
    361 0 2013 285  0.000   77.30    1.92    0.00    0.00    0.00
    362 0 2013 285  1.000   64.70    0.60    0.00    0.00    0.00
    363 0 2013 285  2.000   59.70   -0.22    0.00    0.00    0.00
    364 0 2013 285  3.000   61.50   -0.48    0.00    0.00    0.00
    365 0 2013 285  4.000   69.50    0.93    0.00    0.00    0.00
    366 0 2013 285  5.000   81.20    2.40    0.00    0.00    0.00
    367 0 2013 285  6.000   95.10    4.44    0.00    0.00    0.00
    368 0 2013 285  7.000  104.60    4.39    0.00    0.00    0.00
    369 0 2013 285  8.000  105.80    1.28    0.00    0.00    0.00
    370 0 2013 285  9.000  108.60    5.15    0.00    0.00    0.00
    371 0 2013 285 10.000  104.80    7.16    0.00    0.00    0.00
    372 0 2013 285 11.000   93.10    5.69    0.00    0.00    0.00
    373 0 2013 285 12.000   80.20    5.34    0.00    0.00    0.00
    374 0 2013 285 13.000   67.80    3.16    0.00    0.00    0.00
    375 0 2013 285 14.000   62.60    2.26    0.00    0.00    0.00
    376 0 2013 285 15.000   64.10    2.15    0.00    0.00    0.00
    377 0 2013 285 16.000   72.00    3.80    0.00    0.00    0.00
    378 0 2013 285 17.000   84.20    5.34    0.00    0.00    0.00
    379 0 2013 285 18.000   98.50    5.60    0.00    0.00    0.00
    380 0 2013 285 19.000  108.50    1.91    0.00    0.00    0.00
    381 0 2013 285 20.000  120.20    4.20    0.00    0.00    0.00
    382 0 2013 285 21.000  124.60    4.79    0.00    0.00    0.00
    383 0 2013 285 22.000  121.40    3.45    0.00    0.00    0.00
    384 0 2013 285 23.000  110.40    0.56    0.00    0.00    0.00
    385 0 2013 286  0.000  103.90    7.49    0.00    0.00    0.00
    386 0 2013 286  1.000   87.00    5.05    0.00    0.00    0.00
    387 0 2013 286  2.000   79.00    7.90    0.00    0.00    0.00
    388 0 2013 286  3.000   73.80    8.53    0.00    0.00    0.00
    389 0 2013 286  4.000   66.80    2.91    0.00    0.00    0.00
    390 0 2013 286  5.000   68.60    1.23    0.00    0.00    0.00
    391 0 2013 286  6.000   79.20    3.17    0.00    0.00    0.00
    392 0 2013 286  7.000   89.30    1.92    0.00    0.00    0.00
    393 0 2013 286  8.000  101.00    3.51    0.00    0.00    0.00
    394 0 2013 286  9.000  106.60    2.31    0.00    0.00    0.00
    395 0 2013 286 10.000  111.40    4.23    0.00    0.00    0.00
    396 0 2013 286 11.000  106.90    2.07    0.00    0.00    0.00
    397 0 2013 286 12.000   99.10    2.52    0.00    0.00    0.00
    398 0 2013 286 13.000   88.60    3.45    0.00    0.00    0.00
    399 0 2013 286 14.000   76.80    1.69    0.00    0.00    0.00
    400 0 2013 286 15.000   67.50   -1.41    0.00    0.00    0.00
    401 0 2013 286 16.000   69.30    2.66    0.00    0.00    0.00
    402 0 2013 286 17.000   68.50   -0.50    0.00    0.00    0.00
    403 0 2013 286 18.000   81.10    3.93    0.00    0.00    0.00
    404 0 2013 286 19.000   93.70    3.85    0.00    0.00    0.00
    405 0 2013 286 20.000  107.70    4.51    0.00    0.00    0.00
    406 0 2013 286 21.000  117.80    3.77    0.00    0.00    0.00
    407 0 2013 286 22.000  123.60    2.76    0.00    0.00    0.00
    408 0 2013 286 23.000  123.70    1.88    0.00    0.00    0.00
    409 0 2013 287  0.000  117.00    1.66    0.00    0.00    0.00
    410 0 2013 287  1.000  104.70    1.92    0.00    0.00    0.00
    411 0 2013 287  2.000   88.40   -0.14    0.00    0.00    0.00
    412 0 2013 287  3.000   71.30   -4.98    0.00    0.00    0.00
    413 0 2013 287  4.000   66.60   -0.71    0.00    0.00    0.00
    414 0 2013 287  5.000   64.10    1.28    0.00    0.00    0.00
    415 0 2013 287  6.000   65.50    0.78    0.00    0.00    0.00
    416 0 2013 287  7.000   75.90    2.69    0.00    0.00    0.00
    417 0 2013 287  8.000   88.00    2.47    0.00    0.00    0.00
    418 0 2013 287  9.000  101.50    3.27    0.00    0.00    0.00
    419 0 2013 287 10.000  109.40    0.43    0.00    0.00    0.00
    420 0 2013 287 11.000  117.20    1.75    0.00    0.00    0.00
    421 0 2013 287 12.000  115.60    0.50    0.00    0.00    0.00
    422 0 2013 287 13.000  112.80    5.22    0.00    0.00    0.00
    423 0 2013 287 14.000  101.50    5.62    0.00    0.00    0.00
    424 0 2013 287 15.000   92.60    8.77    0.00    0.00    0.00
    425 0 2013 287 16.000   84.75   10.99    0.00    0.00    0.00
    426 0 2013 287 17.000   77.00    9.58    0.00    0.00    0.00
    427 0 2013 287 18.000   77.40   10.27    0.00    0.00    0.00
    428 0 2013 287 19.000   83.70    9.55    0.00    0.00    0.00
    429 0 2013 287 20.000   94.40    7.55    0.00    0.00    0.00
    430 0 2013 287 21.000  108.70    6.94    0.00    0.00    0.00
    431 0 2013 287 22.000  122.00    6.43    0.00    0.00    0.00
    432 0 2013 287 23.000  135.10    9.91    0.00    0.00    0.00
    433 0 2013 288  0.000  137.00    9.40    0.00    0.00    0.00
    434 0 2013 288  1.000  128.40    6.95    0.00    0.00    0.00
    435 0 2013 288  2.000  114.00    5.42    0.00    0.00    0.00
    436 0 2013 288  3.000  100.70    7.96    0.00    0.00    0.00
    437 0 2013 288  4.000   84.10    6.73    0.00    0.00    0.00
    438 0 2013 288  5.000   73.00    7.72    0.00    0.00    0.00
    439 0 2013 288  6.000   70.20   10.91    0.00    0.00    0.00
    440 0 2013 288  7.000   71.20    9.71    0.00    0.00    0.00
    441 0 2013 288  8.000   78.00    6.39    0.00    0.00    0.00
    442 0 2013 288  9.000   92.70    5.69    0.00    0.00    0.00
    443 0 2013 288 10.000  109.50    5.55    0.00    0.00    0.00
    444 0 2013 288 11.000  124.10    5.65    0.00    0.00    0.00
    445 0 2013 288 12.000  128.50    1.73    0.00    0.00    0.00
    446 0 2013 288 13.000  128.00    1.41    0.00    0.00    0.00
    447 0 2013 288 14.000  116.90   -1.23    0.00    0.00    0.00
    448 0 2013 288 15.000  107.10    3.10    0.00    0.00    0.00
    449 0 2013 288 16.000   88.30    0.43    0.00    0.00    0.00
    450 0 2013 288 17.000   73.20   -0.34    0.00    0.00    0.00
    451 0 2013 288 18.000   63.50   -1.03    0.00    0.00    0.00
    452 0 2013 288 19.000   57.60   -5.87    0.00    0.00    0.00
    453 0 2013 288 20.000   64.80   -6.33    0.00    0.00    0.00
    454 0 2013 288 21.000   81.10   -4.83    0.00    0.00    0.00
    455 0 2013 288 22.000   98.70   -5.43    0.00    0.00    0.00
    456 0 2013 288 23.000  113.00   -7.87    0.00    0.00    0.00
    457 0 2013 289  0.000  127.30   -4.34    0.00    0.00    0.00
    458 0 2013 289  1.000  129.90   -3.72    0.00    0.00    0.00
    459 0 2013 289  2.000  122.80   -3.48    0.00    0.00    0.00
    460 0 2013 289  3.000  112.30    1.06    0.00    0.00    0.00
    461 0 2013 289  4.000   94.60    2.60    0.00    0.00    0.00
    462 0 2013 289  5.000   75.50    2.15    0.00    0.00    0.00
    463 0 2013 289  6.000   64.60    4.76    0.00    0.00    0.00
    464 0 2013 289  7.000   56.80    2.13    0.00    0.00    0.00
    465 0 2013 289  8.000   61.00    1.71    0.00    0.00    0.00
    466 0 2013 289  9.000   73.30    0.06    0.00    0.00    0.00
    467 0 2013 289 10.000   93.50    0.02    0.00    0.00    0.00
    468 0 2013 289 11.000  113.40   -1.15    0.00    0.00    0.00
    469 0 2013 289 12.000  130.00   -0.80    0.00    0.00    0.00
    470 0 2013 289 13.000  140.50    1.92    0.00    0.00    0.00
    471 0 2013 289 14.000  136.30   -0.24    0.00    0.00    0.00
    472 0 2013 289 15.000  122.70   -2.29    0.00    0.00    0.00
    473 0 2013 289 16.000  102.60   -3.80    0.00    0.00    0.00
    474 0 2013 289 17.000   82.00   -3.74    0.00    0.00    0.00
    475 0 2013 289 18.000   67.50   -1.24    0.00    0.00    0.00
    476 0 2013 289 19.000   56.20   -3.23    0.00    0.00    0.00
    477 0 2013 289 20.000   58.80   -1.01    0.00    0.00    0.00
    478 0 2013 289 21.000   73.10    2.75    0.00    0.00    0.00
    479 0 2013 289 22.000   93.40    4.32    0.00    0.00    0.00
    480 0 2013 289 23.000  115.10    4.45    0.00    0.00    0.00
    481 0 2013 290  0.000  132.20    3.78    0.00    0.00    0.00
    482 0 2013 290  1.000  139.60    1.67    0.00    0.00    0.00
    483 0 2013 290  2.000  139.80    2.20    0.00    0.00    0.00
    484 0 2013 290  3.000  130.30    3.07    0.00    0.00    0.00
    485 0 2013 290  4.000  110.90    2.62    0.00    0.00    0.00
    486 0 2013 290  5.000   87.90    2.49    0.00    0.00    0.00
    487 0 2013 290  6.000   66.30    1.04    0.00    0.00    0.00
    488 0 2013 290  7.000   55.30    2.31    0.00    0.00    0.00
    489 0 2013 290  8.000   51.70    0.68    0.00    0.00    0.00
    490 0 2013 290  9.000   60.90    0.63    0.00    0.00    0.00
    491 0 2013 290 10.000   79.30   -0.48    0.00    0.00    0.00
    492 0 2013 290 11.000  104.40   -0.36    0.00    0.00    0.00
    493 0 2013 290 12.000  127.30   -0.41    0.00    0.00    0.00
    494 0 2013 290 13.000  143.50    0.71    0.00    0.00    0.00
    495 0 2013 290 14.000  147.50   -0.18    0.00    0.00    0.00
    496 0 2013 290 15.000  141.20   -0.53    0.00    0.00    0.00
    497 0 2013 290 16.000  125.40    0.14    0.00    0.00    0.00
    498 0 2013 290 17.000  103.40    1.57    0.00    0.00    0.00
    499 0 2013 290 18.000   77.80   -0.61    0.00    0.00    0.00
    500 0 2013 290 19.000   59.80   -1.71    0.00    0.00    0.00
    501 0 2013 290 20.000   53.40   -1.03    0.00    0.00    0.00
    502 0 2013 290 21.000   55.60   -2.92    0.00    0.00    0.00
    503 0 2013 290 22.000   70.80   -2.97    0.00    0.00    0.00
    504 0 2013 290 23.000   97.00    0.44    0.00    0.00    0.00
    505 0 2013 291  0.000  117.50   -1.92    0.00    0.00    0.00
    506 0 2013 291  1.000  130.00   -5.37    0.00    0.00    0.00
    507 0 2013 291  2.000  137.10   -4.34    0.00    0.00    0.00
    508 0 2013 291  3.000  131.60   -5.47    0.00    0.00    0.00
    509 0 2013 291  4.000  115.40   -6.76    0.00    0.00    0.00
    510 0 2013 291  5.000   89.70   -9.43    0.00    0.00    0.00
    511 0 2013 291  6.000   65.30   -9.19    0.00    0.00    0.00
    512 0 2013 291  7.000   46.50   -9.24    0.00    0.00    0.00
    513 0 2013 291  8.000   40.90   -6.33    0.00    0.00    0.00
    514 0 2013 291  9.000   44.40   -6.13    0.00    0.00    0.00
    515 0 2013 291 10.000   60.30   -5.67    0.00    0.00    0.00
    516 0 2013 291 11.000   85.90   -5.02    0.00    0.00    0.00
    517 0 2013 291 12.000  114.80   -3.41    0.00    0.00    0.00
    518 0 2013 291 13.000  136.50   -3.21    0.00    0.00    0.00
    519 0 2013 291 14.000  146.90   -4.11    0.00    0.00    0.00
    520 0 2013 291 15.000  149.00   -2.14    0.00    0.00    0.00
    521 0 2013 291 16.000  138.70   -1.08    0.00    0.00    0.00
    522 0 2013 291 17.000  114.00   -4.17    0.00    0.00    0.00
    523 0 2013 291 18.000   88.50   -3.34    0.00    0.00    0.00
    524 0 2013 291 19.000   69.40    0.66    0.00    0.00    0.00
    525 0 2013 291 20.000   55.00    0.37    0.00    0.00    0.00
    526 0 2013 291 21.000   50.40   -1.53    0.00    0.00    0.00
    527 0 2013 291 22.000   59.30   -2.11    0.00    0.00    0.00
    528 0 2013 291 23.000   78.20   -3.31    0.00    0.00    0.00
    529 0 2013 292  0.000   99.80   -6.39    0.00    0.00    0.00
    530 0 2013 292  1.000  121.30   -5.82    0.00    0.00    0.00
    531 0 2013 292  2.000  133.50   -5.34    0.00    0.00    0.00
    532 0 2013 292  3.000  134.90   -5.08    0.00    0.00    0.00
    533 0 2013 292  4.000  124.30   -6.15    0.00    0.00    0.00
    534 0 2013 292  5.000  106.80   -4.19    0.00    0.00    0.00
    535 0 2013 292  6.000   78.60   -7.22    0.00    0.00    0.00
    536 0 2013 292  7.000   54.70   -7.80    0.00    0.00    0.00
    537 0 2013 292  8.000   39.50   -8.20    0.00    0.00    0.00
    538 0 2013 292  9.000   40.00   -4.72    0.00    0.00    0.00
    539 0 2013 292 10.000   50.00   -4.57    0.00    0.00    0.00
    540 0 2013 292 11.000   69.30   -6.74    0.00    0.00    0.00
    541 0 2013 292 12.000   95.80   -8.12    0.00    0.00    0.00
    542 0 2013 292 13.000  122.40   -7.46    0.00    0.00    0.00
    543 0 2013 292 14.000  141.20   -5.88    0.00    0.00    0.00
    544 0 2013 292 15.000  146.00   -7.01    0.00    0.00    0.00
    545 0 2013 292 16.000  138.90   -8.43    0.00    0.00    0.00
    546 0 2013 292 17.000  121.70   -8.88    0.00    0.00    0.00
    547 0 2013 292 18.000   97.50   -8.37    0.00    0.00    0.00
    548 0 2013 292 19.000   73.60   -6.29    0.00    0.00    0.00
    549 0 2013 292 20.000   53.70   -6.15    0.00    0.00    0.00
    550 0 2013 292 21.000   44.70   -5.69    0.00    0.00    0.00
    551 0 2013 292 22.000   46.10   -7.33    0.00    0.00    0.00
    552 0 2013 292 23.000   58.70   -9.74    0.00    0.00    0.00
    553 0 2013 293  0.000   82.50   -8.73    0.00    0.00    0.00
    554 0 2013 293  1.000  102.60  -11.75    0.00    0.00    0.00
    555 0 2013 293  2.000  122.60   -8.19    0.00    0.00    0.00
    556 0 2013 293  3.000  128.30   -8.78    0.00    0.00    0.00
    557 0 2013 293  4.000  126.20   -6.45    0.00    0.00    0.00
    558 0 2013 293  5.000  113.10   -5.05    0.00    0.00    0.00
    559 0 2013 293  6.000   86.60   -9.54    0.00    0.00    0.00
    560 0 2013 293  7.000   65.70   -6.33    0.00    0.00    0.00
    561 0 2013 293  8.000   45.60   -6.95    0.00    0.00    0.00
    562 0 2013 293  9.000   38.60   -4.48    0.00    0.00    0.00
    563 0 2013 293 10.000   41.20   -5.30    0.00    0.00    0.00
    564 0 2013 293 11.000   56.90   -5.80    0.00    0.00    0.00
    565 0 2013 293 12.000   79.00   -8.81    0.00    0.00    0.00
    566 0 2013 293 13.000  108.40   -6.40    0.00    0.00    0.00
    567 0 2013 293 14.000  128.40   -8.01    0.00    0.00    0.00
    568 0 2013 293 15.000  144.70   -3.37    0.00    0.00    0.00
    569 0 2013 293 16.000  144.60   -3.49    0.00    0.00    0.00
    570 0 2013 293 17.000  130.90   -5.94    0.00    0.00    0.00
    571 0 2013 293 18.000  111.90   -4.78    0.00    0.00    0.00
    572 0 2013 293 19.000   89.30   -2.91    0.00    0.00    0.00
    573 0 2013 293 20.000   64.60   -4.73    0.00    0.00    0.00
    574 0 2013 293 21.000   52.60   -1.17    0.00    0.00    0.00
    575 0 2013 293 22.000   50.20    0.36    0.00    0.00    0.00
    576 0 2013 293 23.000   53.70   -5.04    0.00    0.00    0.00
    577 0 2013 294  0.000   77.60    0.25    0.00    0.00    0.00
    578 0 2013 294  1.000   97.50   -1.84    0.00    0.00    0.00
    579 0 2013 294  2.000  115.60   -2.55    0.00    0.00    0.00
    580 0 2013 294  3.000  130.20    1.03    0.00    0.00    0.00
    581 0 2013 294  4.000  131.90    1.93    0.00    0.00    0.00
    582 0 2013 294  5.000  126.50    6.11    0.00    0.00    0.00
    583 0 2013 294  6.000  105.20    2.38    0.00    0.00    0.00
    584 0 2013 294  7.000   82.70    1.25    0.00    0.00    0.00
    585 0 2013 294  8.000   59.80   -1.16    0.00    0.00    0.00
    586 0 2013 294  9.000   45.60   -0.70    0.00    0.00    0.00
    587 0 2013 294 10.000   42.70    0.21    0.00    0.00    0.00
    588 0 2013 294 11.000   50.90   -1.20    0.00    0.00    0.00
    589 0 2013 294 12.000   74.20    1.56    0.00    0.00    0.00
    590 0 2013 294 13.000  100.30    2.66    0.00    0.00    0.00
    591 0 2013 294 14.000  123.40    2.80    0.00    0.00    0.00
    592 0 2013 294 15.000  141.00    4.18    0.00    0.00    0.00
    593 0 2013 294 16.000  146.60    3.67    0.00    0.00    0.00
    594 0 2013 294 17.000  141.60    4.14    0.00    0.00    0.00
    595 0 2013 294 18.000  125.40    3.02    0.00    0.00    0.00
    596 0 2013 294 19.000  105.60    3.55    0.00    0.00    0.00
    597 0 2013 294 20.000   81.80    1.23    0.00    0.00    0.00
    598 0 2013 294 21.000   64.10    2.29    0.00    0.00    0.00
    599 0 2013 294 22.000   54.50    3.50    0.00    0.00    0.00
    600 0 2013 294 23.000   53.40    0.76    0.00    0.00    0.00
    601 0 2013 295  0.000   66.80    0.86    0.00    0.00    0.00
    602 0 2013 295  1.000   89.80    4.94    0.00    0.00    0.00
    603 0 2013 295  2.000  108.10    4.99    0.00    0.00    0.00
    604 0 2013 295  3.000  127.50   10.65    0.00    0.00    0.00
    605 0 2013 295  4.000  131.80    8.87    0.00    0.00    0.00
    606 0 2013 295  5.000  130.40   11.52    0.00    0.00    0.00
    607 0 2013 295  6.000  116.10   10.34    0.00    0.00    0.00
    608 0 2013 295  7.000   97.80    9.65    0.00    0.00    0.00
    609 0 2013 295  8.000   80.80   10.73    0.00    0.00    0.00
    610 0 2013 295  9.000   60.80    6.88    0.00    0.00    0.00
    611 0 2013 295 10.000   55.10   11.28    0.00    0.00    0.00
    612 0 2013 295 11.000   56.70   11.32    0.00    0.00    0.00
    613 0 2013 295 12.000   66.80    7.03    0.00    0.00    0.00
    614 0 2013 295 13.000   86.20    4.87    0.00    0.00    0.00
    615 0 2013 295 14.000  112.40    9.42    0.00    0.00    0.00
    616 0 2013 295 15.000  131.50   10.63    0.00    0.00    0.00
    617 0 2013 295 16.000  143.90   11.70    0.00    0.00    0.00
    618 0 2013 295 17.000  146.60   13.21    0.00    0.00    0.00
    619 0 2013 295 18.000  135.50   11.75    0.00    0.00    0.00
    620 0 2013 295 19.000  120.60   12.93    0.00    0.00    0.00
    621 0 2013 295 20.000  100.30   10.36    0.00    0.00    0.00
    622 0 2013 295 21.000   77.80    5.52    0.00    0.00    0.00
    623 0 2013 295 22.000   67.50   10.22    0.00    0.00    0.00
    624 0 2013 295 23.000   61.50   10.47    0.00    0.00    0.00
    625 0 2013 296  0.000   66.10    8.72    0.00    0.00    0.00
    626 0 2013 296  1.000   82.10    9.74    0.00    0.00    0.00
    627 0 2013 296  2.000  100.90   12.34    0.00    0.00    0.00
    628 0 2013 296  3.000  117.60   15.41    0.00    0.00    0.00
    629 0 2013 296  4.000  126.60   14.87    0.00    0.00    0.00
    630 1 2013 296  5.000  133.10    0.00    0.00    0.00    0.00
    631 1 2013 296  6.000  128.30    0.00    0.00    0.00    0.00
    632 1 2013 296  7.000  111.30    0.00    0.00    0.00    0.00
    633 0 2013 296  8.000   93.40   16.32    0.00    0.00    0.00
    634 0 2013 296  9.000   75.30   12.24    0.00    0.00    0.00
    635 0 2013 296 10.000   64.40   13.90    0.00    0.00    0.00
    636 1 2013 296 11.000   61.50    0.00    0.00    0.00    0.00
    637 1 2013 296 12.000   70.20    0.00    0.00    0.00    0.00
    638 0 2013 296 13.000   82.00   14.74    0.00    0.00    0.00
    639 0 2013 296 14.000  100.50   13.86    0.00    0.00    0.00
    640 1 2013 296 15.000  123.80    0.00    0.00    0.00    0.00
    641 1 2013 296 16.000  142.10    0.00    0.00    0.00    0.00
    642 1 2013 296 17.000  145.40    0.00    0.00    0.00    0.00
    643 1 2013 296 18.000  145.30    0.00    0.00    0.00    0.00
    644 1 2013 296 19.000  133.30    0.00    0.00    0.00    0.00
    645 1 2013 296 20.000  118.20    0.00    0.00    0.00    0.00
    646 1 2013 296 21.000  100.40    0.00    0.00    0.00    0.00
    647 0 2013 296 22.000   81.50   14.63    0.00    0.00    0.00
