                                                                                
                                                                                
                                                                                
                                                                                
                                                                                
                                                                                
                                                                                
                                                                                
                                                                                
                                                                                
                                                                                
                                                                                
                                                                                
                                                                                
                                                                                
                                                                                
                                                                                
                                                                                
                                                                                
                                                                                
      1 1 2013 270  0.000 9999.99    0.00    0.00    0.00    0.00
      2 0 2013 270  1.000   87.00  -21.42    0.00    0.00    0.00
      3 0 2013 270  2.000   82.00  -20.20    0.00    0.00    0.00
      4 0 2013 270  3.000   84.10  -19.52    0.00    0.00    0.00
      5 0 2013 270  4.000   91.30  -19.52    0.00    0.00    0.00
      6 0 2013 270  5.000  104.30  -17.21    0.00    0.00    0.00
      7 0 2013 270  6.000  111.90  -20.56    0.00    0.00    0.00
      8 0 2013 270  7.000  116.80  -22.93    0.00    0.00    0.00
      9 0 2013 270  8.000  118.60  -22.74    0.00    0.00    0.00
     10 0 2013 270  9.000  119.30  -19.27    0.00    0.00    0.00
     11 0 2013 270 10.000  106.00  -27.27    0.00    0.00    0.00
     12 0 2013 270 11.000  100.70  -24.79    0.00    0.00    0.00
     13 0 2013 270 12.000   82.60  -32.90    0.00    0.00    0.00
     14 0 2013 270 13.000   81.50  -25.04    0.00    0.00    0.00
     15 0 2013 270 14.000   80.40  -22.61    0.00    0.00    0.00
     16 0 2013 270 15.000   84.10  -22.28    0.00    0.00    0.00
     17 0 2013 270 16.000   89.40  -25.34    0.00    0.00    0.00
     18 0 2013 270 17.000   99.00  -26.78    0.00    0.00    0.00
     19 0 2013 270 18.000  111.50  -26.38    0.00    0.00    0.00
     20 0 2013 270 19.000  125.50  -23.22    0.00    0.00    0.00
     21 0 2013 270 20.000  133.20  -22.38    0.00    0.00    0.00
     22 0 2013 270 21.000  133.00  -24.69    0.00    0.00    0.00
     23 0 2013 270 22.000  131.00  -24.95    0.00    0.00    0.00
     24 0 2013 270 23.000  122.70  -27.56    0.00    0.00    0.00
     25 0 2013 271  0.000  115.80  -23.69    0.00    0.00    0.00
     26 0 2013 271  1.000  106.80  -18.35    0.00    0.00    0.00
     27 0 2013 271  2.000   98.90  -13.44    0.00    0.00    0.00
     28 0 2013 271  3.000   92.30  -13.30    0.00    0.00    0.00
     29 0 2013 271  4.000   95.60   -9.68    0.00    0.00    0.00
     30 0 2013 271  5.000   98.30  -11.10    0.00    0.00    0.00
     31 0 2013 271  6.000  106.50  -10.09    0.00    0.00    0.00
     32 0 2013 271  7.000  111.60  -13.78    0.00    0.00    0.00
     33 0 2013 271  8.000  117.00  -15.80    0.00    0.00    0.00
     34 0 2013 271  9.000  125.60  -10.82    0.00    0.00    0.00
     35 0 2013 271 10.000  113.00  -23.53    0.00    0.00    0.00
     36 0 2013 271 11.000  126.30   -7.91    0.00    0.00    0.00
     37 0 2013 271 12.000  130.70    1.89    0.00    0.00    0.00
     38 0 2013 271 13.000  100.10  -19.86    0.00    0.00    0.00
     39 0 2013 271 14.000   89.50  -21.33    0.00    0.00    0.00
     40 0 2013 271 15.000   90.40  -15.72    0.00    0.00    0.00
     41 0 2013 271 16.000   95.40  -11.81    0.00    0.00    0.00
     42 0 2013 271 17.000   94.10  -18.00    0.00    0.00    0.00
     43 0 2013 271 18.000   97.70  -21.78    0.00    0.00    0.00
     44 0 2013 271 19.000  111.00  -18.51    0.00    0.00    0.00
     45 0 2013 271 20.000  122.90  -17.90    0.00    0.00    0.00
     46 0 2013 271 21.000  132.80  -17.25    0.00    0.00    0.00
     47 0 2013 271 22.000  138.90  -16.40    0.00    0.00    0.00
     48 0 2013 271 23.000  136.50  -20.07    0.00    0.00    0.00
     49 0 2013 272  0.000  134.50  -18.44    0.00    0.00    0.00
     50 0 2013 272  1.000  127.20  -15.54    0.00    0.00    0.00
     51 0 2013 272  2.000  117.00  -10.74    0.00    0.00    0.00
     52 0 2013 272  3.000  101.60  -12.15    0.00    0.00    0.00
     53 0 2013 272  4.000   96.80   -8.55    0.00    0.00    0.00
     54 0 2013 272  5.000   93.20   -9.35    0.00    0.00    0.00
     55 0 2013 272  6.000   99.90   -4.12    0.00    0.00    0.00
     56 0 2013 272  7.000   98.00  -12.00    0.00    0.00    0.00
     57 0 2013 272  8.000  112.10   -7.81    0.00    0.00    0.00
     58 0 2013 272  9.000  121.40   -8.70    0.00    0.00    0.00
     59 0 2013 272 10.000  129.50   -7.44    0.00    0.00    0.00
     60 0 2013 272 11.000  132.30   -7.60    0.00    0.00    0.00
     61 0 2013 272 12.000  130.90   -8.37    0.00    0.00    0.00
     62 0 2013 272 13.000  124.50   -9.20    0.00    0.00    0.00
     63 0 2013 272 14.000  116.80   -6.28    0.00    0.00    0.00
     64 0 2013 272 15.000  110.40   -1.22    0.00    0.00    0.00
     65 0 2013 272 16.000   97.20   -7.18    0.00    0.00    0.00
     66 0 2013 272 17.000   92.60   -9.77    0.00    0.00    0.00
     67 0 2013 272 18.000   99.60   -4.54    0.00    0.00    0.00
     68 0 2013 272 19.000  112.80    2.67    0.00    0.00    0.00
     69 0 2013 272 20.000  111.60   -9.99    0.00    0.00    0.00
     70 0 2013 272 21.000  127.00   -9.29    0.00    0.00    0.00
     71 0 2013 272 22.000  143.80   -5.58    0.00    0.00    0.00
     72 0 2013 272 23.000  149.60   -8.29    0.00    0.00    0.00
     73 0 2013 273  0.000  153.30   -7.71    0.00    0.00    0.00
     74 0 2013 273  1.000  148.70   -8.33    0.00    0.00    0.00
     75 0 2013 273  2.000  136.80   -7.80    0.00    0.00    0.00
     76 0 2013 273  3.000  123.30   -3.66    0.00    0.00    0.00
     77 0 2013 273  4.000  107.95   -2.86    0.00    0.00    0.00
     78 0 2013 273  5.000   96.60   -3.67    0.00    0.00    0.00
     79 0 2013 273  6.000   92.60   -2.79    0.00    0.00    0.00
     80 0 2013 273  7.000   97.60    1.27    0.00    0.00    0.00
     81 0 2013 273  8.000  105.90    1.37    0.00    0.00    0.00
     82 0 2013 273  9.000  117.80   -0.76    0.00    0.00    0.00
     83 0 2013 273 10.000  131.40   -1.57    0.00    0.00    0.00
     84 0 2013 273 11.000  143.70    0.64    0.00    0.00    0.00
     85 0 2013 273 12.000  148.10    0.45    0.00    0.00    0.00
     86 0 2013 273 13.000  148.70    2.54    0.00    0.00    0.00
     87 0 2013 273 14.000  127.30  -10.01    0.00    0.00    0.00
     88 0 2013 273 15.000  125.50    2.86    0.00    0.00    0.00
     89 0 2013 273 16.000  110.40    2.61    0.00    0.00    0.00
     90 0 2013 273 17.000   99.30    1.69    0.00    0.00    0.00
     91 0 2013 273 18.000   97.60    4.71    0.00    0.00    0.00
     92 0 2013 273 19.000   96.30    2.71    0.00    0.00    0.00
     93 0 2013 273 20.000  104.10    2.39    0.00    0.00    0.00
     94 0 2013 273 21.000  117.60   -0.21    0.00    0.00    0.00
     95 0 2013 273 22.000  140.70    3.24    0.00    0.00    0.00
     96 0 2013 273 23.000  156.30    2.01    0.00    0.00    0.00
     97 0 2013 274  0.000  164.90    0.26    0.00    0.00    0.00
     98 0 2013 274  1.000  166.60   -0.30    0.00    0.00    0.00
     99 0 2013 274  2.000  160.65    1.39    0.00    0.00    0.00
    100 0 2013 274  3.000  141.60   -0.54    0.00    0.00    0.00
    101 0 2013 274  4.000  121.30    0.39    0.00    0.00    0.00
    102 0 2013 274  5.000  105.30    2.80    0.00    0.00    0.00
    103 0 2013 274  6.000   96.70    6.34    0.00    0.00    0.00
    104 0 2013 274  7.000   90.70    5.35    0.00    0.00    0.00
    105 0 2013 274  8.000   94.10    4.87    0.00    0.00    0.00
    106 0 2013 274  9.000  112.00    8.94    0.00    0.00    0.00
    107 0 2013 274 10.000  126.90    3.91    0.00    0.00    0.00
    108 0 2013 274 11.000  150.30    8.63    0.00    0.00    0.00
    109 1 2013 274 12.000 9999.99    0.00    0.00    0.00    0.00
    110 1 2013 274 13.000 9999.99    0.00    0.00    0.00    0.00
    111 1 2013 274 14.000 9999.99    0.00    0.00    0.00    0.00
    112 1 2013 274 15.000 9999.99    0.00    0.00    0.00    0.00
    113 1 2013 274 16.000 9999.99    0.00    0.00    0.00    0.00
    114 1 2013 274 17.000 9999.99    0.00    0.00    0.00    0.00
    115 1 2013 274 18.000 9999.99    0.00    0.00    0.00    0.00
    116 1 2013 274 19.000 9999.99    0.00    0.00    0.00    0.00
    117 1 2013 274 20.000 9999.99    0.00    0.00    0.00    0.00
    118 1 2013 274 21.000 9999.99    0.00    0.00    0.00    0.00
    119 1 2013 274 22.000 9999.99    0.00    0.00    0.00    0.00
    120 1 2013 274 23.000 9999.99    0.00    0.00    0.00    0.00
    121 0 2013 275  0.000  173.50    9.83    0.00    0.00    0.00
    122 0 2013 275  1.000  183.00   10.05    0.00    0.00    0.00
    123 0 2013 275  2.000  178.00    7.32    0.00    0.00    0.00
    124 0 2013 275  3.000  164.25    7.86    0.00    0.00    0.00
    125 0 2013 275  4.000  144.30   10.83    0.00    0.00    0.00
    126 0 2013 275  5.000  116.30    7.31    0.00    0.00    0.00
    127 0 2013 275  6.000   95.20    5.94    0.00    0.00    0.00
    128 0 2013 275  7.000   82.40    5.02    0.00    0.00    0.00
    129 0 2013 275  8.000   85.50    9.96    0.00    0.00    0.00
    130 0 2013 275  9.000   97.00   10.97    0.00    0.00    0.00
    131 0 2013 275 10.000  116.60    8.97    0.00    0.00    0.00
    132 0 2013 275 11.000  143.70   10.20    0.00    0.00    0.00
    133 0 2013 275 12.000  161.40    6.34    0.00    0.00    0.00
    134 0 2013 275 13.000  181.60   14.87    0.00    0.00    0.00
    135 0 2013 275 14.000  182.85   16.50    0.00    0.00    0.00
    136 0 2013 275 15.000  168.30   14.44    0.00    0.00    0.00
    137 0 2013 275 16.000  146.70   14.35    0.00    0.00    0.00
    138 0 2013 275 17.000  125.60   17.29    0.00    0.00    0.00
    139 0 2013 275 18.000  100.90   12.78    0.00    0.00    0.00
    140 0 2013 275 19.000   89.80   14.59    0.00    0.00    0.00
    141 0 2013 275 20.000   83.90   12.16    0.00    0.00    0.00
    142 0 2013 275 21.000   99.80   19.41    0.00    0.00    0.00
    143 0 2013 275 22.000  119.10   17.52    0.00    0.00    0.00
    144 0 2013 275 23.000  148.30   18.27    0.00    0.00    0.00
    145 0 2013 276  0.000  174.50   17.62    0.00    0.00    0.00
    146 0 2013 276  1.000  191.70   17.08    0.00    0.00    0.00
    147 0 2013 276  2.000  193.60   14.50    0.00    0.00    0.00
    148 0 2013 276  3.000  185.50   16.49    0.00    0.00    0.00
    149 0 2013 276  4.000  161.90   15.20    0.00    0.00    0.00
    150 0 2013 276  5.000  130.50   11.86    0.00    0.00    0.00
    151 0 2013 276  6.000  104.40   11.94    0.00    0.00    0.00
    152 0 2013 276  7.000   83.50   10.10    0.00    0.00    0.00
    153 0 2013 276  8.000   71.60    6.87    0.00    0.00    0.00
    154 0 2013 276  9.000   79.10    9.50    0.00    0.00    0.00
    155 0 2013 276 10.000   99.20   10.11    0.00    0.00    0.00
    156 0 2013 276 11.000  131.60   13.01    0.00    0.00    0.00
    157 0 2013 276 12.000  162.00   13.25    0.00    0.00    0.00
    158 0 2013 276 13.000  184.90   14.32    0.00    0.00    0.00
    159 0 2013 276 14.000  194.05   15.38    0.00    0.00    0.00
    160 0 2013 276 15.000  190.20   18.91    0.00    0.00    0.00
    161 0 2013 276 16.000  166.75   16.08    0.00    0.00    0.00
    162 0 2013 276 17.000  141.60   18.45    0.00    0.00    0.00
    163 0 2013 276 18.000  114.00   17.45    0.00    0.00    0.00
    164 0 2013 276 19.000   94.60   18.32    0.00    0.00    0.00
    165 0 2013 276 20.000   80.75   15.33    0.00    0.00    0.00
    166 0 2013 276 21.000   85.80   18.71    0.00    0.00    0.00
    167 0 2013 276 22.000  100.30   16.79    0.00    0.00    0.00
    168 0 2013 276 23.000  128.70   16.72    0.00    0.00    0.00
    169 0 2013 277  0.000  161.10   16.95    0.00    0.00    0.00
    170 0 2013 277  1.000  183.70   13.39    0.00    0.00    0.00
    171 0 2013 277  2.000  196.90   13.56    0.00    0.00    0.00
    172 0 2013 277  3.000  191.80   12.04    0.00    0.00    0.00
    173 0 2013 277  4.000  175.30   14.97    0.00    0.00    0.00
    174 0 2013 277  5.000  141.80   10.98    0.00    0.00    0.00
    175 0 2013 277  6.000  114.40   14.58    0.00    0.00    0.00
    176 0 2013 277  7.000   86.30   11.93    0.00    0.00    0.00
    177 0 2013 277  8.000   70.90   12.27    0.00    0.00    0.00
    178 0 2013 277  9.000   64.60    8.39    0.00    0.00    0.00
    179 0 2013 277 10.000   79.00    8.86    0.00    0.00    0.00
    180 0 2013 277 11.000  108.10    9.21    0.00    0.00    0.00
    181 0 2013 277 12.000  144.30    9.88    0.00    0.00    0.00
    182 0 2013 277 13.000  175.90    9.97    0.00    0.00    0.00
    183 1 2013 277 14.000 9999.99    0.00    0.00    0.00    0.00
    184 1 2013 277 15.000 9999.99    0.00    0.00    0.00    0.00
    185 0 2013 277 16.000  184.40   13.65    0.00    0.00    0.00
    186 0 2013 277 17.000  154.25   11.45    0.00    0.00    0.00
    187 0 2013 277 18.000  121.60   10.04    0.00    0.00    0.00
    188 0 2013 277 19.000   96.00   11.17    0.00    0.00    0.00
    189 0 2013 277 20.000   75.70    8.90    0.00    0.00    0.00
    190 0 2013 277 21.000   67.70    7.26    0.00    0.00    0.00
    191 0 2013 277 22.000   74.50    5.35    0.00    0.00    0.00
    192 0 2013 277 23.000   98.90    5.55    0.00    0.00    0.00
    193 0 2013 278  0.000  132.10    5.19    0.00    0.00    0.00
    194 0 2013 278  1.000  165.45    6.05    0.00    0.00    0.00
    195 0 2013 278  2.000  186.70    5.40    0.00    0.00    0.00
    196 0 2013 278  3.000  191.90    5.23    0.00    0.00    0.00
    197 0 2013 278  4.000  177.20    3.57    0.00    0.00    0.00
    198 0 2013 278  5.000  148.60    2.87    0.00    0.00    0.00
    199 0 2013 278  6.000  113.80    2.14    0.00    0.00    0.00
    200 0 2013 278  7.000   86.70    5.96    0.00    0.00    0.00
    201 0 2013 278  8.000   62.60    3.92    0.00    0.00    0.00
    202 0 2013 278  9.000   52.80    4.10    0.00    0.00    0.00
    203 0 2013 278 10.000   55.10    0.67    0.00    0.00    0.00
    204 0 2013 278 11.000   77.70    0.01    0.00    0.00    0.00
    205 0 2013 278 12.000  110.40   -3.40    0.00    0.00    0.00
    206 0 2013 278 13.000  151.40   -0.67    0.00    0.00    0.00
    207 0 2013 278 14.000  184.20    2.73    0.00    0.00    0.00
    208 0 2013 278 15.000  195.80    1.17    0.00    0.00    0.00
    209 0 2013 278 16.000  188.10   -0.38    0.00    0.00    0.00
    210 0 2013 278 17.000  163.00   -2.06    0.00    0.00    0.00
    211 0 2013 278 18.000  132.40    0.17    0.00    0.00    0.00
    212 0 2013 278 19.000   96.60   -3.57    0.00    0.00    0.00
    213 0 2013 278 20.000   71.40   -4.35    0.00    0.00    0.00
    214 0 2013 278 21.000   58.30   -3.60    0.00    0.00    0.00
    215 0 2013 278 22.000   55.80   -5.65    0.00    0.00    0.00
    216 0 2013 278 23.000   72.90   -4.38    0.00    0.00    0.00
    217 0 2013 279  0.000  101.40   -5.99    0.00    0.00    0.00
    218 0 2013 279  1.000  137.00   -5.74    0.00    0.00    0.00
    219 0 2013 279  2.000  168.30   -3.69    0.00    0.00    0.00
    220 0 2013 279  3.000  183.50   -3.43    0.00    0.00    0.00
    221 0 2013 279  4.000  178.50   -5.02    0.00    0.00    0.00
    222 0 2013 279  5.000  157.70   -4.31    0.00    0.00    0.00
    223 0 2013 279  6.000  124.60   -3.89    0.00    0.00    0.00
    224 0 2013 279  7.000   90.50   -2.87    0.00    0.00    0.00
    225 0 2013 279  8.000   62.30   -3.20    0.00    0.00    0.00
    226 0 2013 279  9.000   44.80   -4.12    0.00    0.00    0.00
    227 0 2013 279 10.000   40.90   -5.06    0.00    0.00    0.00
    228 0 2013 279 11.000   51.80   -8.04    0.00    0.00    0.00
    229 0 2013 279 12.000   80.60  -10.00    0.00    0.00    0.00
    230 0 2013 279 13.000  120.70  -10.00    0.00    0.00    0.00
    231 0 2013 279 14.000  155.60  -12.31    0.00    0.00    0.00
    232 0 2013 279 15.000  182.80   -9.37    0.00    0.00    0.00
    233 0 2013 279 16.000  187.70  -10.50    0.00    0.00    0.00
    234 0 2013 279 17.000  174.00  -10.85    0.00    0.00    0.00
    235 0 2013 279 18.000  147.00   -9.10    0.00    0.00    0.00
    236 0 2013 279 19.000  109.90  -11.62    0.00    0.00    0.00
    237 0 2013 279 20.000   77.05  -14.34    0.00    0.00    0.00
    238 0 2013 279 21.000   59.40  -11.70    0.00    0.00    0.00
    239 0 2013 279 22.000   49.30  -13.05    0.00    0.00    0.00
    240 0 2013 279 23.000   53.20  -14.48    0.00    0.00    0.00
    241 0 2013 280  0.000   75.20  -13.92    0.00    0.00    0.00
    242 0 2013 280  1.000  109.40  -12.82    0.00    0.00    0.00
    243 0 2013 280  2.000  142.50  -13.40    0.00    0.00    0.00
    244 0 2013 280  3.000  168.10  -11.14    0.00    0.00    0.00
    245 0 2013 280  4.000  176.70   -9.60    0.00    0.00    0.00
    246 0 2013 280  5.000  164.10  -11.19    0.00    0.00    0.00
    247 0 2013 280  6.000  134.70  -13.52    0.00    0.00    0.00
    248 0 2013 280  7.000   96.10  -16.67    0.00    0.00    0.00
    249 0 2013 280  8.000   70.00   -9.92    0.00    0.00    0.00
    250 0 2013 280  9.000   43.40  -13.85    0.00    0.00    0.00
    251 0 2013 280 10.000   34.50  -12.44    0.00    0.00    0.00
    252 0 2013 280 11.000   37.00  -13.51    0.00    0.00    0.00
    253 0 2013 280 12.000   57.00  -13.71    0.00    0.00    0.00
    254 0 2013 280 13.000   92.20  -13.62    0.00    0.00    0.00
    255 0 2013 280 14.000  130.70  -15.29    0.00    0.00    0.00
    256 0 2013 280 15.000  163.80  -14.97    0.00    0.00    0.00
    257 0 2013 280 16.000  186.80   -9.48    0.00    0.00    0.00
    258 0 2013 280 17.000  182.60  -13.12    0.00    0.00    0.00
    259 0 2013 280 18.000  163.00  -14.41    0.00    0.00    0.00
    260 0 2013 280 19.000  129.60  -16.82    0.00    0.00    0.00
    261 0 2013 280 20.000   97.40  -15.66    0.00    0.00    0.00
    262 0 2013 280 21.000   71.90  -14.98    0.00    0.00    0.00
    263 0 2013 280 22.000   55.90  -15.53    0.00    0.00    0.00
    264 0 2013 280 23.000   50.70  -16.61    0.00    0.00    0.00
    265 0 2013 281  0.000   62.20  -14.83    0.00    0.00    0.00
    266 0 2013 281  1.000   87.10  -14.61    0.00    0.00    0.00
    267 0 2013 281  2.000  119.30  -15.42    0.00    0.00    0.00
    268 0 2013 281  3.000  150.70  -13.25    0.00    0.00    0.00
    269 0 2013 281  4.000  167.10  -13.23    0.00    0.00    0.00
    270 0 2013 281  5.000  163.70  -17.05    0.00    0.00    0.00
    271 0 2013 281  6.000  149.80  -15.26    0.00    0.00    0.00
    272 0 2013 281  7.000  120.90  -15.17    0.00    0.00    0.00
    273 0 2013 281  8.000   84.70  -17.45    0.00    0.00    0.00
    274 0 2013 281  9.000   61.90  -12.06    0.00    0.00    0.00
    275 0 2013 281 10.000   42.20  -15.02    0.00    0.00    0.00
    276 0 2013 281 11.000   37.70  -14.59    0.00    0.00    0.00
    277 0 2013 281 12.000   51.20   -9.22    0.00    0.00    0.00
    278 0 2013 281 13.000   74.00  -10.12    0.00    0.00    0.00
    279 0 2013 281 14.000  110.90   -9.06    0.00    0.00    0.00
    280 1 2013 281 15.000  174.90    0.00    0.00    0.00    0.00
    281 0 2013 281 16.000  175.40   -7.50    0.00    0.00    0.00
    282 0 2013 281 17.000  182.30  -11.69    0.00    0.00    0.00
    283 0 2013 281 18.000  173.80  -15.21    0.00    0.00    0.00
    284 0 2013 281 19.000  153.10  -15.58    0.00    0.00    0.00
    285 0 2013 281 20.000  122.20  -16.18    0.00    0.00    0.00
    286 0 2013 281 21.000   91.00  -17.48    0.00    0.00    0.00
    287 0 2013 281 22.000   71.10  -16.05    0.00    0.00    0.00
    288 0 2013 281 23.000   63.60  -12.33    0.00    0.00    0.00
    289 0 2013 282  0.000   65.70   -9.23    0.00    0.00    0.00
    290 0 2013 282  1.000   75.10  -11.99    0.00    0.00    0.00
    291 0 2013 282  2.000  104.30   -8.20    0.00    0.00    0.00
    292 0 2013 282  3.000  132.90   -9.84    0.00    0.00    0.00
    293 0 2013 282  4.000  157.90   -8.18    0.00    0.00    0.00
    294 0 2013 282  5.000  165.20  -11.19    0.00    0.00    0.00
    295 0 2013 282  6.000  163.70   -9.31    0.00    0.00    0.00
    296 0 2013 282  7.000  150.20   -5.96    0.00    0.00    0.00
    297 0 2013 282  8.000  121.70   -6.82    0.00    0.00    0.00
    298 0 2013 282  9.000   86.70  -11.93    0.00    0.00    0.00
    299 0 2013 282 10.000   71.50   -4.64    0.00    0.00    0.00
    300 0 2013 282 11.000   55.40   -9.03    0.00    0.00    0.00
    301 0 2013 282 12.000   58.90   -3.82    0.00    0.00    0.00
    302 0 2013 282 13.000   70.10   -2.68    0.00    0.00    0.00
    303 0 2013 282 14.000   91.00   -5.96    0.00    0.00    0.00
    304 0 2013 282 15.000  124.40   -5.77    0.00    0.00    0.00
    305 0 2013 282 16.000  158.10   -2.73    0.00    0.00    0.00
    306 0 2013 282 17.000  175.00   -5.46    0.00    0.00    0.00
    307 0 2013 282 18.000  180.60   -6.57    0.00    0.00    0.00
    308 0 2013 282 19.000  172.70   -7.97    0.00    0.00    0.00
    309 0 2013 282 20.000  156.20   -4.85    0.00    0.00    0.00
    310 0 2013 282 21.000  130.30   -3.40    0.00    0.00    0.00
    311 0 2013 282 22.000   98.90   -9.62    0.00    0.00    0.00
    312 0 2013 282 23.000   85.50   -6.12    0.00    0.00    0.00
    313 0 2013 283  0.000   80.30   -2.65    0.00    0.00    0.00
    314 0 2013 283  1.000   80.90   -2.28    0.00    0.00    0.00
    315 0 2013 283  2.000   96.40    0.57    0.00    0.00    0.00
    316 0 2013 283  3.000  116.60   -3.11    0.00    0.00    0.00
    317 0 2013 283  4.000  140.20   -5.14    0.00    0.00    0.00
    318 0 2013 283  5.000  157.20   -5.79    0.00    0.00    0.00
    319 0 2013 283  6.000  164.40   -5.35    0.00    0.00    0.00
    320 0 2013 283  7.000  160.40   -5.56    0.00    0.00    0.00
    321 0 2013 283  8.000  148.40   -2.54    0.00    0.00    0.00
    322 0 2013 283  9.000  124.00   -3.01    0.00    0.00    0.00
    323 0 2013 283 10.000  100.10   -2.37    0.00    0.00    0.00
    324 0 2013 283 11.000   82.30   -2.85    0.00    0.00    0.00
    325 0 2013 283 12.000   72.20   -4.10    0.00    0.00    0.00
    326 0 2013 283 13.000   74.90   -0.26    0.00    0.00    0.00
    327 0 2013 283 14.000   85.00    0.33    0.00    0.00    0.00
    328 0 2013 283 15.000  104.20   -2.43    0.00    0.00    0.00
    329 0 2013 283 16.000  133.40   -1.29    0.00    0.00    0.00
    330 0 2013 283 17.000  159.10    0.49    0.00    0.00    0.00
    331 0 2013 283 18.000  174.60    1.28    0.00    0.00    0.00
    332 0 2013 283 19.000  182.80    4.19    0.00    0.00    0.00
    333 0 2013 283 20.000  178.10    4.87    0.00    0.00    0.00
    334 0 2013 283 21.000  163.20    6.82    0.00    0.00    0.00
    335 0 2013 283 22.000  135.40    2.00    0.00    0.00    0.00
    336 0 2013 283 23.000  114.40    1.48    0.00    0.00    0.00
    337 0 2013 284  0.000  103.70    4.89    0.00    0.00    0.00
    338 0 2013 284  1.000   93.00    2.41    0.00    0.00    0.00
    339 0 2013 284  2.000   94.00    3.66    0.00    0.00    0.00
    340 0 2013 284  3.000  102.90    1.12    0.00    0.00    0.00
    341 0 2013 284  4.000  125.45    3.16    0.00    0.00    0.00
    342 0 2013 284  5.000  140.20   -2.55    0.00    0.00    0.00
    343 0 2013 284  6.000  156.90    0.34    0.00    0.00    0.00
    344 0 2013 284  7.000  164.00    1.00    0.00    0.00    0.00
    345 0 2013 284  8.000  167.40    5.72    0.00    0.00    0.00
    346 0 2013 284  9.000  147.20   -3.31    0.00    0.00    0.00
    347 0 2013 284 10.000  135.00    3.43    0.00    0.00    0.00
    348 0 2013 284 11.000  113.30    0.97    0.00    0.00    0.00
    349 0 2013 284 12.000  101.30    3.02    0.00    0.00    0.00
    350 0 2013 284 13.000   89.70    0.14    0.00    0.00    0.00
    351 0 2013 284 14.000   91.50    4.77    0.00    0.00    0.00
    352 0 2013 284 15.000   94.60    0.84    0.00    0.00    0.00
    353 0 2013 284 16.000  116.60    5.17    0.00    0.00    0.00
    354 0 2013 284 17.000  135.70    2.48    0.00    0.00    0.00
    355 0 2013 284 18.000  152.70    1.07    0.00    0.00    0.00
    356 0 2013 284 19.000  164.50    0.08    0.00    0.00    0.00
    357 0 2013 284 20.000  175.50    4.37    0.00    0.00    0.00
    358 0 2013 284 21.000  174.90    6.16    0.00    0.00    0.00
    359 0 2013 284 22.000  166.40   10.48    0.00    0.00    0.00
    360 0 2013 284 23.000  147.80   10.22    0.00    0.00    0.00
    361 0 2013 285  0.000  126.60    6.19    0.00    0.00    0.00
    362 0 2013 285  1.000  114.20    7.49    0.00    0.00    0.00
    363 0 2013 285  2.000  106.00    8.96    0.00    0.00    0.00
    364 0 2013 285  3.000   95.30    0.28    0.00    0.00    0.00
    365 0 2013 285  4.000  112.85    9.05    0.00    0.00    0.00
    366 0 2013 285  5.000  125.90    5.97    0.00    0.00    0.00
    367 0 2013 285  6.000  136.20   -0.06    0.00    0.00    0.00
    368 0 2013 285  7.000  156.00    6.83    0.00    0.00    0.00
    369 0 2013 285  8.000  166.40    8.13    0.00    0.00    0.00
    370 0 2013 285  9.000  162.00    0.77    0.00    0.00    0.00
    371 0 2013 285 10.000  162.60    7.68    0.00    0.00    0.00
    372 0 2013 285 11.000  145.40    4.27    0.00    0.00    0.00
    373 0 2013 285 12.000  128.70    3.00    0.00    0.00    0.00
    374 0 2013 285 13.000  122.00    9.82    0.00    0.00    0.00
    375 0 2013 285 14.000  106.80    5.61    0.00    0.00    0.00
    376 0 2013 285 15.000   97.55    2.33    0.00    0.00    0.00
    377 0 2013 285 16.000  111.80   13.34    0.00    0.00    0.00
    378 0 2013 285 17.000  121.10   10.28    0.00    0.00    0.00
    379 0 2013 285 18.000  133.60    6.53    0.00    0.00    0.00
    380 0 2013 285 19.000  154.40   11.55    0.00    0.00    0.00
    381 0 2013 285 20.000  173.90   16.97    0.00    0.00    0.00
    382 0 2013 285 21.000  184.90   17.90    0.00    0.00    0.00
    383 0 2013 285 22.000  185.60   17.05    0.00    0.00    0.00
    384 0 2013 285 23.000  179.20   19.22    0.00    0.00    0.00
    385 0 2013 286  0.000  166.30   21.14    0.00    0.00    0.00
    386 0 2013 286  1.000  147.60   18.81    0.00    0.00    0.00
    387 0 2013 286  2.000  135.60   22.46    0.00    0.00    0.00
    388 0 2013 286  3.000  122.30   21.57    0.00    0.00    0.00
    389 0 2013 286  4.000  121.90   25.87    0.00    0.00    0.00
    390 0 2013 286  5.000  127.10   25.86    0.00    0.00    0.00
    391 0 2013 286  6.000  136.80   23.39    0.00    0.00    0.00
    392 0 2013 286  7.000  150.00   21.88    0.00    0.00    0.00
    393 0 2013 286  8.000  163.60   20.30    0.00    0.00    0.00
    394 0 2013 286  9.000  173.90   16.88    0.00    0.00    0.00
    395 0 2013 286 10.000  184.90   19.94    0.00    0.00    0.00
    396 0 2013 286 11.000  184.40   20.91    0.00    0.00    0.00
    397 0 2013 286 12.000  175.40   21.75    0.00    0.00    0.00
    398 0 2013 286 13.000  157.40   18.00    0.00    0.00    0.00
    399 0 2013 286 14.000  139.40   15.71    0.00    0.00    0.00
    400 0 2013 286 15.000  129.80   20.86    0.00    0.00    0.00
    401 0 2013 286 16.000  114.55   15.37    0.00    0.00    0.00
    402 0 2013 286 17.000  112.10   13.98    0.00    0.00    0.00
    403 0 2013 286 18.000  120.50   14.82    0.00    0.00    0.00
    404 0 2013 286 19.000  128.90    9.91    0.00    0.00    0.00
    405 0 2013 286 20.000  141.10    5.44    0.00    0.00    0.00
    406 0 2013 286 21.000  164.40   11.00    0.00    0.00    0.00
    407 0 2013 286 22.000  173.30    5.67    0.00    0.00    0.00
    408 0 2013 286 23.000  176.60    3.61    0.00    0.00    0.00
    409 0 2013 287  0.000  171.70    4.13    0.00    0.00    0.00
    410 0 2013 287  1.000  163.10    9.35    0.00    0.00    0.00
    411 0 2013 287  2.000  145.50   10.17    0.00    0.00    0.00
    412 0 2013 287  3.000  122.95    6.90    0.00    0.00    0.00
    413 0 2013 287  4.000  106.10    5.75    0.00    0.00    0.00
    414 0 2013 287  5.000  102.60   10.02    0.00    0.00    0.00
    415 0 2013 287  6.000  106.00   11.51    0.00    0.00    0.00
    416 0 2013 287  7.000  121.00   16.21    0.00    0.00    0.00
    417 0 2013 287  8.000  134.30   13.11    0.00    0.00    0.00
    418 0 2013 287  9.000  155.10   14.04    0.00    0.00    0.00
    419 0 2013 287 10.000  176.30   16.21    0.00    0.00    0.00
    420 0 2013 287 11.000  187.00   14.38    0.00    0.00    0.00
    421 0 2013 287 12.000  184.30    9.58    0.00    0.00    0.00
    422 0 2013 287 13.000  176.40   10.08    0.00    0.00    0.00
    423 0 2013 287 14.000  158.70    8.48    0.00    0.00    0.00
    424 0 2013 287 15.000  139.40    9.00    0.00    0.00    0.00
    425 0 2013 287 16.000  118.20    6.73    0.00    0.00    0.00
    426 0 2013 287 17.000  105.30    7.24    0.00    0.00    0.00
    427 0 2013 287 18.000   96.90    3.54    0.00    0.00    0.00
    428 0 2013 287 19.000  105.10    6.71    0.00    0.00    0.00
    429 0 2013 287 20.000  123.00   10.61    0.00    0.00    0.00
    430 0 2013 287 21.000  140.50    7.61    0.00    0.00    0.00
    431 0 2013 287 22.000  161.60    6.35    0.00    0.00    0.00
    432 0 2013 287 23.000  178.10    4.98    0.00    0.00    0.00
    433 0 2013 288  0.000  188.50    7.59    0.00    0.00    0.00
    434 0 2013 288  1.000  182.70    6.58    0.00    0.00    0.00
    435 0 2013 288  2.000  163.70    3.56    0.00    0.00    0.00
    436 0 2013 288  3.000  143.30    5.84    0.00    0.00    0.00
    437 0 2013 288  4.000  116.70    2.70    0.00    0.00    0.00
    438 0 2013 288  5.000   95.00   -0.23    0.00    0.00    0.00
    439 0 2013 288  6.000   83.70   -1.31    0.00    0.00    0.00
    440 0 2013 288  7.000   83.90   -1.61    0.00    0.00    0.00
    441 0 2013 288  8.000   98.00    0.76    0.00    0.00    0.00
    442 0 2013 288  9.000  121.80    3.50    0.00    0.00    0.00
    443 0 2013 288 10.000  147.30    3.39    0.00    0.00    0.00
    444 0 2013 288 11.000  172.30    4.71    0.00    0.00    0.00
    445 0 2013 288 12.000  186.20    3.09    0.00    0.00    0.00
    446 0 2013 288 13.000  194.60    8.36    0.00    0.00    0.00
    447 0 2013 288 14.000  184.90    8.86    0.00    0.00    0.00
    448 0 2013 288 15.000  164.30    8.69    0.00    0.00    0.00
    449 0 2013 288 16.000  137.50    6.47    0.00    0.00    0.00
    450 0 2013 288 17.000  114.30    5.80    0.00    0.00    0.00
    451 0 2013 288 18.000   96.40    3.91    0.00    0.00    0.00
    452 0 2013 288 19.000   90.80    4.55    0.00    0.00    0.00
    453 0 2013 288 20.000   97.30    5.08    0.00    0.00    0.00
    454 0 2013 288 21.000  114.30    4.04    0.00    0.00    0.00
    455 0 2013 288 22.000  139.10    3.09    0.00    0.00    0.00
    456 0 2013 288 23.000  163.90    1.58    0.00    0.00    0.00
    457 0 2013 289  0.000  183.30    1.28    0.00    0.00    0.00
    458 0 2013 289  1.000  189.40   -0.17    0.00    0.00    0.00
    459 0 2013 289  2.000  183.60    1.49    0.00    0.00    0.00
    460 0 2013 289  3.000  162.80    1.49    0.00    0.00    0.00
    461 0 2013 289  4.000  130.30   -3.24    0.00    0.00    0.00
    462 0 2013 289  5.000  104.30   -2.29    0.00    0.00    0.00
    463 0 2013 289  6.000   83.00   -3.03    0.00    0.00    0.00
    464 0 2013 289  7.000   71.10   -4.26    0.00    0.00    0.00
    465 0 2013 289  8.000   71.70   -5.96    0.00    0.00    0.00
    466 0 2013 289  9.000   92.60   -1.56    0.00    0.00    0.00
    467 0 2013 289 10.000  118.20   -3.28    0.00    0.00    0.00
    468 0 2013 289 11.000  149.50   -2.72    0.00    0.00    0.00
    469 0 2013 289 12.000  176.20   -2.35    0.00    0.00    0.00
    470 0 2013 289 13.000  192.70   -1.57    0.00    0.00    0.00
    471 0 2013 289 14.000  194.00   -1.07    0.00    0.00    0.00
    472 0 2013 289 15.000  180.60    0.44    0.00    0.00    0.00
    473 0 2013 289 16.000  153.90   -0.38    0.00    0.00    0.00
    474 0 2013 289 17.000  123.10   -2.50    0.00    0.00    0.00
    475 0 2013 289 18.000   95.60   -5.34    0.00    0.00    0.00
    476 0 2013 289 19.000   82.00   -2.45    0.00    0.00    0.00
    477 0 2013 289 20.000   77.90   -1.94    0.00    0.00    0.00
    478 0 2013 289 21.000   90.80    0.62    0.00    0.00    0.00
    479 0 2013 289 22.000  114.40    0.28    0.00    0.00    0.00
    480 0 2013 289 23.000  144.60   -0.01    0.00    0.00    0.00
    481 0 2013 290  0.000  170.90   -1.82    0.00    0.00    0.00
    482 0 2013 290  1.000  190.50   -0.80    0.00    0.00    0.00
    483 0 2013 290  2.000  190.00   -5.25    0.00    0.00    0.00
    484 0 2013 290  3.000  179.40   -2.89    0.00    0.00    0.00
    485 0 2013 290  4.000  152.40   -3.18    0.00    0.00    0.00
    486 0 2013 290  5.000  118.60   -5.00    0.00    0.00    0.00
    487 0 2013 290  6.000   88.50   -6.53    0.00    0.00    0.00
    488 0 2013 290  7.000   68.60   -6.45    0.00    0.00    0.00
    489 0 2013 290  8.000   58.10   -8.97    0.00    0.00    0.00
    490 0 2013 290  9.000   64.60   -9.96    0.00    0.00    0.00
    491 0 2013 290 10.000   89.30   -8.61    0.00    0.00    0.00
    492 0 2013 290 11.000  120.70  -10.50    0.00    0.00    0.00
    493 0 2013 290 12.000  152.70  -12.17    0.00    0.00    0.00
    494 0 2013 290 13.000  178.50  -12.22    0.00    0.00    0.00
    495 0 2013 290 14.000  191.90  -11.23    0.00    0.00    0.00
    496 0 2013 290 15.000  186.20  -12.28    0.00    0.00    0.00
    497 0 2013 290 16.000  166.50  -10.84    0.00    0.00    0.00
    498 0 2013 290 17.000  135.30  -11.19    0.00    0.00    0.00
    499 0 2013 290 18.000  103.30  -12.13    0.00    0.00    0.00
    500 0 2013 290 19.000   77.60  -13.32    0.00    0.00    0.00
    501 0 2013 290 20.000   65.30  -11.55    0.00    0.00    0.00
    502 0 2013 290 21.000   66.10  -10.93    0.00    0.00    0.00
    503 0 2013 290 22.000   83.60  -10.22    0.00    0.00    0.00
    504 0 2013 290 23.000  111.40  -12.09    0.00    0.00    0.00
    505 0 2013 291  0.000  143.30  -13.19    0.00    0.00    0.00
    506 0 2013 291  1.000  170.00  -13.18    0.00    0.00    0.00
    507 0 2013 291  2.000  183.10  -14.12    0.00    0.00    0.00
    508 0 2013 291  3.000  179.30  -15.48    0.00    0.00    0.00
    509 0 2013 291  4.000  162.40  -12.71    0.00    0.00    0.00
    510 0 2013 291  5.000  132.80  -10.58    0.00    0.00    0.00
    511 0 2013 291  6.000   96.20  -13.28    0.00    0.00    0.00
    512 0 2013 291  7.000   72.90   -9.22    0.00    0.00    0.00
    513 0 2013 291  8.000   55.20  -10.64    0.00    0.00    0.00
    514 0 2013 291  9.000   51.70  -12.06    0.00    0.00    0.00
    515 0 2013 291 10.000   67.70  -10.96    0.00    0.00    0.00
    516 0 2013 291 11.000   96.90  -12.00    0.00    0.00    0.00
    517 0 2013 291 12.000  132.70  -13.32    0.00    0.00    0.00
    518 0 2013 291 13.000  166.80  -12.42    0.00    0.00    0.00
    519 0 2013 291 14.000  188.60  -12.30    0.00    0.00    0.00
    520 0 2013 291 15.000  191.50  -15.36    0.00    0.00    0.00
    521 0 2013 291 16.000  179.80  -15.29    0.00    0.00    0.00
    522 0 2013 291 17.000  151.30  -16.71    0.00    0.00    0.00
    523 0 2013 291 18.000  117.40  -16.58    0.00    0.00    0.00
    524 0 2013 291 19.000   86.20  -16.78    0.00    0.00    0.00
    525 0 2013 291 20.000   67.50  -13.86    0.00    0.00    0.00
    526 0 2013 291 21.000   55.90  -16.56    0.00    0.00    0.00
    527 0 2013 291 22.000   60.10  -19.30    0.00    0.00    0.00
    528 0 2013 291 23.000   86.90  -15.81    0.00    0.00    0.00
    529 0 2013 292  0.000  120.00  -16.08    0.00    0.00    0.00
    530 0 2013 292  1.000  149.90  -18.39    0.00    0.00    0.00
    531 0 2013 292  2.000  173.20  -16.85    0.00    0.00    0.00
    532 0 2013 292  3.000  178.80  -18.02    0.00    0.00    0.00
    533 0 2013 292  4.000  168.10  -18.79    0.00    0.00    0.00
    534 0 2013 292  5.000  142.20  -19.25    0.00    0.00    0.00
    535 0 2013 292  6.000  110.90  -16.26    0.00    0.00    0.00
    536 0 2013 292  7.000   78.20  -16.24    0.00    0.00    0.00
    537 0 2013 292  8.000   55.70  -15.76    0.00    0.00    0.00
    538 0 2013 292  9.000   48.10  -13.72    0.00    0.00    0.00
    539 0 2013 292 10.000   52.10  -15.52    0.00    0.00    0.00
    540 0 2013 292 11.000   76.60  -13.50    0.00    0.00    0.00
    541 0 2013 292 12.000  111.20  -14.10    0.00    0.00    0.00
    542 0 2013 292 13.000  147.60  -15.22    0.00    0.00    0.00
    543 0 2013 292 14.000  180.40  -11.32    0.00    0.00    0.00
    544 0 2013 292 15.000  196.30   -9.78    0.00    0.00    0.00
    545 0 2013 292 16.000  189.70  -14.27    0.00    0.00    0.00
    546 0 2013 292 17.000  170.90  -14.47    0.00    0.00    0.00
    547 0 2013 292 18.000  140.20  -13.95    0.00    0.00    0.00
    548 0 2013 292 19.000  107.30  -12.17    0.00    0.00    0.00
    549 0 2013 292 20.000   81.00  -10.22    0.00    0.00    0.00
    550 0 2013 292 21.000   65.20   -9.72    0.00    0.00    0.00
    551 0 2013 292 22.000   61.00  -11.85    0.00    0.00    0.00
    552 0 2013 292 23.000   76.60  -10.05    0.00    0.00    0.00
    553 0 2013 293  0.000  104.60  -10.15    0.00    0.00    0.00
    554 0 2013 293  1.000  138.50  -10.16    0.00    0.00    0.00
    555 0 2013 293  2.000  163.60  -12.94    0.00    0.00    0.00
    556 0 2013 293  3.000  179.00  -11.66    0.00    0.00    0.00
    557 0 2013 293  4.000  179.10  -10.12    0.00    0.00    0.00
    558 0 2013 293  5.000  163.20   -9.65    0.00    0.00    0.00
    559 0 2013 293  6.000  133.40  -10.78    0.00    0.00    0.00
    560 0 2013 293  7.000   98.80  -11.72    0.00    0.00    0.00
    561 0 2013 293  8.000   73.50   -8.64    0.00    0.00    0.00
    562 0 2013 293  9.000   60.20   -5.97    0.00    0.00    0.00
    563 0 2013 293 10.000   56.80   -7.94    0.00    0.00    0.00
    564 0 2013 293 11.000   68.40  -10.04    0.00    0.00    0.00
    565 0 2013 293 12.000   99.20   -7.53    0.00    0.00    0.00
    566 0 2013 293 13.000  135.60   -8.05    0.00    0.00    0.00
    567 0 2013 293 14.000  168.50   -9.22    0.00    0.00    0.00
    568 0 2013 293 15.000  188.70  -10.43    0.00    0.00    0.00
    569 0 2013 293 16.000  193.30  -11.35    0.00    0.00    0.00
    570 0 2013 293 17.000  180.70  -14.25    0.00    0.00    0.00
    571 0 2013 293 18.000  160.70  -10.73    0.00    0.00    0.00
    572 0 2013 293 19.000  126.90  -11.74    0.00    0.00    0.00
    573 0 2013 293 20.000  102.60   -3.38    0.00    0.00    0.00
    574 0 2013 293 21.000   78.20   -4.54    0.00    0.00    0.00
    575 0 2013 293 22.000   65.50   -7.61    0.00    0.00    0.00
    576 0 2013 293 23.000   69.00   -8.83    0.00    0.00    0.00
    577 0 2013 294  0.000   93.50   -3.48    0.00    0.00    0.00
    578 0 2013 294  1.000  124.60   -2.47    0.00    0.00    0.00
    579 0 2013 294  2.000  155.20   -2.96    0.00    0.00    0.00
    580 0 2013 294  3.000  178.70   -0.26    0.00    0.00    0.00
    581 0 2013 294  4.000  185.80    1.31    0.00    0.00    0.00
    582 0 2013 294  5.000  181.00    5.00    0.00    0.00    0.00
    583 0 2013 294  6.000  162.40    6.60    0.00    0.00    0.00
    584 0 2013 294  7.000  131.70    4.70    0.00    0.00    0.00
    585 0 2013 294  8.000  101.80    4.84    0.00    0.00    0.00
    586 0 2013 294  9.000   79.90    4.60    0.00    0.00    0.00
    587 0 2013 294 10.000   71.50    3.97    0.00    0.00    0.00
    588 0 2013 294 11.000   81.50    7.51    0.00    0.00    0.00
    589 0 2013 294 12.000  104.70   10.90    0.00    0.00    0.00
    590 0 2013 294 13.000  132.60    7.67    0.00    0.00    0.00
    591 0 2013 294 14.000  162.40    2.47    0.00    0.00    0.00
    592 0 2013 294 15.000  193.50    6.16    0.00    0.00    0.00
    593 0 2013 294 16.000  207.70    7.97    0.00    0.00    0.00
    594 0 2013 294 17.000  205.30    8.22    0.00    0.00    0.00
    595 0 2013 294 18.000  192.00   10.06    0.00    0.00    0.00
    596 0 2013 294 19.000  166.90   10.75    0.00    0.00    0.00
    597 0 2013 294 20.000  132.30    7.89    0.00    0.00    0.00
    598 0 2013 294 21.000  110.40   14.43    0.00    0.00    0.00
    599 0 2013 294 22.000  100.10   21.13    0.00    0.00    0.00
    600 0 2013 294 23.000   96.20   20.36    0.00    0.00    0.00
    601 0 2013 295  0.000  109.10   23.19    0.00    0.00    0.00
    602 0 2013 295  1.000  127.50   19.49    0.00    0.00    0.00
    603 0 2013 295  2.000  157.60   20.51    0.00    0.00    0.00
    604 0 2013 295  3.000  184.10   21.48    0.00    0.00    0.00
    605 0 2013 295  4.000  196.80   21.61    0.00    0.00    0.00
    606 0 2013 295  5.000  200.00   26.76    0.00    0.00    0.00
    607 0 2013 295  6.000  188.20   27.84    0.00    0.00    0.00
    608 0 2013 295  7.000  160.90   21.57    0.00    0.00    0.00
    609 0 2013 295  8.000  137.20   24.09    0.00    0.00    0.00
    610 0 2013 295  9.000  110.80   22.02    0.00    0.00    0.00
    611 0 2013 295 10.000   96.50   21.75    0.00    0.00    0.00
    612 0 2013 295 11.000   94.00   19.43    0.00    0.00    0.00
    613 0 2013 295 12.000  109.00   22.02    0.00    0.00    0.00
    614 0 2013 295 13.000  130.00   19.85    0.00    0.00    0.00
    615 0 2013 295 14.000  166.40   25.54    0.00    0.00    0.00
    616 0 2013 295 15.000  197.20   26.36    0.00    0.00    0.00
    617 0 2013 295 16.000  215.00   25.06    0.00    0.00    0.00
    618 0 2013 295 17.000  221.40   27.45    0.00    0.00    0.00
    619 0 2013 295 18.000  208.60   23.09    0.00    0.00    0.00
    620 0 2013 295 19.000  187.00   19.24    0.00    0.00    0.00
    621 0 2013 295 20.000  160.90   18.62    0.00    0.00    0.00
    622 0 2013 295 21.000  140.20   26.48    0.00    0.00    0.00
    623 0 2013 295 22.000  120.10   29.37    0.00    0.00    0.00
    624 0 2013 295 23.000  113.60   33.81    0.00    0.00    0.00
    625 0 2013 296  0.000  118.10   36.33    0.00    0.00    0.00
    626 0 2013 296  1.000  123.10   27.98    0.00    0.00    0.00
    627 0 2013 296  2.000  145.90   28.26    0.00    0.00    0.00
    628 0 2013 296  3.000  171.70   28.54    0.00    0.00    0.00
    629 0 2013 296  4.000  194.30   32.59    0.00    0.00    0.00
    630 0 2013 296  5.000  194.60   27.77    0.00    0.00    0.00
    631 0 2013 296  6.000  186.60   26.63    0.00    0.00    0.00
    632 0 2013 296  7.000  175.10   29.45    0.00    0.00    0.00
    633 0 2013 296  8.000  156.20   29.96    0.00    0.00    0.00
    634 0 2013 296  9.000  126.90   22.55    0.00    0.00    0.00
    635 0 2013 296 10.000  111.70   25.25    0.00    0.00    0.00
    636 0 2013 296 11.000  109.70   30.38    0.00    0.00    0.00
    637 0 2013 296 12.000  119.00   34.31    0.00    0.00    0.00
    638 0 2013 296 13.000  127.10   26.68    0.00    0.00    0.00
    639 0 2013 296 14.000  144.50   20.40    0.00    0.00    0.00
    640 0 2013 296 15.000  178.10   26.51    0.00    0.00    0.00
    641 0 2013 296 16.000  201.90   27.14    0.00    0.00    0.00
    642 0 2013 296 17.000  213.00   27.08    0.00    0.00    0.00
    643 0 2013 296 18.000  207.90   23.93    0.00    0.00    0.00
    644 0 2013 296 19.000  199.10   26.32    0.00    0.00    0.00
    645 0 2013 296 20.000  183.90   28.90    0.00    0.00    0.00
    646 0 2013 296 21.000  160.70   28.88    0.00    0.00    0.00
    647 0 2013 296 22.000  138.60   30.92    0.00    0.00    0.00
