                                                                                
                                                                                
                                                                                
                                                                                
                                                                                
                                                                                
                                                                                
                                                                                
                                                                                
                                                                                
                                                                                
                                                                                
                                                                                
                                                                                
                                                                                
                                                                                
                                                                                
                                                                                
                                                                                
                                                                                
      1 1 2013 270  0.000 9999.99    0.00    0.00    0.00    0.00
      2 0 2013 270  1.000  345.20  -11.02    0.00    0.00    0.00
      3 0 2013 270  2.000  342.90  -10.59    0.00    0.00    0.00
      4 0 2013 270  3.000  350.90   -6.87    0.00    0.00    0.00
      5 0 2013 270  4.000  352.30  -12.03    0.00    0.00    0.00
      6 0 2013 270  5.000  360.60  -10.51    0.00    0.00    0.00
      7 0 2013 270  6.000  371.30   -7.61    0.00    0.00    0.00
      8 0 2013 270  7.000  379.00   -7.11    0.00    0.00    0.00
      9 0 2013 270  8.000  380.60   -8.00    0.00    0.00    0.00
     10 0 2013 270  9.000  377.10   -8.01    0.00    0.00    0.00
     11 0 2013 270 10.000  371.80   -6.36    0.00    0.00    0.00
     12 0 2013 270 11.000  357.00  -12.62    0.00    0.00    0.00
     13 0 2013 270 12.000  348.20  -11.73    0.00    0.00    0.00
     14 0 2013 270 13.000  339.60  -12.30    0.00    0.00    0.00
     15 0 2013 270 14.000  344.50   -5.76    0.00    0.00    0.00
     16 0 2013 270 15.000  347.00   -8.80    0.00    0.00    0.00
     17 0 2013 270 16.000  358.10   -6.19    0.00    0.00    0.00
     18 0 2013 270 17.000  363.80   -8.74    0.00    0.00    0.00
     19 0 2013 270 18.000  370.60  -10.73    0.00    0.00    0.00
     20 0 2013 270 19.000  378.10  -12.77    0.00    0.00    0.00
     21 0 2013 270 20.000  382.50  -15.32    0.00    0.00    0.00
     22 0 2013 270 21.000  387.60  -11.60    0.00    0.00    0.00
     23 0 2013 270 22.000  383.60  -12.09    0.00    0.00    0.00
     24 0 2013 270 23.000  378.90   -9.91    0.00    0.00    0.00
     25 0 2013 271  0.000  364.20  -14.41    0.00    0.00    0.00
     26 0 2013 271  1.000  360.30   -6.40    0.00    0.00    0.00
     27 0 2013 271  2.000  352.00   -5.90    0.00    0.00    0.00
     28 0 2013 271  3.000  354.30   -1.29    0.00    0.00    0.00
     29 0 2013 271  4.000  351.00   -6.94    0.00    0.00    0.00
     30 0 2013 271  5.000  360.20   -1.33    0.00    0.00    0.00
     31 0 2013 271  6.000  367.00    0.77    0.00    0.00    0.00
     32 0 2013 271  7.000  367.50   -5.48    0.00    0.00    0.00
     33 0 2013 271  8.000  374.30   -5.35    0.00    0.00    0.00
     34 0 2013 271  9.000  376.70   -6.01    0.00    0.00    0.00
     35 0 2013 271 10.000  375.90   -5.55    0.00    0.00    0.00
     36 0 2013 271 11.000  375.40   -1.95    0.00    0.00    0.00
     37 0 2013 271 12.000  367.10   -3.80    0.00    0.00    0.00
     38 0 2013 271 13.000  354.90   -7.73    0.00    0.00    0.00
     39 0 2013 271 14.000  350.90   -4.93    0.00    0.00    0.00
     40 0 2013 271 15.000  349.00   -5.22    0.00    0.00    0.00
     41 0 2013 271 16.000  351.90   -5.59    0.00    0.00    0.00
     42 0 2013 271 17.000  355.60   -6.83    0.00    0.00    0.00
     43 0 2013 271 18.000  357.30  -10.65    0.00    0.00    0.00
     44 0 2013 271 19.000  366.90   -8.55    0.00    0.00    0.00
     45 0 2013 271 20.000  383.10   -1.41    0.00    0.00    0.00
     46 0 2013 271 21.000  388.40   -3.51    0.00    0.00    0.00
     47 0 2013 271 22.000  381.80  -13.35    0.00    0.00    0.00
     48 0 2013 271 23.000  381.30  -12.77    0.00    0.00    0.00
     49 0 2013 272  0.000  384.40   -4.33    0.00    0.00    0.00
     50 0 2013 272  1.000  375.70   -3.41    0.00    0.00    0.00
     51 0 2013 272  2.000  358.30   -9.33    0.00    0.00    0.00
     52 0 2013 272  3.000  346.00  -12.75    0.00    0.00    0.00
     53 0 2013 272  4.000  348.90   -5.89    0.00    0.00    0.00
     54 0 2013 272  5.000  347.20   -7.23    0.00    0.00    0.00
     55 0 2013 272  6.000  351.70   -4.52    0.00    0.00    0.00
     56 0 2013 272  7.000  351.50   -9.35    0.00    0.00    0.00
     57 0 2013 272  8.000  360.30   -8.27    0.00    0.00    0.00
     58 0 2013 272  9.000  365.40  -11.47    0.00    0.00    0.00
     59 0 2013 272 10.000  378.60   -3.90    0.00    0.00    0.00
     60 0 2013 272 11.000  381.50   -2.63    0.00    0.00    0.00
     61 0 2013 272 12.000  374.80   -6.98    0.00    0.00    0.00
     62 0 2013 272 13.000  369.50   -6.04    0.00    0.00    0.00
     63 0 2013 272 14.000  360.60   -6.21    0.00    0.00    0.00
     64 0 2013 272 15.000  358.00   -1.03    0.00    0.00    0.00
     65 0 2013 272 16.000  351.70   -3.40    0.00    0.00    0.00
     66 0 2013 272 17.000  350.50   -4.47    0.00    0.00    0.00
     67 0 2013 272 18.000  352.10   -5.19    0.00    0.00    0.00
     68 0 2013 272 19.000  358.80   -3.39    0.00    0.00    0.00
     69 0 2013 272 20.000  366.40   -4.18    0.00    0.00    0.00
     70 0 2013 272 21.000  374.60   -6.70    0.00    0.00    0.00
     71 0 2013 272 22.000  386.70   -4.34    0.00    0.00    0.00
     72 0 2013 272 23.000  389.80   -6.97    0.00    0.00    0.00
     73 0 2013 273  0.000  392.10   -4.86    0.00    0.00    0.00
     74 0 2013 273  1.000  384.90   -6.20    0.00    0.00    0.00
     75 0 2013 273  2.000  376.70   -3.41    0.00    0.00    0.00
     76 0 2013 273  3.000  366.60   -0.53    0.00    0.00    0.00
     77 0 2013 273  4.000  352.40   -3.82    0.00    0.00    0.00
     78 0 2013 273  5.000  346.80   -2.93    0.00    0.00    0.00
     79 0 2013 273  6.000  341.40   -6.40    0.00    0.00    0.00
     80 0 2013 273  7.000  349.30   -0.92    0.00    0.00    0.00
     81 0 2013 273  8.000  351.20   -6.12    0.00    0.00    0.00
     82 0 2013 273  9.000  365.50   -2.79    0.00    0.00    0.00
     83 0 2013 273 10.000  374.50   -5.61    0.00    0.00    0.00
     84 0 2013 273 11.000  387.20   -1.74    0.00    0.00    0.00
     85 0 2013 273 12.000  389.30   -2.93    0.00    0.00    0.00
     86 0 2013 273 13.000  388.10   -1.14    0.00    0.00    0.00
     87 0 2013 273 14.000  378.35   -2.50    0.00    0.00    0.00
     88 0 2013 273 15.000  368.90   -0.59    0.00    0.00    0.00
     89 0 2013 273 16.000  355.40   -3.29    0.00    0.00    0.00
     90 0 2013 273 17.000  345.90   -5.53    0.00    0.00    0.00
     91 0 2013 273 18.000  341.60   -7.28    0.00    0.00    0.00
     92 0 2013 273 19.000  348.70   -2.34    0.00    0.00    0.00
     93 0 2013 273 20.000  353.70   -4.31    0.00    0.00    0.00
     94 0 2013 273 21.000  368.20   -1.40    0.00    0.00    0.00
     95 0 2013 273 22.000  382.10   -1.63    0.00    0.00    0.00
     96 0 2013 273 23.000  397.30    0.99    0.00    0.00    0.00
     97 0 2013 274  0.000  401.70   -1.46    0.00    0.00    0.00
     98 0 2013 274  1.000  399.70   -2.34    0.00    0.00    0.00
     99 0 2013 274  2.000  390.90   -2.26    0.00    0.00    0.00
    100 0 2013 274  3.000  380.00    1.23    0.00    0.00    0.00
    101 0 2013 274  4.000  364.20    1.58    0.00    0.00    0.00
    102 0 2013 274  5.000  351.00    1.98    0.00    0.00    0.00
    103 0 2013 274  6.000  339.50   -1.69    0.00    0.00    0.00
    104 0 2013 274  7.000  341.10    0.77    0.00    0.00    0.00
    105 0 2013 274  8.000  345.60   -0.70    0.00    0.00    0.00
    106 0 2013 274  9.000  362.40    4.13    0.00    0.00    0.00
    107 0 2013 274 10.000  375.00    0.82    0.00    0.00    0.00
    108 0 2013 274 11.000  390.10    0.19    0.00    0.00    0.00
    109 1 2013 274 12.000 9999.99    0.00    0.00    0.00    0.00
    110 1 2013 274 13.000 9999.99    0.00    0.00    0.00    0.00
    111 1 2013 274 14.000 9999.99    0.00    0.00    0.00    0.00
    112 1 2013 274 15.000 9999.99    0.00    0.00    0.00    0.00
    113 1 2013 274 16.000 9999.99    0.00    0.00    0.00    0.00
    114 1 2013 274 17.000 9999.99    0.00    0.00    0.00    0.00
    115 1 2013 274 18.000 9999.99    0.00    0.00    0.00    0.00
    116 1 2013 274 19.000 9999.99    0.00    0.00    0.00    0.00
    117 1 2013 274 20.000 9999.99    0.00    0.00    0.00    0.00
    118 1 2013 274 21.000 9999.99    0.00    0.00    0.00    0.00
    119 1 2013 274 22.000 9999.99    0.00    0.00    0.00    0.00
    120 1 2013 274 23.000 9999.99    0.00    0.00    0.00    0.00
    121 0 2013 275  0.000  411.80    5.67    0.00    0.00    0.00
    122 0 2013 275  1.000  416.50    5.27    0.00    0.00    0.00
    123 0 2013 275  2.000  406.40    0.45    0.00    0.00    0.00
    124 0 2013 275  3.000  392.30    0.38    0.00    0.00    0.00
    125 0 2013 275  4.000  372.80    0.04    0.00    0.00    0.00
    126 0 2013 275  5.000  352.40   -0.80    0.00    0.00    0.00
    127 0 2013 275  6.000  341.70    3.40    0.00    0.00    0.00
    128 0 2013 275  7.000  335.60    3.73    0.00    0.00    0.00
    129 0 2013 275  8.000  339.30    4.17    0.00    0.00    0.00
    130 0 2013 275  9.000  349.90    2.84    0.00    0.00    0.00
    131 0 2013 275 10.000  369.60    4.23    0.00    0.00    0.00
    132 0 2013 275 11.000  391.70    5.45    0.00    0.00    0.00
    133 0 2013 275 12.000  411.10    6.94    0.00    0.00    0.00
    134 0 2013 275 13.000  415.30    1.72    0.00    0.00    0.00
    135 0 2013 275 14.000  413.20    1.43    0.00    0.00    0.00
    136 0 2013 275 15.000  400.50    0.66    0.00    0.00    0.00
    137 0 2013 275 16.000  385.10    3.64    0.00    0.00    0.00
    138 0 2013 275 17.000  366.60    5.21    0.00    0.00    0.00
    139 0 2013 275 18.000  350.40    5.66    0.00    0.00    0.00
    140 0 2013 275 19.000  342.90    7.08    0.00    0.00    0.00
    141 0 2013 275 20.000  344.10    7.40    0.00    0.00    0.00
    142 0 2013 275 21.000  357.00   10.09    0.00    0.00    0.00
    143 0 2013 275 22.000  373.40    9.08    0.00    0.00    0.00
    144 0 2013 275 23.000  396.90   11.51    0.00    0.00    0.00
    145 0 2013 276  0.000  413.20    8.33    0.00    0.00    0.00
    146 0 2013 276  1.000  424.70    7.87    0.00    0.00    0.00
    147 0 2013 276  2.000  425.40    8.19    0.00    0.00    0.00
    148 0 2013 276  3.000  413.00    7.30    0.00    0.00    0.00
    149 0 2013 276  4.000  390.40    4.93    0.00    0.00    0.00
    150 0 2013 276  5.000  367.40    5.64    0.00    0.00    0.00
    151 0 2013 276  6.000  348.50    7.99    0.00    0.00    0.00
    152 0 2013 276  7.000  333.50    6.34    0.00    0.00    0.00
    153 0 2013 276  8.000  332.50    7.45    0.00    0.00    0.00
    154 0 2013 276  9.000  340.00    5.36    0.00    0.00    0.00
    155 0 2013 276 10.000  360.60    6.88    0.00    0.00    0.00
    156 0 2013 276 11.000  381.30    3.23    0.00    0.00    0.00
    157 0 2013 276 12.000  406.20    4.32    0.00    0.00    0.00
    158 0 2013 276 13.000  421.20    2.37    0.00    0.00    0.00
    159 0 2013 276 14.000  427.40    3.30    0.00    0.00    0.00
    160 0 2013 276 15.000  421.80    5.52    0.00    0.00    0.00
    161 0 2013 276 16.000  405.40    7.54    0.00    0.00    0.00
    162 0 2013 276 17.000  381.00    6.87    0.00    0.00    0.00
    163 0 2013 276 18.000  358.10    6.68    0.00    0.00    0.00
    164 0 2013 276 19.000  345.10    9.68    0.00    0.00    0.00
    165 0 2013 276 20.000  338.10    8.24    0.00    0.00    0.00
    166 0 2013 276 21.000  341.70    5.67    0.00    0.00    0.00
    167 0 2013 276 22.000  363.60   11.03    0.00    0.00    0.00
    168 0 2013 276 23.000  378.80    3.23    0.00    0.00    0.00
    169 0 2013 277  0.000  406.40    7.16    0.00    0.00    0.00
    170 0 2013 277  1.000  420.00    2.74    0.00    0.00    0.00
    171 0 2013 277  2.000  426.70    2.22    0.00    0.00    0.00
    172 0 2013 277  3.000  424.30    5.94    0.00    0.00    0.00
    173 0 2013 277  4.000  404.70    4.73    0.00    0.00    0.00
    174 0 2013 277  5.000  382.40    8.27    0.00    0.00    0.00
    175 0 2013 277  6.000  351.80    3.91    0.00    0.00    0.00
    176 0 2013 277  7.000  336.30    8.35    0.00    0.00    0.00
    177 0 2013 277  8.000  325.70    6.80    0.00    0.00    0.00
    178 0 2013 277  9.000  329.90    6.98    0.00    0.00    0.00
    179 0 2013 277 10.000  344.90    5.28    0.00    0.00    0.00
    180 0 2013 277 11.000  370.10    4.77    0.00    0.00    0.00
    181 0 2013 277 12.000  398.70    5.19    0.00    0.00    0.00
    182 0 2013 277 13.000  423.30    6.35    0.00    0.00    0.00
    183 0 2013 277 14.000  435.90    5.89    0.00    0.00    0.00
    184 0 2013 277 15.000  436.00    6.54    0.00    0.00    0.00
    185 0 2013 277 16.000  423.45    8.35    0.00    0.00    0.00
    186 0 2013 277 17.000  396.30    5.55    0.00    0.00    0.00
    187 0 2013 277 18.000  368.20    4.56    0.00    0.00    0.00
    188 0 2013 277 19.000  347.50    6.23    0.00    0.00    0.00
    189 0 2013 277 20.000  330.60    2.02    0.00    0.00    0.00
    190 0 2013 277 21.000  332.10    4.10    0.00    0.00    0.00
    191 0 2013 277 22.000  341.90    1.80    0.00    0.00    0.00
    192 0 2013 277 23.000  366.70    4.22    0.00    0.00    0.00
    193 0 2013 278  0.000  391.70    2.71    0.00    0.00    0.00
    194 0 2013 278  1.000  418.20    6.17    0.00    0.00    0.00
    195 0 2013 278  2.000  428.60    2.85    0.00    0.00    0.00
    196 0 2013 278  3.000  429.10    2.28    0.00    0.00    0.00
    197 0 2013 278  4.000  420.50    6.48    0.00    0.00    0.00
    198 0 2013 278  5.000  394.40    4.82    0.00    0.00    0.00
    199 0 2013 278  6.000  367.80    7.53    0.00    0.00    0.00
    200 0 2013 278  7.000  336.70    2.07    0.00    0.00    0.00
    201 0 2013 278  8.000  321.90    3.19    0.00    0.00    0.00
    202 0 2013 278  9.000  319.90    4.55    0.00    0.00    0.00
    203 0 2013 278 10.000  330.35    4.58    0.00    0.00    0.00
    204 0 2013 278 11.000  354.10    5.20    0.00    0.00    0.00
    205 0 2013 278 12.000  382.60    3.49    0.00    0.00    0.00
    206 0 2013 278 13.000  411.20    3.41    0.00    0.00    0.00
    207 0 2013 278 14.000  432.90    5.01    0.00    0.00    0.00
    208 0 2013 278 15.000  443.50    7.84    0.00    0.00    0.00
    209 0 2013 278 16.000  434.80    5.60    0.00    0.00    0.00
    210 0 2013 278 17.000  412.50    3.44    0.00    0.00    0.00
    211 0 2013 278 18.000  384.00    3.29    0.00    0.00    0.00
    212 0 2013 278 19.000  356.40    3.22    0.00    0.00    0.00
    213 0 2013 278 20.000  335.80    2.03    0.00    0.00    0.00
    214 0 2013 278 21.000  326.40    0.77    0.00    0.00    0.00
    215 0 2013 278 22.000  331.60    1.49    0.00    0.00    0.00
    216 0 2013 278 23.000  348.40    0.91    0.00    0.00    0.00
    217 0 2013 279  0.000  378.50    4.63    0.00    0.00    0.00
    218 0 2013 279  1.000  401.90    1.10    0.00    0.00    0.00
    219 0 2013 279  2.000  422.40    2.04    0.00    0.00    0.00
    220 0 2013 279  3.000  432.90    4.29    0.00    0.00    0.00
    221 0 2013 279  4.000  425.30    1.47    0.00    0.00    0.00
    222 0 2013 279  5.000  409.90    4.49    0.00    0.00    0.00
    223 0 2013 279  6.000  379.00    2.06    0.00    0.00    0.00
    224 0 2013 279  7.000  348.90    1.68    0.00    0.00    0.00
    225 0 2013 279  8.000  327.70    2.73    0.00    0.00    0.00
    226 0 2013 279  9.000  315.40    1.13    0.00    0.00    0.00
    227 0 2013 279 10.000  316.20   -0.19    0.00    0.00    0.00
    228 0 2013 279 11.000  331.70   -0.67    0.00    0.00    0.00
    229 0 2013 279 12.000  359.10   -0.98    0.00    0.00    0.00
    230 0 2013 279 13.000  389.50   -2.20    0.00    0.00    0.00
    231 0 2013 279 14.000  418.00    0.14    0.00    0.00    0.00
    232 0 2013 279 15.000  432.40   -0.88    0.00    0.00    0.00
    233 0 2013 279 16.000  436.20    0.18    0.00    0.00    0.00
    234 0 2013 279 17.000  423.10   -1.49    0.00    0.00    0.00
    235 0 2013 279 18.000  401.10    0.79    0.00    0.00    0.00
    236 0 2013 279 19.000  369.50   -1.13    0.00    0.00    0.00
    237 0 2013 279 20.000  344.90   -0.45    0.00    0.00    0.00
    238 0 2013 279 21.000  324.50   -5.53    0.00    0.00    0.00
    239 0 2013 279 22.000  322.80   -3.28    0.00    0.00    0.00
    240 0 2013 279 23.000  333.00   -1.78    0.00    0.00    0.00
    241 0 2013 280  0.000  352.90   -3.07    0.00    0.00    0.00
    242 0 2013 280  1.000  378.80   -4.87    0.00    0.00    0.00
    243 0 2013 280  2.000  406.10   -2.09    0.00    0.00    0.00
    244 0 2013 280  3.000  422.10   -0.95    0.00    0.00    0.00
    245 0 2013 280  4.000  423.80   -2.61    0.00    0.00    0.00
    246 0 2013 280  5.000  416.40   -0.65    0.00    0.00    0.00
    247 0 2013 280  6.000  389.20   -5.55    0.00    0.00    0.00
    248 0 2013 280  7.000  359.50   -5.46    0.00    0.00    0.00
    249 0 2013 280  8.000  329.80   -7.87    0.00    0.00    0.00
    250 0 2013 280  9.000  312.20   -7.95    0.00    0.00    0.00
    251 0 2013 280 10.000  306.60   -7.64    0.00    0.00    0.00
    252 0 2013 280 11.000  313.60   -7.22    0.00    0.00    0.00
    253 0 2013 280 12.000  331.30   -9.59    0.00    0.00    0.00
    254 0 2013 280 13.000  363.90   -6.75    0.00    0.00    0.00
    255 0 2013 280 14.000  394.90   -5.79    0.00    0.00    0.00
    256 0 2013 280 15.000  418.50   -4.25    0.00    0.00    0.00
    257 0 2013 280 16.000  430.40   -3.42    0.00    0.00    0.00
    258 0 2013 280 17.000  427.20   -5.41    0.00    0.00    0.00
    259 0 2013 280 18.000  412.40   -5.11    0.00    0.00    0.00
    260 0 2013 280 19.000  385.50   -5.73    0.00    0.00    0.00
    261 0 2013 280 20.000  358.40   -4.40    0.00    0.00    0.00
    262 0 2013 280 21.000  332.20   -8.89    0.00    0.00    0.00
    263 0 2013 280 22.000  320.30   -9.14    0.00    0.00    0.00
    264 0 2013 280 23.000  320.30   -8.36    0.00    0.00    0.00
    265 0 2013 281  0.000  330.80   -9.63    0.00    0.00    0.00
    266 0 2013 281  1.000  356.20   -7.22    0.00    0.00    0.00
    267 0 2013 281  2.000  378.30  -11.49    0.00    0.00    0.00
    268 0 2013 281  3.000  400.80   -9.58    0.00    0.00    0.00
    269 0 2013 281  4.000  406.20  -14.84    0.00    0.00    0.00
    270 0 2013 281  5.000  410.20  -10.68    0.00    0.00    0.00
    271 0 2013 281  6.000  395.80  -12.60    0.00    0.00    0.00
    272 0 2013 281  7.000  373.30  -11.04    0.00    0.00    0.00
    273 0 2013 281  8.000  347.50   -8.43    0.00    0.00    0.00
    274 0 2013 281  9.000  323.20   -9.58    0.00    0.00    0.00
    275 0 2013 281 10.000  314.00   -5.73    0.00    0.00    0.00
    276 0 2013 281 11.000  313.40   -4.10    0.00    0.00    0.00
    277 0 2013 281 12.000  320.50   -6.89    0.00    0.00    0.00
    278 0 2013 281 13.000  342.10   -7.60    0.00    0.00    0.00
    279 0 2013 281 14.000  373.10   -5.70    0.00    0.00    0.00
    280 0 2013 281 15.000  399.30   -6.01    0.00    0.00    0.00
    281 0 2013 281 16.000  416.60   -6.70    0.00    0.00    0.00
    282 0 2013 281 17.000  417.50  -13.63    0.00    0.00    0.00
    283 0 2013 281 18.000  417.60   -9.42    0.00    0.00    0.00
    284 0 2013 281 19.000  399.00  -10.73    0.00    0.00    0.00
    285 0 2013 281 20.000  377.60   -6.12    0.00    0.00    0.00
    286 0 2013 281 21.000  347.10  -11.11    0.00    0.00    0.00
    287 0 2013 281 22.000  332.70   -7.29    0.00    0.00    0.00
    288 0 2013 281 23.000  321.40   -9.54    0.00    0.00    0.00
    289 0 2013 282  0.000  323.10   -9.31    0.00    0.00    0.00
    290 0 2013 282  1.000  339.30   -6.65    0.00    0.00    0.00
    291 0 2013 282  2.000  358.80   -9.68    0.00    0.00    0.00
    292 0 2013 282  3.000  381.40  -10.26    0.00    0.00    0.00
    293 0 2013 282  4.000  399.70   -8.63    0.00    0.00    0.00
    294 0 2013 282  5.000  409.40   -6.67    0.00    0.00    0.00
    295 0 2013 282  6.000  405.80   -7.88    0.00    0.00    0.00
    296 0 2013 282  7.000  392.30   -7.26    0.00    0.00    0.00
    297 0 2013 282  8.000  369.20   -6.85    0.00    0.00    0.00
    298 0 2013 282  9.000  343.20   -7.89    0.00    0.00    0.00
    299 0 2013 282 10.000  326.70   -5.67    0.00    0.00    0.00
    300 0 2013 282 11.000  312.80  -10.02    0.00    0.00    0.00
    301 0 2013 282 12.000  318.80   -4.47    0.00    0.00    0.00
    302 0 2013 282 13.000  327.60   -7.63    0.00    0.00    0.00
    303 0 2013 282 14.000  351.10   -6.48    0.00    0.00    0.00
    304 0 2013 282 15.000  372.10  -11.66    0.00    0.00    0.00
    305 0 2013 282 16.000  396.00  -10.18    0.00    0.00    0.00
    306 0 2013 282 17.000  411.10   -9.88    0.00    0.00    0.00
    307 0 2013 282 18.000  415.90  -10.59    0.00    0.00    0.00
    308 0 2013 282 19.000  412.80   -7.64    0.00    0.00    0.00
    309 0 2013 282 20.000  390.90  -11.84    0.00    0.00    0.00
    310 0 2013 282 21.000  370.50   -8.44    0.00    0.00    0.00
    311 0 2013 282 22.000  351.20   -5.70    0.00    0.00    0.00
    312 0 2013 282 23.000  339.60   -1.73    0.00    0.00    0.00
    313 0 2013 283  0.000  333.60   -0.44    0.00    0.00    0.00
    314 0 2013 283  1.000  332.30   -4.64    0.00    0.00    0.00
    315 0 2013 283  2.000  349.60   -0.95    0.00    0.00    0.00
    316 0 2013 283  3.000  367.40   -3.18    0.00    0.00    0.00
    317 0 2013 283  4.000  387.50   -2.38    0.00    0.00    0.00
    318 0 2013 283  5.000  401.60   -1.97    0.00    0.00    0.00
    319 0 2013 283  6.000  404.20   -5.40    0.00    0.00    0.00
    320 0 2013 283  7.000  403.30   -2.75    0.00    0.00    0.00
    321 0 2013 283  8.000  389.80   -2.30    0.00    0.00    0.00
    322 0 2013 283  9.000  368.00   -3.35    0.00    0.00    0.00
    323 0 2013 283 10.000  346.20   -4.60    0.00    0.00    0.00
    324 0 2013 283 11.000  331.30   -4.60    0.00    0.00    0.00
    325 0 2013 283 12.000  326.60   -2.27    0.00    0.00    0.00
    326 0 2013 283 13.000  326.70   -4.41    0.00    0.00    0.00
    327 0 2013 283 14.000  339.20   -4.28    0.00    0.00    0.00
    328 0 2013 283 15.000  359.00   -4.52    0.00    0.00    0.00
    329 0 2013 283 16.000  387.10    1.58    0.00    0.00    0.00
    330 0 2013 283 17.000  400.90   -3.37    0.00    0.00    0.00
    331 0 2013 283 18.000  417.20    0.38    0.00    0.00    0.00
    332 0 2013 283 19.000  420.90    0.13    0.00    0.00    0.00
    333 0 2013 283 20.000  413.70   -0.39    0.00    0.00    0.00
    334 0 2013 283 21.000  395.40   -2.57    0.00    0.00    0.00
    335 0 2013 283 22.000  375.90   -1.64    0.00    0.00    0.00
    336 0 2013 283 23.000  361.40    2.80    0.00    0.00    0.00
    337 0 2013 284  0.000  345.00    0.16    0.00    0.00    0.00
    338 0 2013 284  1.000  337.90   -0.76    0.00    0.00    0.00
    339 0 2013 284  2.000  343.80    2.01    0.00    0.00    0.00
    340 0 2013 284  3.000  356.00    2.54    0.00    0.00    0.00
    341 0 2013 284  4.000  370.50    0.83    0.00    0.00    0.00
    342 0 2013 284  5.000  390.20    4.69    0.00    0.00    0.00
    343 0 2013 284  6.000  400.00    2.60    0.00    0.00    0.00
    344 0 2013 284  7.000  404.70    1.98    0.00    0.00    0.00
    345 0 2013 284  8.000  402.10    2.69    0.00    0.00    0.00
    346 0 2013 284  9.000  391.30    3.57    0.00    0.00    0.00
    347 0 2013 284 10.000  373.60    2.35    0.00    0.00    0.00
    348 0 2013 284 11.000  360.50    5.49    0.00    0.00    0.00
    349 0 2013 284 12.000  345.50    2.55    0.00    0.00    0.00
    350 0 2013 284 13.000  340.30    2.78    0.00    0.00    0.00
    351 0 2013 284 14.000  341.90    1.71    0.00    0.00    0.00
    352 0 2013 284 15.000  355.70    4.97    0.00    0.00    0.00
    353 0 2013 284 16.000  373.80    7.13    0.00    0.00    0.00
    354 0 2013 284 17.000  391.00    6.62    0.00    0.00    0.00
    355 0 2013 284 18.000  407.60    7.19    0.00    0.00    0.00
    356 0 2013 284 19.000  415.00    3.40    0.00    0.00    0.00
    357 0 2013 284 20.000  419.20    4.10    0.00    0.00    0.00
    358 0 2013 284 21.000  414.60    4.96    0.00    0.00    0.00
    359 0 2013 284 22.000  402.00    5.32    0.00    0.00    0.00
    360 0 2013 284 23.000  382.70    2.92    0.00    0.00    0.00
    361 0 2013 285  0.000  365.80    2.72    0.00    0.00    0.00
    362 0 2013 285  1.000  354.10    3.78    0.00    0.00    0.00
    363 0 2013 285  2.000  354.30   10.06    0.00    0.00    0.00
    364 0 2013 285  3.000  349.90    4.13    0.00    0.00    0.00
    365 0 2013 285  4.000  359.50    5.65    0.00    0.00    0.00
    366 0 2013 285  5.000  370.70    4.57    0.00    0.00    0.00
    367 0 2013 285  6.000  381.20    1.55    0.00    0.00    0.00
    368 0 2013 285  7.000  392.90    1.91    0.00    0.00    0.00
    369 0 2013 285  8.000  399.40    2.49    0.00    0.00    0.00
    370 0 2013 285  9.000  399.00    3.25    0.00    0.00    0.00
    371 0 2013 285 10.000  392.40    4.30    0.00    0.00    0.00
    372 0 2013 285 11.000  380.10    3.89    0.00    0.00    0.00
    373 0 2013 285 12.000  371.20    7.92    0.00    0.00    0.00
    374 0 2013 285 13.000  354.80    1.98    0.00    0.00    0.00
    375 0 2013 285 14.000  353.70    6.10    0.00    0.00    0.00
    376 0 2013 285 15.000  351.20    2.59    0.00    0.00    0.00
    377 0 2013 285 16.000  363.10    7.81    0.00    0.00    0.00
    378 0 2013 285 17.000  370.70    4.13    0.00    0.00    0.00
    379 0 2013 285 18.000  383.50    2.58    0.00    0.00    0.00
    380 0 2013 285 19.000  399.30    3.79    0.00    0.00    0.00
    381 0 2013 285 20.000  414.00    7.39    0.00    0.00    0.00
    382 0 2013 285 21.000  415.80    4.40    0.00    0.00    0.00
    383 0 2013 285 22.000  414.80    5.91    0.00    0.00    0.00
    384 0 2013 285 23.000  402.40    2.82    0.00    0.00    0.00
    385 0 2013 286  0.000  389.80    4.46    0.00    0.00    0.00
    386 0 2013 286  1.000  373.70    4.00    0.00    0.00    0.00
    387 0 2013 286  2.000  366.20    9.45    0.00    0.00    0.00
    388 0 2013 286  3.000  355.10    6.02    0.00    0.00    0.00
    389 0 2013 286  4.000  351.30    4.01    0.00    0.00    0.00
    390 0 2013 286  5.000  359.30    7.97    0.00    0.00    0.00
    391 0 2013 286  6.000  365.10    4.27    0.00    0.00    0.00
    392 0 2013 286  7.000  378.00    4.29    0.00    0.00    0.00
    393 0 2013 286  8.000  386.80    0.72    0.00    0.00    0.00
    394 0 2013 286  9.000  396.30    1.87    0.00    0.00    0.00
    395 0 2013 286 10.000  399.00    1.83    0.00    0.00    0.00
    396 0 2013 286 11.000  395.70    1.65    0.00    0.00    0.00
    397 0 2013 286 12.000  390.70    5.00    0.00    0.00    0.00
    398 0 2013 286 13.000  376.60    2.22    0.00    0.00    0.00
    399 0 2013 286 14.000  364.90    1.13    0.00    0.00    0.00
    400 0 2013 286 15.000  357.25    0.56    0.00    0.00    0.00
    401 0 2013 286 16.000  357.60    3.60    0.00    0.00    0.00
    402 0 2013 286 17.000  357.40    1.38    0.00    0.00    0.00
    403 0 2013 286 18.000  366.60    3.03    0.00    0.00    0.00
    404 0 2013 286 19.000  379.00    2.68    0.00    0.00    0.00
    405 0 2013 286 20.000  397.60    6.39    0.00    0.00    0.00
    406 0 2013 286 21.000  410.90    6.88    0.00    0.00    0.00
    407 0 2013 286 22.000  415.60    3.85    0.00    0.00    0.00
    408 0 2013 286 23.000  419.70    6.96    0.00    0.00    0.00
    409 0 2013 287  0.000  413.50    7.36    0.00    0.00    0.00
    410 0 2013 287  1.000  398.10    5.19    0.00    0.00    0.00
    411 0 2013 287  2.000  379.40    2.70    0.00    0.00    0.00
    412 0 2013 287  3.000  361.30   -0.54    0.00    0.00    0.00
    413 0 2013 287  4.000  352.60    1.64    0.00    0.00    0.00
    414 0 2013 287  5.000  349.90    4.52    0.00    0.00    0.00
    415 0 2013 287  6.000  352.30    5.68    0.00    0.00    0.00
    416 0 2013 287  7.000  365.70   10.23    0.00    0.00    0.00
    417 0 2013 287  8.000  381.50   11.70    0.00    0.00    0.00
    418 0 2013 287  9.000  402.60   17.43    0.00    0.00    0.00
    419 0 2013 287 10.000  416.50   18.94    0.00    0.00    0.00
    420 0 2013 287 11.000  424.60   20.01    0.00    0.00    0.00
    421 0 2013 287 12.000  420.40   15.61    0.00    0.00    0.00
    422 0 2013 287 13.000  411.90   14.07    0.00    0.00    0.00
    423 0 2013 287 14.000  399.40   13.52    0.00    0.00    0.00
    424 0 2013 287 15.000  388.20   15.32    0.00    0.00    0.00
    425 0 2013 287 16.000  376.70   14.73    0.00    0.00    0.00
    426 0 2013 287 17.000  369.40   14.58    0.00    0.00    0.00
    427 0 2013 287 18.000  365.10   11.86    0.00    0.00    0.00
    428 0 2013 287 19.000  370.90   11.66    0.00    0.00    0.00
    429 0 2013 287 20.000  381.30    8.64    0.00    0.00    0.00
    430 0 2013 287 21.000  397.60    7.73    0.00    0.00    0.00
    431 0 2013 287 22.000  413.20    7.24    0.00    0.00    0.00
    432 0 2013 287 23.000  426.00    8.98    0.00    0.00    0.00
    433 0 2013 288  0.000  424.80    4.49    0.00    0.00    0.00
    434 0 2013 288  1.000  419.50    5.19    0.00    0.00    0.00
    435 0 2013 288  2.000  405.60    5.60    0.00    0.00    0.00
    436 0 2013 288  3.000  386.50    5.19    0.00    0.00    0.00
    437 0 2013 288  4.000  365.90    2.85    0.00    0.00    0.00
    438 0 2013 288  5.000  349.80    1.11    0.00    0.00    0.00
    439 0 2013 288  6.000  341.80    1.04    0.00    0.00    0.00
    440 0 2013 288  7.000  340.60   -1.13    0.00    0.00    0.00
    441 0 2013 288  8.000  354.80    2.27    0.00    0.00    0.00
    442 0 2013 288  9.000  373.50    2.97    0.00    0.00    0.00
    443 0 2013 288 10.000  390.30   -0.09    0.00    0.00    0.00
    444 0 2013 288 11.000  401.10   -5.88    0.00    0.00    0.00
    445 0 2013 288 12.000  411.80   -4.99    0.00    0.00    0.00
    446 0 2013 288 13.000  412.10   -5.62    0.00    0.00    0.00
    447 0 2013 288 14.000  401.40   -8.07    0.00    0.00    0.00
    448 0 2013 288 15.000  393.30   -1.16    0.00    0.00    0.00
    449 0 2013 288 16.000  371.90   -5.29    0.00    0.00    0.00
    450 0 2013 288 17.000  360.00   -1.87    0.00    0.00    0.00
    451 0 2013 288 18.000  351.50   -0.04    0.00    0.00    0.00
    452 0 2013 288 19.000  347.40   -1.47    0.00    0.00    0.00
    453 0 2013 288 20.000  356.30    0.26    0.00    0.00    0.00
    454 0 2013 288 21.000  374.40    1.99    0.00    0.00    0.00
    455 0 2013 288 22.000  395.40    1.93    0.00    0.00    0.00
    456 0 2013 288 23.000  411.20   -1.76    0.00    0.00    0.00
    457 0 2013 289  0.000  425.00   -0.78    0.00    0.00    0.00
    458 0 2013 289  1.000  427.30   -1.57    0.00    0.00    0.00
    459 0 2013 289  2.000  422.90    1.91    0.00    0.00    0.00
    460 0 2013 289  3.000  410.00    6.48    0.00    0.00    0.00
    461 0 2013 289  4.000  386.60    5.62    0.00    0.00    0.00
    462 0 2013 289  5.000  365.00    5.73    0.00    0.00    0.00
    463 0 2013 289  6.000  345.90    2.75    0.00    0.00    0.00
    464 0 2013 289  7.000  340.90    5.14    0.00    0.00    0.00
    465 0 2013 289  8.000  340.50    1.08    0.00    0.00    0.00
    466 0 2013 289  9.000  356.90    2.34    0.00    0.00    0.00
    467 0 2013 289 10.000  373.40   -4.28    0.00    0.00    0.00
    468 0 2013 289 11.000  401.10   -0.86    0.00    0.00    0.00
    469 0 2013 289 12.000  423.50    2.66    0.00    0.00    0.00
    470 0 2013 289 13.000  434.70    4.24    0.00    0.00    0.00
    471 0 2013 289 14.000  433.10    3.91    0.00    0.00    0.00
    472 0 2013 289 15.000  419.90    2.75    0.00    0.00    0.00
    473 0 2013 289 16.000  404.40    7.09    0.00    0.00    0.00
    474 0 2013 289 17.000  378.50    3.11    0.00    0.00    0.00
    475 0 2013 289 18.000  365.15    7.94    0.00    0.00    0.00
    476 0 2013 289 19.000  351.10    4.59    0.00    0.00    0.00
    477 0 2013 289 20.000  346.90    1.20    0.00    0.00    0.00
    478 0 2013 289 21.000  356.10   -0.32    0.00    0.00    0.00
    479 0 2013 289 22.000  380.50    3.28    0.00    0.00    0.00
    480 0 2013 289 23.000  404.70    2.64    0.00    0.00    0.00
    481 0 2013 290  0.000  430.60    7.56    0.00    0.00    0.00
    482 0 2013 290  1.000  439.30    4.58    0.00    0.00    0.00
    483 0 2013 290  2.000  438.10    3.23    0.00    0.00    0.00
    484 0 2013 290  3.000  427.30    4.23    0.00    0.00    0.00
    485 0 2013 290  4.000  404.40    3.19    0.00    0.00    0.00
    486 0 2013 290  5.000  373.20   -1.75    0.00    0.00    0.00
    487 0 2013 290  6.000  349.70   -2.07    0.00    0.00    0.00
    488 0 2013 290  7.000  335.10   -1.97    0.00    0.00    0.00
    489 0 2013 290  8.000  333.10   -0.24    0.00    0.00    0.00
    490 0 2013 290  9.000  340.80   -1.25    0.00    0.00    0.00
    491 0 2013 290 10.000  363.00    0.12    0.00    0.00    0.00
    492 0 2013 290 11.000  389.00   -1.87    0.00    0.00    0.00
    493 0 2013 290 12.000  412.40   -4.98    0.00    0.00    0.00
    494 0 2013 290 13.000  431.70   -3.56    0.00    0.00    0.00
    495 0 2013 290 14.000  439.40   -2.21    0.00    0.00    0.00
    496 0 2013 290 15.000  434.50   -1.30    0.00    0.00    0.00
    497 0 2013 290 16.000  414.80   -3.65    0.00    0.00    0.00
    498 0 2013 290 17.000  391.20   -2.38    0.00    0.00    0.00
    499 0 2013 290 18.000  362.20   -6.56    0.00    0.00    0.00
    500 0 2013 290 19.000  340.80   -9.94    0.00    0.00    0.00
    501 0 2013 290 20.000  335.30   -7.40    0.00    0.00    0.00
    502 0 2013 290 21.000  337.40   -8.62    0.00    0.00    0.00
    503 0 2013 290 22.000  356.50   -5.09    0.00    0.00    0.00
    504 0 2013 290 23.000  383.30   -3.35    0.00    0.00    0.00
    505 0 2013 291  0.000  409.10   -4.07    0.00    0.00    0.00
    506 0 2013 291  1.000  426.80   -5.63    0.00    0.00    0.00
    507 0 2013 291  2.000  439.40   -0.71    0.00    0.00    0.00
    508 0 2013 291  3.000  434.80   -0.71    0.00    0.00    0.00
    509 0 2013 291  4.000  416.50   -2.33    0.00    0.00    0.00
    510 0 2013 291  5.000  384.20   -8.67    0.00    0.00    0.00
    511 0 2013 291  6.000  357.80   -7.18    0.00    0.00    0.00
    512 0 2013 291  7.000  336.80   -6.88    0.00    0.00    0.00
    513 0 2013 291  8.000  329.70   -3.82    0.00    0.00    0.00
    514 0 2013 291  9.000  328.80   -6.76    0.00    0.00    0.00
    515 0 2013 291 10.000  346.40   -3.98    0.00    0.00    0.00
    516 0 2013 291 11.000  372.50   -4.04    0.00    0.00    0.00
    517 0 2013 291 12.000  403.00   -4.10    0.00    0.00    0.00
    518 0 2013 291 13.000  427.70   -4.63    0.00    0.00    0.00
    519 0 2013 291 14.000  439.10   -6.97    0.00    0.00    0.00
    520 0 2013 291 15.000  439.10   -8.05    0.00    0.00    0.00
    521 0 2013 291 16.000  427.60   -8.13    0.00    0.00    0.00
    522 0 2013 291 17.000  404.70   -8.40    0.00    0.00    0.00
    523 0 2013 291 18.000  377.00   -7.98    0.00    0.00    0.00
    524 0 2013 291 19.000  352.80   -7.56    0.00    0.00    0.00
    525 0 2013 291 20.000  336.10   -9.44    0.00    0.00    0.00
    526 0 2013 291 21.000  333.00   -9.12    0.00    0.00    0.00
    527 0 2013 291 22.000  342.10   -8.44    0.00    0.00    0.00
    528 0 2013 291 23.000  359.70  -11.01    0.00    0.00    0.00
    529 0 2013 292  0.000  386.70  -11.26    0.00    0.00    0.00
    530 0 2013 292  1.000  411.90  -10.94    0.00    0.00    0.00
    531 0 2013 292  2.000  424.90  -12.59    0.00    0.00    0.00
    532 0 2013 292  3.000  429.50  -10.15    0.00    0.00    0.00
    533 0 2013 292  4.000  419.90   -9.89    0.00    0.00    0.00
    534 0 2013 292  5.000  398.50  -10.24    0.00    0.00    0.00
    535 0 2013 292  6.000  370.10  -10.58    0.00    0.00    0.00
    536 0 2013 292  7.000  347.40   -7.04    0.00    0.00    0.00
    537 0 2013 292  8.000  331.10   -6.96    0.00    0.00    0.00
    538 0 2013 292  9.000  325.80   -8.42    0.00    0.00    0.00
    539 0 2013 292 10.000  332.30  -10.35    0.00    0.00    0.00
    540 0 2013 292 11.000  356.20   -6.85    0.00    0.00    0.00
    541 0 2013 292 12.000  381.10  -11.23    0.00    0.00    0.00
    542 0 2013 292 13.000  411.30  -10.69    0.00    0.00    0.00
    543 0 2013 292 14.000  442.00   -0.78    0.00    0.00    0.00
    544 0 2013 292 15.000  441.05   -9.66    0.00    0.00    0.00
    545 0 2013 292 16.000  436.90   -9.10    0.00    0.00    0.00
    546 0 2013 292 17.000  417.50  -11.78    0.00    0.00    0.00
    547 0 2013 292 18.000  393.20   -9.84    0.00    0.00    0.00
    548 0 2013 292 19.000  366.10   -8.57    0.00    0.00    0.00
    549 0 2013 292 20.000  346.30   -6.91    0.00    0.00    0.00
    550 0 2013 292 21.000  331.30  -11.97    0.00    0.00    0.00
    551 0 2013 292 22.000  334.20  -10.84    0.00    0.00    0.00
    552 0 2013 292 23.000  348.70   -9.46    0.00    0.00    0.00
    553 0 2013 293  0.000  370.30  -10.80    0.00    0.00    0.00
    554 0 2013 293  1.000  391.00  -16.41    0.00    0.00    0.00
    555 0 2013 293  2.000  411.40  -16.39    0.00    0.00    0.00
    556 0 2013 293  3.000  417.40  -19.12    0.00    0.00    0.00
    557 0 2013 293  4.000  416.60  -16.57    0.00    0.00    0.00
    558 0 2013 293  5.000  407.10  -11.72    0.00    0.00    0.00
    559 0 2013 293  6.000  380.60  -14.60    0.00    0.00    0.00
    560 0 2013 293  7.000  357.60  -10.44    0.00    0.00    0.00
    561 0 2013 293  8.000  334.70  -11.64    0.00    0.00    0.00
    562 0 2013 293  9.000  329.60   -6.76    0.00    0.00    0.00
    563 0 2013 293 10.000  332.30   -6.67    0.00    0.00    0.00
    564 0 2013 293 11.000  343.00  -10.03    0.00    0.00    0.00
    565 0 2013 293 12.000  368.20   -8.85    0.00    0.00    0.00
    566 0 2013 293 13.000  395.10  -11.12    0.00    0.00    0.00
    567 0 2013 293 14.000  423.45   -8.42    0.00    0.00    0.00
    568 0 2013 293 15.000  437.50   -9.25    0.00    0.00    0.00
    569 0 2013 293 16.000  442.10   -6.74    0.00    0.00    0.00
    570 0 2013 293 17.000  430.60   -8.39    0.00    0.00    0.00
    571 0 2013 293 18.000  409.80   -8.69    0.00    0.00    0.00
    572 0 2013 293 19.000  385.10   -6.22    0.00    0.00    0.00
    573 0 2013 293 20.000  357.90   -7.58    0.00    0.00    0.00
    574 0 2013 293 21.000  344.40   -4.27    0.00    0.00    0.00
    575 0 2013 293 22.000  336.40   -7.40    0.00    0.00    0.00
    576 0 2013 293 23.000  342.20   -8.02    0.00    0.00    0.00
    577 0 2013 294  0.000  359.80   -6.76    0.00    0.00    0.00
    578 0 2013 294  1.000  385.70   -3.86    0.00    0.00    0.00
    579 0 2013 294  2.000  407.40   -4.81    0.00    0.00    0.00
    580 0 2013 294  3.000  421.60   -5.30    0.00    0.00    0.00
    581 0 2013 294  4.000  429.00   -1.11    0.00    0.00    0.00
    582 0 2013 294  5.000  416.10   -6.20    0.00    0.00    0.00
    583 0 2013 294  6.000  401.90   -3.13    0.00    0.00    0.00
    584 0 2013 294  7.000  381.10   -0.27    0.00    0.00    0.00
    585 0 2013 294  8.000  354.60   -3.14    0.00    0.00    0.00
    586 0 2013 294  9.000  339.40   -2.47    0.00    0.00    0.00
    587 0 2013 294 10.000  333.10   -4.97    0.00    0.00    0.00
    588 0 2013 294 11.000  344.10   -2.07    0.00    0.00    0.00
    589 0 2013 294 12.000  363.60   -0.58    0.00    0.00    0.00
    590 0 2013 294 13.000  389.70    0.66    0.00    0.00    0.00
    591 0 2013 294 14.000  415.30    0.12    0.00    0.00    0.00
    592 0 2013 294 15.000  438.40    3.03    0.00    0.00    0.00
    593 0 2013 294 16.000  445.40    0.82    0.00    0.00    0.00
    594 0 2013 294 17.000  443.80    2.04    0.00    0.00    0.00
    595 0 2013 294 18.000  430.60    2.50    0.00    0.00    0.00
    596 0 2013 294 19.000  406.60    0.60    0.00    0.00    0.00
    597 0 2013 294 20.000  384.20    3.80    0.00    0.00    0.00
    598 0 2013 294 21.000  365.60    7.08    0.00    0.00    0.00
    599 0 2013 294 22.000  357.40   11.01    0.00    0.00    0.00
    600 0 2013 294 23.000  361.20   15.24    0.00    0.00    0.00
    601 0 2013 295  0.000  370.80   14.89    0.00    0.00    0.00
    602 0 2013 295  1.000  388.00   14.62    0.00    0.00    0.00
    603 0 2013 295  2.000  408.70   14.70    0.00    0.00    0.00
    604 0 2013 295  3.000  428.40   16.60    0.00    0.00    0.00
    605 0 2013 295  4.000  436.40   15.06    0.00    0.00    0.00
    606 0 2013 295  5.000  436.00   15.75    0.00    0.00    0.00
    607 0 2013 295  6.000  421.40   12.08    0.00    0.00    0.00
    608 0 2013 295  7.000  405.00   13.88    0.00    0.00    0.00
    609 0 2013 295  8.000  382.80   13.10    0.00    0.00    0.00
    610 0 2013 295  9.000  358.90    8.07    0.00    0.00    0.00
    611 0 2013 295 10.000  353.10   12.65    0.00    0.00    0.00
    612 0 2013 295 11.000  357.60   15.84    0.00    0.00    0.00
    613 0 2013 295 12.000  366.20   12.22    0.00    0.00    0.00
    614 0 2013 295 13.000  384.90   11.16    0.00    0.00    0.00
    615 0 2013 295 14.000  408.40   11.61    0.00    0.00    0.00
    616 0 2013 295 15.000  428.80   10.46    0.00    0.00    0.00
    617 0 2013 295 16.000  445.50   12.19    0.00    0.00    0.00
    618 0 2013 295 17.000  447.10    9.20    0.00    0.00    0.00
    619 0 2013 295 18.000  443.50   12.21    0.00    0.00    0.00
    620 0 2013 295 19.000  428.10   12.64    0.00    0.00    0.00
    621 0 2013 295 20.000  406.00   12.08    0.00    0.00    0.00
    622 0 2013 295 21.000  383.60   12.28    0.00    0.00    0.00
    623 0 2013 295 22.000  372.70   19.26    0.00    0.00    0.00
    624 0 2013 295 23.000  364.80   19.45    0.00    0.00    0.00
    625 0 2013 296  0.000  368.90   20.27    0.00    0.00    0.00
    626 0 2013 296  1.000  383.70   23.00    0.00    0.00    0.00
    627 0 2013 296  2.000  398.20   20.96    0.00    0.00    0.00
    628 0 2013 296  3.000  414.90   20.70    0.00    0.00    0.00
    629 0 2013 296  4.000  428.70   21.15    0.00    0.00    0.00
    630 0 2013 296  5.000  433.50   20.32    0.00    0.00    0.00
    631 0 2013 296  6.000  429.80   20.85    0.00    0.00    0.00
    632 0 2013 296  7.000  416.20   19.86    0.00    0.00    0.00
    633 0 2013 296  8.000  398.20   19.09    0.00    0.00    0.00
    634 0 2013 296  9.000  380.60   19.41    0.00    0.00    0.00
    635 0 2013 296 10.000  366.30   19.46    0.00    0.00    0.00
    636 0 2013 296 11.000  360.90   19.97    0.00    0.00    0.00
    637 0 2013 296 12.000  364.10   17.81    0.00    0.00    0.00
    638 0 2013 296 13.000  375.70   14.67    0.00    0.00    0.00
    639 0 2013 296 14.000  397.70   17.46    0.00    0.00    0.00
    640 0 2013 296 15.000  416.70   16.95    0.00    0.00    0.00
    641 0 2013 296 16.000  435.40   18.71    0.00    0.00    0.00
    642 0 2013 296 17.000  446.20   18.77    0.00    0.00    0.00
    643 0 2013 296 18.000  447.90   19.56    0.00    0.00    0.00
    644 0 2013 296 19.000  438.70   19.63    0.00    0.00    0.00
    645 0 2013 296 20.000  420.10   17.28    0.00    0.00    0.00
    646 0 2013 296 21.000  401.70   18.39    0.00    0.00    0.00
    647 0 2013 296 22.000  383.00   19.05    0.00    0.00    0.00
