                                                                                
                                                                                
                                                                                
                                                                                
                                                                                
                                                                                
                                                                                
                                                                                
                                                                                
                                                                                
                                                                                
                                                                                
                                                                                
                                                                                
                                                                                
                                                                                
                                                                                
                                                                                
                                                                                
                                                                                
      1 1 2013 270  0.000 9999.99    0.00    0.00    0.00    0.00
      2 0 2013 270  1.000   21.20   -4.72    0.00    0.00    0.00
      3 0 2013 270  2.000   18.70   -5.17    0.00    0.00    0.00
      4 1 2013 270  3.000 9999.99    0.00    0.00    0.00    0.00
      5 1 2013 270  4.000 9999.99    0.00    0.00    0.00    0.00
      6 1 2013 270  5.000 9999.99    0.00    0.00    0.00    0.00
      7 0 2013 270  6.000   36.90   -0.79    0.00    0.00    0.00
      8 0 2013 270  7.000   37.30   -3.80    0.00    0.00    0.00
      9 0 2013 270  8.000   42.50   -0.95    0.00    0.00    0.00
     10 0 2013 270  9.000   40.30   -2.95    0.00    0.00    0.00
     11 0 2013 270 10.000   37.80   -1.68    0.00    0.00    0.00
     12 0 2013 270 11.000   31.40   -1.90    0.00    0.00    0.00
     13 0 2013 270 12.000   23.40   -3.84    0.00    0.00    0.00
     14 0 2013 270 13.000   22.50   -0.68    0.00    0.00    0.00
     15 0 2013 270 14.000   18.00   -3.91    0.00    0.00    0.00
     16 0 2013 270 15.000   18.30   -5.32    0.00    0.00    0.00
     17 0 2013 270 16.000   26.70   -1.05    0.00    0.00    0.00
     18 0 2013 270 17.000   29.70   -3.27    0.00    0.00    0.00
     19 0 2013 270 18.000   35.95   -2.18    0.00    0.00    0.00
     20 0 2013 270 19.000   39.70   -3.21    0.00    0.00    0.00
     21 0 2013 270 20.000   46.50   -0.53    0.00    0.00    0.00
     22 0 2013 270 21.000   44.50   -4.76    0.00    0.00    0.00
     23 0 2013 270 22.000   45.40   -2.81    0.00    0.00    0.00
     24 0 2013 270 23.000   42.40   -1.38    0.00    0.00    0.00
     25 0 2013 271  0.000   34.30   -3.11    0.00    0.00    0.00
     26 0 2013 271  1.000   29.00   -2.03    0.00    0.00    0.00
     27 0 2013 271  2.000   25.90   -0.33    0.00    0.00    0.00
     28 0 2013 271  3.000   23.50   -0.41    0.00    0.00    0.00
     29 0 2013 271  4.000   24.00   -0.04    0.00    0.00    0.00
     30 0 2013 271  5.000   25.55   -0.37    0.00    0.00    0.00
     31 0 2013 271  6.000   31.10    2.18    0.00    0.00    0.00
     32 0 2013 271  7.000   31.90   -0.84    0.00    0.00    0.00
     33 0 2013 271  8.000   34.80   -2.05    0.00    0.00    0.00
     34 0 2013 271  9.000   35.70   -4.37    0.00    0.00    0.00
     35 0 2013 271 10.000   40.20   -0.84    0.00    0.00    0.00
     36 0 2013 271 11.000   37.90   -1.18    0.00    0.00    0.00
     37 0 2013 271 12.000   32.90   -1.79    0.00    0.00    0.00
     38 0 2013 271 13.000   32.60    3.20    0.00    0.00    0.00
     39 0 2013 271 14.000   22.70   -2.41    0.00    0.00    0.00
     40 0 2013 271 15.000   24.40    1.24    0.00    0.00    0.00
     41 0 2013 271 16.000   22.70   -0.88    0.00    0.00    0.00
     42 0 2013 271 17.000   26.30    0.61    0.00    0.00    0.00
     43 0 2013 271 18.000   27.80   -1.27    0.00    0.00    0.00
     44 0 2013 271 19.000   32.20   -1.48    0.00    0.00    0.00
     45 0 2013 271 20.000   39.50    0.43    0.00    0.00    0.00
     46 0 2013 271 21.000   47.80    3.74    0.00    0.00    0.00
     47 0 2013 271 22.000   47.60    0.30    0.00    0.00    0.00
     48 0 2013 271 23.000   45.50   -2.18    0.00    0.00    0.00
     49 0 2013 272  0.000   41.70   -2.96    0.00    0.00    0.00
     50 0 2013 272  1.000   39.90    1.10    0.00    0.00    0.00
     51 0 2013 272  2.000   30.50   -1.52    0.00    0.00    0.00
     52 0 2013 272  3.000   27.00    0.56    0.00    0.00    0.00
     53 0 2013 272  4.000   22.80   -0.19    0.00    0.00    0.00
     54 0 2013 272  5.000   20.60   -0.92    0.00    0.00    0.00
     55 0 2013 272  6.000   19.20   -2.91    0.00    0.00    0.00
     56 0 2013 272  7.000   24.00   -1.13    0.00    0.00    0.00
     57 0 2013 272  8.000   27.55   -2.66    0.00    0.00    0.00
     58 0 2013 272  9.000   33.70   -2.24    0.00    0.00    0.00
     59 0 2013 272 10.000   37.90   -2.86    0.00    0.00    0.00
     60 0 2013 272 11.000   41.20   -2.18    0.00    0.00    0.00
     61 0 2013 272 12.000   40.50   -2.21    0.00    0.00    0.00
     62 0 2013 272 13.000   32.30   -6.23    0.00    0.00    0.00
     63 0 2013 272 14.000   31.70   -0.66    0.00    0.00    0.00
     64 0 2013 272 15.000   25.30   -1.43    0.00    0.00    0.00
     65 0 2013 272 16.000   22.60   -0.55    0.00    0.00    0.00
     66 0 2013 272 17.000   21.80    0.14    0.00    0.00    0.00
     67 0 2013 272 18.000   20.70   -1.55    0.00    0.00    0.00
     68 0 2013 272 19.000   23.80   -1.67    0.00    0.00    0.00
     69 0 2013 272 20.000   30.50   -0.76    0.00    0.00    0.00
     70 0 2013 272 21.000   35.40   -2.90    0.00    0.00    0.00
     71 0 2013 272 22.000   45.00    0.13    0.00    0.00    0.00
     72 0 2013 272 23.000   48.00   -1.59    0.00    0.00    0.00
     73 0 2013 273  0.000   48.70   -2.26    0.00    0.00    0.00
     74 0 2013 273  1.000   44.50   -3.31    0.00    0.00    0.00
     75 0 2013 273  2.000   40.00   -0.79    0.00    0.00    0.00
     76 1 2013 273  3.000 9999.99    0.00    0.00    0.00    0.00
     77 1 2013 273  4.000 9999.99    0.00    0.00    0.00    0.00
     78 0 2013 273  5.000   20.30    0.15    0.00    0.00    0.00
     79 0 2013 273  6.000   16.75   -0.86    0.00    0.00    0.00
     80 0 2013 273  7.000   19.65    1.05    0.00    0.00    0.00
     81 0 2013 273  8.000   22.90   -0.62    0.00    0.00    0.00
     82 0 2013 273  9.000   31.20    0.14    0.00    0.00    0.00
     83 0 2013 273 10.000   39.10   -0.03    0.00    0.00    0.00
     84 0 2013 273 11.000   47.00    1.08    0.00    0.00    0.00
     85 0 2013 273 12.000   48.90   -0.78    0.00    0.00    0.00
     86 0 2013 273 13.000   47.30   -1.40    0.00    0.00    0.00
     87 0 2013 273 14.000   41.10   -1.76    0.00    0.00    0.00
     88 0 2013 273 15.000   34.90    0.40    0.00    0.00    0.00
     89 0 2013 273 16.000   26.00   -0.63    0.00    0.00    0.00
     90 0 2013 273 17.000   19.00   -1.89    0.00    0.00    0.00
     91 0 2013 273 18.000   15.60   -2.33    0.00    0.00    0.00
     92 0 2013 273 19.000   17.50   -1.19    0.00    0.00    0.00
     93 0 2013 273 20.000   22.00   -1.74    0.00    0.00    0.00
     94 0 2013 273 21.000   31.60   -0.45    0.00    0.00    0.00
     95 0 2013 273 22.000   40.80   -0.64    0.00    0.00    0.00
     96 0 2013 273 23.000   50.35    0.44    0.00    0.00    0.00
     97 0 2013 274  0.000   54.50   -1.07    0.00    0.00    0.00
     98 0 2013 274  1.000   54.10   -2.20    0.00    0.00    0.00
     99 0 2013 274  2.000   50.80   -0.27    0.00    0.00    0.00
    100 0 2013 274  3.000   41.30   -0.19    0.00    0.00    0.00
    101 0 2013 274  4.000   32.25    1.45    0.00    0.00    0.00
    102 0 2013 274  5.000   24.40    2.84    0.00    0.00    0.00
    103 0 2013 274  6.000   12.60   -2.67    0.00    0.00    0.00
    104 0 2013 274  7.000   15.60    2.24    0.00    0.00    0.00
    105 0 2013 274  8.000   14.80   -2.09    0.00    0.00    0.00
    106 0 2013 274  9.000   24.70   -0.48    0.00    0.00    0.00
    107 0 2013 274 10.000   36.90    0.98    0.00    0.00    0.00
    108 0 2013 274 11.000   48.40    1.84    0.00    0.00    0.00
    109 0 2013 274 12.000   55.80    1.04    0.00    0.00    0.00
    110 0 2013 274 13.000   57.70   -0.29    0.00    0.00    0.00
    111 0 2013 274 14.000   54.80    0.19    0.00    0.00    0.00
    112 0 2013 274 15.000   46.90    1.30    0.00    0.00    0.00
    113 0 2013 274 16.000   32.90   -1.33    0.00    0.00    0.00
    114 0 2013 274 17.000   24.20    0.44    0.00    0.00    0.00
    115 0 2013 274 18.000   15.30   -1.03    0.00    0.00    0.00
    116 0 2013 274 19.000   13.00   -0.61    0.00    0.00    0.00
    117 0 2013 274 20.000   16.40   -0.34    0.00    0.00    0.00
    118 0 2013 274 21.000   23.10   -2.09    0.00    0.00    0.00
    119 0 2013 274 22.000   36.10   -0.61    0.00    0.00    0.00
    120 0 2013 274 23.000   46.40   -2.18    0.00    0.00    0.00
    121 0 2013 275  0.000   59.50    1.21    0.00    0.00    0.00
    122 0 2013 275  1.000   64.90    1.73    0.00    0.00    0.00
    123 0 2013 275  2.000   61.30    0.23    0.00    0.00    0.00
    124 0 2013 275  3.000   55.75    3.58    0.00    0.00    0.00
    125 0 2013 275  4.000   37.20   -2.06    0.00    0.00    0.00
    126 0 2013 275  5.000   27.50    1.54    0.00    0.00    0.00
    127 0 2013 275  6.000   14.65   -0.58    0.00    0.00    0.00
    128 0 2013 275  7.000    8.60   -0.89    0.00    0.00    0.00
    129 0 2013 275  8.000   10.30   -0.21    0.00    0.00    0.00
    130 0 2013 275  9.000   16.50   -1.78    0.00    0.00    0.00
    131 0 2013 275 10.000   33.80    3.13    0.00    0.00    0.00
    132 0 2013 275 11.000   45.10    0.44    0.00    0.00    0.00
    133 0 2013 275 12.000   60.40    3.20    0.00    0.00    0.00
    134 0 2013 275 13.000   65.00   -0.07    0.00    0.00    0.00
    135 0 2013 275 14.000   68.00    2.46    0.00    0.00    0.00
    136 0 2013 275 15.000   60.00    1.90    0.00    0.00    0.00
    137 0 2013 275 16.000   44.05   -1.14    0.00    0.00    0.00
    138 0 2013 275 17.000   31.10    0.43    0.00    0.00    0.00
    139 0 2013 275 18.000   17.80   -0.39    0.00    0.00    0.00
    140 0 2013 275 19.000    7.80   -2.98    0.00    0.00    0.00
    141 1 2013 275 20.000 9999.99    0.00    0.00    0.00    0.00
    142 1 2013 275 21.000 9999.99    0.00    0.00    0.00    0.00
    143 1 2013 275 22.000 9999.99    0.00    0.00    0.00    0.00
    144 1 2013 275 23.000 9999.99    0.00    0.00    0.00    0.00
    145 1 2013 276  0.000 9999.99    0.00    0.00    0.00    0.00
    146 1 2013 276  1.000 9999.99    0.00    0.00    0.00    0.00
    147 0 2013 276  2.000   69.50    0.06    0.00    0.00    0.00
    148 0 2013 276  3.000   62.00   -0.78    0.00    0.00    0.00
    149 0 2013 276  4.000   48.40   -1.12    0.00    0.00    0.00
    150 0 2013 276  5.000   31.00   -2.32    0.00    0.00    0.00
    151 0 2013 276  6.000   20.10    1.98    0.00    0.00    0.00
    152 0 2013 276  7.000    5.70   -1.91    0.00    0.00    0.00
    153 0 2013 276  8.000    1.50   -3.29    0.00    0.00    0.00
    154 0 2013 276  9.000    6.20   -4.38    0.00    0.00    0.00
    155 0 2013 276 10.000   22.70   -0.56    0.00    0.00    0.00
    156 0 2013 276 11.000   39.10   -0.48    0.00    0.00    0.00
    157 0 2013 276 12.000   54.90   -1.08    0.00    0.00    0.00
    158 0 2013 276 13.000   68.30   -0.36    0.00    0.00    0.00
    159 0 2013 276 14.000   71.30   -2.62    0.00    0.00    0.00
    160 0 2013 276 15.000   70.60    0.74    0.00    0.00    0.00
    161 0 2013 276 16.000   59.50    1.79    0.00    0.00    0.00
    162 0 2013 276 17.000   42.30    1.24    0.00    0.00    0.00
    163 0 2013 276 18.000   23.40   -0.79    0.00    0.00    0.00
    164 0 2013 276 19.000   12.10    0.74    0.00    0.00    0.00
    165 0 2013 276 20.000    9.40    3.14    0.00    0.00    0.00
    166 0 2013 276 21.000   10.15   -0.27    0.00    0.00    0.00
    167 0 2013 276 22.000   22.90    0.57    0.00    0.00    0.00
    168 0 2013 276 23.000   38.10   -0.43    0.00    0.00    0.00
    169 0 2013 277  0.000   55.70    0.47    0.00    0.00    0.00
    170 0 2013 277  1.000   71.10    2.47    0.00    0.00    0.00
    171 0 2013 277  2.000   74.90   -0.05    0.00    0.00    0.00
    172 0 2013 277  3.000   73.30    1.43    0.00    0.00    0.00
    173 0 2013 277  4.000   60.50    0.43    0.00    0.00    0.00
    174 0 2013 277  5.000   43.70    0.90    0.00    0.00    0.00
    175 0 2013 277  6.000   22.80   -1.48    0.00    0.00    0.00
    176 0 2013 277  7.000    9.70    0.78    0.00    0.00    0.00
    177 0 2013 277  8.000    1.20    0.24    0.00    0.00    0.00
    178 0 2013 277  9.000    4.70    1.79    0.00    0.00    0.00
    179 0 2013 277 10.000   14.60    0.50    0.00    0.00    0.00
    180 0 2013 277 11.000   32.10    0.82    0.00    0.00    0.00
    181 0 2013 277 12.000   52.40    1.94    0.00    0.00    0.00
    182 0 2013 277 13.000   69.00    1.52    0.00    0.00    0.00
    183 0 2013 277 14.000   78.00   -0.05    0.00    0.00    0.00
    184 0 2013 277 15.000   81.00    2.10    0.00    0.00    0.00
    185 0 2013 277 16.000   72.70    2.96    0.00    0.00    0.00
    186 0 2013 277 17.000   57.50    4.17    0.00    0.00    0.00
    187 0 2013 277 18.000   35.20    1.23    0.00    0.00    0.00
    188 0 2013 277 19.000   17.90    1.47    0.00    0.00    0.00
    189 0 2013 277 20.000    8.40    2.94    0.00    0.00    0.00
    190 0 2013 277 21.000    6.70    2.26    0.00    0.00    0.00
    191 0 2013 277 22.000   14.70    1.25    0.00    0.00    0.00
    192 0 2013 277 23.000   31.60    2.15    0.00    0.00    0.00
    193 0 2013 278  0.000   49.60    1.51    0.00    0.00    0.00
    194 0 2013 278  1.000   68.70    3.64    0.00    0.00    0.00
    195 0 2013 278  2.000   77.30    1.18    0.00    0.00    0.00
    196 0 2013 278  3.000   79.20    1.34    0.00    0.00    0.00
    197 0 2013 278  4.000   70.90    1.45    0.00    0.00    0.00
    198 0 2013 278  5.000   56.50    3.34    0.00    0.00    0.00
    199 0 2013 278  6.000   34.90    1.76    0.00    0.00    0.00
    200 0 2013 278  7.000   16.90    2.82    0.00    0.00    0.00
    201 0 2013 278  8.000    4.10    3.32    0.00    0.00    0.00
    202 0 2013 278  9.000    0.80    3.62    0.00    0.00    0.00
    203 0 2013 278 10.000    8.10    3.64    0.00    0.00    0.00
    204 0 2013 278 11.000   24.50    4.09    0.00    0.00    0.00
    205 0 2013 278 12.000   43.00    2.21    0.00    0.00    0.00
    206 0 2013 278 13.000   63.10    2.11    0.00    0.00    0.00
    207 0 2013 278 14.000   77.90    1.43    0.00    0.00    0.00
    208 0 2013 278 15.000   84.50    1.31    0.00    0.00    0.00
    209 0 2013 278 16.000   81.20    2.05    0.00    0.00    0.00
    210 0 2013 278 17.000   65.70    0.16    0.00    0.00    0.00
    211 0 2013 278 18.000   50.10    3.98    0.00    0.00    0.00
    212 0 2013 278 19.000   26.80    1.03    0.00    0.00    0.00
    213 0 2013 278 20.000   13.00    3.38    0.00    0.00    0.00
    214 0 2013 278 21.000    6.10    3.91    0.00    0.00    0.00
    215 0 2013 278 22.000    8.70    3.03    0.00    0.00    0.00
    216 0 2013 278 23.000   22.50    3.72    0.00    0.00    0.00
    217 0 2013 279  0.000   41.30    3.85    0.00    0.00    0.00
    218 0 2013 279  1.000   59.60    2.90    0.00    0.00    0.00
    219 0 2013 279  2.000   73.40    1.56    0.00    0.00    0.00
    220 0 2013 279  3.000   79.40    0.44    0.00    0.00    0.00
    221 0 2013 279  4.000   79.50    3.70    0.00    0.00    0.00
    222 0 2013 279  5.000   67.00    4.09    0.00    0.00    0.00
    223 0 2013 279  6.000   45.50    1.89    0.00    0.00    0.00
    224 0 2013 279  7.000   26.50    3.80    0.00    0.00    0.00
    225 0 2013 279  8.000    7.20    1.95    0.00    0.00    0.00
    226 0 2013 279  9.000   -3.90    0.37    0.00    0.00    0.00
    227 0 2013 279 10.000   -0.20    2.85    0.00    0.00    0.00
    228 0 2013 279 11.000   10.30    1.52    0.00    0.00    0.00
    229 0 2013 279 12.000   31.30    3.27    0.00    0.00    0.00
    230 0 2013 279 13.000   50.40    0.65    0.00    0.00    0.00
    231 0 2013 279 14.000   69.10    0.22    0.00    0.00    0.00
    232 0 2013 279 15.000   81.40    0.25    0.00    0.00    0.00
    233 0 2013 279 16.000   84.25    0.65    0.00    0.00    0.00
    234 0 2013 279 17.000   77.60    2.17    0.00    0.00    0.00
    235 0 2013 279 18.000   61.10    2.35    0.00    0.00    0.00
    236 0 2013 279 19.000   35.90   -2.13    0.00    0.00    0.00
    237 0 2013 279 20.000   19.40    0.74    0.00    0.00    0.00
    238 0 2013 279 21.000    5.60    0.11    0.00    0.00    0.00
    239 0 2013 279 22.000    5.60    3.65    0.00    0.00    0.00
    240 0 2013 279 23.000   10.70    1.61    0.00    0.00    0.00
    241 0 2013 280  0.000   28.40    3.60    0.00    0.00    0.00
    242 0 2013 280  1.000   46.80    2.45    0.00    0.00    0.00
    243 0 2013 280  2.000   61.00   -1.25    0.00    0.00    0.00
    244 0 2013 280  3.000   72.70   -1.37    0.00    0.00    0.00
    245 0 2013 280  4.000   77.10    0.11    0.00    0.00    0.00
    246 0 2013 280  5.000   72.50    2.57    0.00    0.00    0.00
    247 0 2013 280  6.000   54.60    0.43    0.00    0.00    0.00
    248 0 2013 280  7.000   32.00   -1.70    0.00    0.00    0.00
    249 0 2013 280  8.000   11.80   -2.16    0.00    0.00    0.00
    250 0 2013 280  9.000   -3.40   -3.18    0.00    0.00    0.00
    251 0 2013 280 10.000   -8.20   -2.67    0.00    0.00    0.00
    252 0 2013 280 11.000   -1.30   -0.95    0.00    0.00    0.00
    253 0 2013 280 12.000   14.60    0.08    0.00    0.00    0.00
    254 0 2013 280 13.000   34.60   -0.68    0.00    0.00    0.00
    255 0 2013 280 14.000   55.90   -0.43    0.00    0.00    0.00
    256 0 2013 280 15.000   72.70   -0.06    0.00    0.00    0.00
    257 0 2013 280 16.000   81.55    0.16    0.00    0.00    0.00
    258 0 2013 280 17.000   78.35   -2.03    0.00    0.00    0.00
    259 0 2013 280 18.000   67.70   -1.77    0.00    0.00    0.00
    260 0 2013 280 19.000   49.40   -1.92    0.00    0.00    0.00
    261 0 2013 280 20.000   27.50   -3.64    0.00    0.00    0.00
    262 0 2013 280 21.000   10.15   -4.14    0.00    0.00    0.00
    263 0 2013 280 22.000    1.60   -2.90    0.00    0.00    0.00
    264 0 2013 280 23.000    0.20   -3.78    0.00    0.00    0.00
    265 0 2013 281  0.000    9.50   -3.82    0.00    0.00    0.00
    266 0 2013 281  1.000   27.80   -2.21    0.00    0.00    0.00
    267 0 2013 281  2.000   43.00   -5.64    0.00    0.00    0.00
    268 0 2013 281  3.000   62.80   -0.90    0.00    0.00    0.00
    269 0 2013 281  4.000   68.40   -3.54    0.00    0.00    0.00
    270 0 2013 281  5.000   68.30   -3.43    0.00    0.00    0.00
    271 0 2013 281  6.000   62.10   -0.26    0.00    0.00    0.00
    272 0 2013 281  7.000   41.20   -4.24    0.00    0.00    0.00
    273 0 2013 281  8.000   25.20   -0.53    0.00    0.00    0.00
    274 0 2013 281  9.000    8.10   -0.72    0.00    0.00    0.00
    275 0 2013 281 10.000   -2.00   -0.42    0.00    0.00    0.00
    276 0 2013 281 11.000   -6.30   -2.76    0.00    0.00    0.00
    277 0 2013 281 12.000    3.10   -1.02    0.00    0.00    0.00
    278 0 2013 281 13.000   20.00   -0.40    0.00    0.00    0.00
    279 0 2013 281 14.000   38.20   -2.63    0.00    0.00    0.00
    280 0 2013 281 15.000   55.20   -4.35    0.00    0.00    0.00
    281 0 2013 281 16.000   68.80   -3.92    0.00    0.00    0.00
    282 0 2013 281 17.000   76.20   -2.29    0.00    0.00    0.00
    283 0 2013 281 18.000   73.30   -2.06    0.00    0.00    0.00
    284 0 2013 281 19.000   58.60   -4.51    0.00    0.00    0.00
    285 1 2013 281 20.000   31.80    0.00    0.00    0.00    0.00
    286 0 2013 281 21.000   22.20   -4.78    0.00    0.00    0.00
    287 0 2013 281 22.000    6.60   -6.61    0.00    0.00    0.00
    288 0 2013 281 23.000    3.00   -3.01    0.00    0.00    0.00
    289 0 2013 282  0.000    2.50   -4.64    0.00    0.00    0.00
    290 0 2013 282  1.000   14.65   -2.63    0.00    0.00    0.00
    291 0 2013 282  2.000   31.70   -1.72    0.00    0.00    0.00
    292 0 2013 282  3.000   47.40   -2.28    0.00    0.00    0.00
    293 0 2013 282  4.000   56.60   -4.89    0.00    0.00    0.00
    294 0 2013 282  5.000   64.20   -2.91    0.00    0.00    0.00
    295 0 2013 282  6.000   62.90   -2.43    0.00    0.00    0.00
    296 0 2013 282  7.000   49.30   -5.87    0.00    0.00    0.00
    297 0 2013 282  8.000   34.80   -3.92    0.00    0.00    0.00
    298 0 2013 282  9.000   20.60   -0.80    0.00    0.00    0.00
    299 0 2013 282 10.000    6.20   -1.85    0.00    0.00    0.00
    300 0 2013 282 11.000    0.40   -0.31    0.00    0.00    0.00
    301 0 2013 282 12.000    1.10    0.44    0.00    0.00    0.00
    302 0 2013 282 13.000    6.30   -3.07    0.00    0.00    0.00
    303 0 2013 282 14.000   23.00   -2.53    0.00    0.00    0.00
    304 0 2013 282 15.000   42.70   -1.31    0.00    0.00    0.00
    305 0 2013 282 16.000   59.90    0.30    0.00    0.00    0.00
    306 0 2013 282 17.000   70.25    0.17    0.00    0.00    0.00
    307 0 2013 282 18.000   72.90   -1.38    0.00    0.00    0.00
    308 0 2013 282 19.000   65.00   -5.21    0.00    0.00    0.00
    309 0 2013 282 20.000   54.20   -3.66    0.00    0.00    0.00
    310 0 2013 282 21.000   42.10    0.69    0.00    0.00    0.00
    311 0 2013 282 22.000   24.40   -1.81    0.00    0.00    0.00
    312 0 2013 282 23.000   18.10    3.12    0.00    0.00    0.00
    313 0 2013 283  0.000    9.20    0.15    0.00    0.00    0.00
    314 0 2013 283  1.000    9.90   -0.75    0.00    0.00    0.00
    315 0 2013 283  2.000   18.60   -1.84    0.00    0.00    0.00
    316 0 2013 283  3.000   33.50   -1.20    0.00    0.00    0.00
    317 0 2013 283  4.000   49.40    1.50    0.00    0.00    0.00
    318 0 2013 283  5.000   57.00   -0.17    0.00    0.00    0.00
    319 0 2013 283  6.000   62.50    0.83    0.00    0.00    0.00
    320 0 2013 283  7.000   58.60   -1.07    0.00    0.00    0.00
    321 0 2013 283  8.000   47.20   -2.78    0.00    0.00    0.00
    322 0 2013 283  9.000   33.20   -2.27    0.00    0.00    0.00
    323 0 2013 283 10.000   14.90   -6.62    0.00    0.00    0.00
    324 0 2013 283 11.000   11.00   -0.30    0.00    0.00    0.00
    325 0 2013 283 12.000   -1.40   -7.05    0.00    0.00    0.00
    326 0 2013 283 13.000    7.60    1.39    0.00    0.00    0.00
    327 0 2013 283 14.000    7.80   -6.98    0.00    0.00    0.00
    328 0 2013 283 15.000   29.70    0.33    0.00    0.00    0.00
    329 0 2013 283 16.000   40.40   -4.42    0.00    0.00    0.00
    330 0 2013 283 17.000   56.60   -0.94    0.00    0.00    0.00
    331 0 2013 283 18.000   66.50   -0.06    0.00    0.00    0.00
    332 0 2013 283 19.000   66.80   -3.47    0.00    0.00    0.00
    333 0 2013 283 20.000   67.10    0.94    0.00    0.00    0.00
    334 0 2013 283 21.000   50.30   -4.62    0.00    0.00    0.00
    335 0 2013 283 22.000   39.20   -1.90    0.00    0.00    0.00
    336 0 2013 283 23.000   30.50    1.89    0.00    0.00    0.00
    337 0 2013 284  0.000   16.10   -2.60    0.00    0.00    0.00
    338 0 2013 284  1.000   12.60   -0.35    0.00    0.00    0.00
    339 0 2013 284  2.000   12.40   -1.78    0.00    0.00    0.00
    340 0 2013 284  3.000   20.90   -1.65    0.00    0.00    0.00
    341 0 2013 284  4.000   35.00    0.96    0.00    0.00    0.00
    342 0 2013 284  5.000   42.50   -2.00    0.00    0.00    0.00
    343 0 2013 284  6.000   51.10   -1.51    0.00    0.00    0.00
    344 0 2013 284  7.000   60.30    2.98    0.00    0.00    0.00
    345 0 2013 284  8.000   54.40   -1.64    0.00    0.00    0.00
    346 0 2013 284  9.000   48.60    0.62    0.00    0.00    0.00
    347 0 2013 284 10.000   37.00    0.45    0.00    0.00    0.00
    348 0 2013 284 11.000   27.50    1.57    0.00    0.00    0.00
    349 0 2013 284 12.000   21.30    3.70    0.00    0.00    0.00
    350 0 2013 284 13.000   12.30   -0.00    0.00    0.00    0.00
    351 0 2013 284 14.000   14.20    1.69    0.00    0.00    0.00
    352 0 2013 284 15.000   21.40    1.62    0.00    0.00    0.00
    353 0 2013 284 16.000   32.00    0.39    0.00    0.00    0.00
    354 0 2013 284 17.000   44.10    0.20    0.00    0.00    0.00
    355 0 2013 284 18.000   58.10    3.29    0.00    0.00    0.00
    356 0 2013 284 19.000   66.40    2.87    0.00    0.00    0.00
    357 0 2013 284 20.000   67.00   -0.45    0.00    0.00    0.00
    358 0 2013 284 21.000   70.70    6.53    0.00    0.00    0.00
    359 0 2013 284 22.000   55.10   -0.05    0.00    0.00    0.00
    360 0 2013 284 23.000   48.90    4.73    0.00    0.00    0.00
    361 0 2013 285  0.000   34.90    1.53    0.00    0.00    0.00
    362 0 2013 285  1.000   26.80    3.21    0.00    0.00    0.00
    363 0 2013 285  2.000   14.30   -3.00    0.00    0.00    0.00
    364 0 2013 285  3.000   15.55   -1.85    0.00    0.00    0.00
    365 0 2013 285  4.000   25.50    2.07    0.00    0.00    0.00
    366 0 2013 285  5.000   31.30   -0.75    0.00    0.00    0.00
    367 0 2013 285  6.000   42.30    1.34    0.00    0.00    0.00
    368 0 2013 285  7.000   48.00   -1.35    0.00    0.00    0.00
    369 0 2013 285  8.000   55.80    0.67    0.00    0.00    0.00
    370 0 2013 285  9.000   54.80   -0.60    0.00    0.00    0.00
    371 0 2013 285 10.000   50.40    0.36    0.00    0.00    0.00
    372 0 2013 285 11.000   42.80    0.80    0.00    0.00    0.00
    373 0 2013 285 12.000   34.75    1.07    0.00    0.00    0.00
    374 0 2013 285 13.000   27.70    1.95    0.00    0.00    0.00
    375 0 2013 285 14.000   19.40   -0.42    0.00    0.00    0.00
    376 0 2013 285 15.000   17.50   -1.30    0.00    0.00    0.00
    377 0 2013 285 16.000   25.90    2.25    0.00    0.00    0.00
    378 0 2013 285 17.000   31.30   -0.93    0.00    0.00    0.00
    379 0 2013 285 18.000   39.60   -2.63    0.00    0.00    0.00
    380 0 2013 285 19.000   52.50   -0.18    0.00    0.00    0.00
    381 0 2013 285 20.000   62.70    0.82    0.00    0.00    0.00
    382 0 2013 285 21.000   67.20    0.59    0.00    0.00    0.00
    383 0 2013 285 22.000   66.00    0.88    0.00    0.00    0.00
    384 0 2013 285 23.000   60.40    1.58    0.00    0.00    0.00
    385 0 2013 286  0.000   53.90    4.01    0.00    0.00    0.00
    386 0 2013 286  1.000   40.80    1.40    0.00    0.00    0.00
    387 0 2013 286  2.000   30.20    1.32    0.00    0.00    0.00
    388 0 2013 286  3.000   23.30    1.81    0.00    0.00    0.00
    389 0 2013 286  4.000   21.50    1.82    0.00    0.00    0.00
    390 0 2013 286  5.000   27.70    4.69    0.00    0.00    0.00
    391 0 2013 286  6.000   30.20    0.48    0.00    0.00    0.00
    392 0 2013 286  7.000   41.90    3.21    0.00    0.00    0.00
    393 0 2013 286  8.000   49.30    0.89    0.00    0.00    0.00
    394 0 2013 286  9.000   57.00    1.12    0.00    0.00    0.00
    395 0 2013 286 10.000   61.40    2.87    0.00    0.00    0.00
    396 0 2013 286 11.000   59.90    3.53    0.00    0.00    0.00
    397 0 2013 286 12.000   52.50    1.56    0.00    0.00    0.00
    398 0 2013 286 13.000   42.40   -0.86    0.00    0.00    0.00
    399 0 2013 286 14.000   34.20   -0.26    0.00    0.00    0.00
    400 0 2013 286 15.000   29.70    2.60    0.00    0.00    0.00
    401 0 2013 286 16.000   23.60   -0.32    0.00    0.00    0.00
    402 0 2013 286 17.000   28.60    2.87    0.00    0.00    0.00
    403 0 2013 286 18.000   32.10    0.39    0.00    0.00    0.00
    404 0 2013 286 19.000   45.40    4.46    0.00    0.00    0.00
    405 0 2013 286 20.000   52.00   -0.06    0.00    0.00    0.00
    406 0 2013 286 21.000   63.10    0.81    0.00    0.00    0.00
    407 0 2013 286 22.000   70.30    1.76    0.00    0.00    0.00
    408 0 2013 286 23.000   71.80    2.38    0.00    0.00    0.00
    409 0 2013 287  0.000   63.80   -1.47    0.00    0.00    0.00
    410 0 2013 287  1.000   59.90    3.04    0.00    0.00    0.00
    411 0 2013 287  2.000   45.40   -0.02    0.00    0.00    0.00
    412 0 2013 287  3.000   33.50   -0.05    0.00    0.00    0.00
    413 0 2013 287  4.000   23.90   -0.60    0.00    0.00    0.00
    414 0 2013 287  5.000   18.95   -1.43    0.00    0.00    0.00
    415 0 2013 287  6.000   20.40   -1.33    0.00    0.00    0.00
    416 0 2013 287  7.000   27.40   -0.87    0.00    0.00    0.00
    417 0 2013 287  8.000   38.50   -0.24    0.00    0.00    0.00
    418 0 2013 287  9.000   52.10    1.62    0.00    0.00    0.00
    419 0 2013 287 10.000   63.10    2.90    0.00    0.00    0.00
    420 0 2013 287 11.000   67.50    1.82    0.00    0.00    0.00
    421 0 2013 287 12.000   69.20    3.07    0.00    0.00    0.00
    422 0 2013 287 13.000   61.60    0.07    0.00    0.00    0.00
    423 0 2013 287 14.000   53.40    0.62    0.00    0.00    0.00
    424 0 2013 287 15.000   44.20    2.04    0.00    0.00    0.00
    425 0 2013 287 16.000   33.60    0.94    0.00    0.00    0.00
    426 0 2013 287 17.000   26.30   -0.48    0.00    0.00    0.00
    427 0 2013 287 18.000   23.60   -2.42    0.00    0.00    0.00
    428 0 2013 287 19.000   30.20   -0.84    0.00    0.00    0.00
    429 0 2013 287 20.000   42.90    1.82    0.00    0.00    0.00
    430 0 2013 287 21.000   50.90   -2.74    0.00    0.00    0.00
    431 0 2013 287 22.000   63.40   -1.98    0.00    0.00    0.00
    432 0 2013 287 23.000   70.85   -2.72    0.00    0.00    0.00
    433 0 2013 288  0.000   74.70   -1.69    0.00    0.00    0.00
    434 0 2013 288  1.000   71.40   -1.40    0.00    0.00    0.00
    435 0 2013 288  2.000   57.00   -6.21    0.00    0.00    0.00
    436 0 2013 288  3.000   46.30   -3.63    0.00    0.00    0.00
    437 0 2013 288  4.000   37.10    0.81    0.00    0.00    0.00
    438 0 2013 288  5.000   25.70    0.38    0.00    0.00    0.00
    439 0 2013 288  6.000   20.20    0.70    0.00    0.00    0.00
    440 0 2013 288  7.000   18.50   -2.17    0.00    0.00    0.00
    441 0 2013 288  8.000   32.10    3.19    0.00    0.00    0.00
    442 0 2013 288  9.000   41.60   -0.28    0.00    0.00    0.00
    443 0 2013 288 10.000   59.10    3.09    0.00    0.00    0.00
    444 0 2013 288 11.000   69.40    1.19    0.00    0.00    0.00
    445 0 2013 288 12.000   79.10    3.13    0.00    0.00    0.00
    446 0 2013 288 13.000   79.90    2.67    0.00    0.00    0.00
    447 0 2013 288 14.000   73.70    2.33    0.00    0.00    0.00
    448 0 2013 288 15.000   61.00    0.76    0.00    0.00    0.00
    449 0 2013 288 16.000   50.70    3.54    0.00    0.00    0.00
    450 0 2013 288 17.000   38.60    3.42    0.00    0.00    0.00
    451 0 2013 288 18.000   29.60    2.55    0.00    0.00    0.00
    452 0 2013 288 19.000   26.80    1.40    0.00    0.00    0.00
    453 0 2013 288 20.000   35.70    4.25    0.00    0.00    0.00
    454 0 2013 288 21.000   48.50    5.03    0.00    0.00    0.00
    455 0 2013 288 22.000   62.55    4.69    0.00    0.00    0.00
    456 0 2013 288 23.000   77.30    6.03    0.00    0.00    0.00
    457 0 2013 289  0.000   89.10    8.15    0.00    0.00    0.00
    458 0 2013 289  1.000   93.10    9.00    0.00    0.00    0.00
    459 0 2013 289  2.000   87.90    8.85    0.00    0.00    0.00
    460 0 2013 289  3.000   75.20    8.21    0.00    0.00    0.00
    461 0 2013 289  4.000   59.70    8.25    0.00    0.00    0.00
    462 0 2013 289  5.000   44.80    8.79    0.00    0.00    0.00
    463 0 2013 289  6.000   31.10    7.32    0.00    0.00    0.00
    464 0 2013 289  7.000   24.40    6.35    0.00    0.00    0.00
    465 0 2013 289  8.000   24.80    3.57    0.00    0.00    0.00
    466 0 2013 289  9.000   35.30    2.75    0.00    0.00    0.00
    467 0 2013 289 10.000   50.90    2.51    0.00    0.00    0.00
    468 0 2013 289 11.000   66.40    1.54    0.00    0.00    0.00
    469 0 2013 289 12.000   79.60    0.74    0.00    0.00    0.00
    470 0 2013 289 13.000   87.50    0.35    0.00    0.00    0.00
    471 0 2013 289 14.000   87.00    0.11    0.00    0.00    0.00
    472 0 2013 289 15.000   78.90    0.84    0.00    0.00    0.00
    473 0 2013 289 16.000   67.20    3.34    0.00    0.00    0.00
    474 0 2013 289 17.000   50.00    1.80    0.00    0.00    0.00
    475 0 2013 289 18.000   36.00    1.68    0.00    0.00    0.00
    476 0 2013 289 19.000   29.90    4.30    0.00    0.00    0.00
    477 0 2013 289 20.000   28.40    3.11    0.00    0.00    0.00
    478 0 2013 289 21.000   36.50    2.58    0.00    0.00    0.00
    479 0 2013 289 22.000   50.00    1.60    0.00    0.00    0.00
    480 0 2013 289 23.000   64.30   -0.22    0.00    0.00    0.00
    481 0 2013 290  0.000   77.40   -1.56    0.00    0.00    0.00
    482 0 2013 290  1.000   83.75   -4.81    0.00    0.00    0.00
    483 0 2013 290  2.000   87.00   -2.90    0.00    0.00    0.00
    484 0 2013 290  3.000   79.30   -2.46    0.00    0.00    0.00
    485 0 2013 290  4.000   64.80   -1.89    0.00    0.00    0.00
    486 0 2013 290  5.000   48.30   -0.77    0.00    0.00    0.00
    487 0 2013 290  6.000   30.60   -2.07    0.00    0.00    0.00
    488 0 2013 290  7.000   19.65   -1.30    0.00    0.00    0.00
    489 0 2013 290  8.000   17.30   -0.34    0.00    0.00    0.00
    490 0 2013 290  9.000   22.50   -2.02    0.00    0.00    0.00
    491 0 2013 290 10.000   39.50    0.09    0.00    0.00    0.00
    492 0 2013 290 11.000   56.40   -1.40    0.00    0.00    0.00
    493 0 2013 290 12.000   73.70   -1.99    0.00    0.00    0.00
    494 0 2013 290 13.000   88.20   -1.54    0.00    0.00    0.00
    495 0 2013 290 14.000   92.80   -3.38    0.00    0.00    0.00
    496 0 2013 290 15.000   90.80   -1.67    0.00    0.00    0.00
    497 0 2013 290 16.000   78.60   -1.26    0.00    0.00    0.00
    498 0 2013 290 17.000   61.20   -1.44    0.00    0.00    0.00
    499 0 2013 290 18.000   44.60   -0.59    0.00    0.00    0.00
    500 0 2013 290 19.000   29.85   -1.25    0.00    0.00    0.00
    501 0 2013 290 20.000   24.10    0.01    0.00    0.00    0.00
    502 0 2013 290 21.000   27.00    0.09    0.00    0.00    0.00
    503 0 2013 290 22.000   39.50    0.77    0.00    0.00    0.00
    504 0 2013 290 23.000   55.00   -0.38    0.00    0.00    0.00
    505 0 2013 291  0.000   73.30    0.95    0.00    0.00    0.00
    506 0 2013 291  1.000   86.70    0.46    0.00    0.00    0.00
    507 0 2013 291  2.000   94.80    1.16    0.00    0.00    0.00
    508 0 2013 291  3.000   91.70    0.26    0.00    0.00    0.00
    509 0 2013 291  4.000   80.30    0.72    0.00    0.00    0.00
    510 0 2013 291  5.000   62.00    0.19    0.00    0.00    0.00
    511 0 2013 291  6.000   44.00    0.86    0.00    0.00    0.00
    512 0 2013 291  7.000   27.60    0.02    0.00    0.00    0.00
    513 0 2013 291  8.000   21.00    2.32    0.00    0.00    0.00
    514 0 2013 291  9.000   22.80    3.23    0.00    0.00    0.00
    515 0 2013 291 10.000   31.00    0.27    0.00    0.00    0.00
    516 0 2013 291 11.000   52.80    4.07    0.00    0.00    0.00
    517 0 2013 291 12.000   68.10   -0.42    0.00    0.00    0.00
    518 0 2013 291 13.000   87.30    1.29    0.00    0.00    0.00
    519 0 2013 291 14.000   98.80    1.00    0.00    0.00    0.00
    520 0 2013 291 15.000  100.70    0.23    0.00    0.00    0.00
    521 0 2013 291 16.000   92.50    0.06    0.00    0.00    0.00
    522 0 2013 291 17.000   76.60    0.39    0.00    0.00    0.00
    523 0 2013 291 18.000   54.80   -2.14    0.00    0.00    0.00
    524 0 2013 291 19.000   39.00   -0.46    0.00    0.00    0.00
    525 0 2013 291 20.000   22.70   -4.70    0.00    0.00    0.00
    526 0 2013 291 21.000   24.70    0.78    0.00    0.00    0.00
    527 0 2013 291 22.000   24.00   -6.55    0.00    0.00    0.00
    528 0 2013 291 23.000   43.30   -1.90    0.00    0.00    0.00
    529 0 2013 292  0.000   58.40   -4.53    0.00    0.00    0.00
    530 0 2013 292  1.000   75.00   -4.08    0.00    0.00    0.00
    531 0 2013 292  2.000   87.10   -3.31    0.00    0.00    0.00
    532 0 2013 292  3.000   89.00   -4.99    0.00    0.00    0.00
    533 0 2013 292  4.000   81.40   -6.26    0.00    0.00    0.00
    534 0 2013 292  5.000   66.50   -5.97    0.00    0.00    0.00
    535 0 2013 292  6.000   45.50   -7.67    0.00    0.00    0.00
    536 0 2013 292  7.000   29.10   -6.20    0.00    0.00    0.00
    537 0 2013 292  8.000   16.20   -6.60    0.00    0.00    0.00
    538 0 2013 292  9.000   15.40   -3.05    0.00    0.00    0.00
    539 0 2013 292 10.000   19.60   -4.51    0.00    0.00    0.00
    540 0 2013 292 11.000   36.00   -2.98    0.00    0.00    0.00
    541 0 2013 292 12.000   53.90   -4.85    0.00    0.00    0.00
    542 0 2013 292 13.000   75.60   -2.40    0.00    0.00    0.00
    543 0 2013 292 14.000   90.10   -2.79    0.00    0.00    0.00
    544 0 2013 292 15.000   99.30   -1.37    0.00    0.00    0.00
    545 0 2013 292 16.000   97.90   -0.91    0.00    0.00    0.00
    546 0 2013 292 17.000   82.40   -4.34    0.00    0.00    0.00
    547 0 2013 292 18.000   65.00   -2.95    0.00    0.00    0.00
    548 0 2013 292 19.000   45.70   -2.73    0.00    0.00    0.00
    549 0 2013 292 20.000   29.90   -3.21    0.00    0.00    0.00
    550 0 2013 292 21.000   20.80   -4.03    0.00    0.00    0.00
    551 0 2013 292 22.000   22.30   -3.19    0.00    0.00    0.00
    552 0 2013 292 23.000   29.70   -5.79    0.00    0.00    0.00
    553 0 2013 293  0.000   44.40   -7.38    0.00    0.00    0.00
    554 0 2013 293  1.000   65.50   -3.39    0.00    0.00    0.00
    555 0 2013 293  2.000   75.10   -7.20    0.00    0.00    0.00
    556 0 2013 293  3.000   83.80   -5.84    0.00    0.00    0.00
    557 0 2013 293  4.000   83.60   -5.40    0.00    0.00    0.00
    558 0 2013 293  5.000   73.80   -5.24    0.00    0.00    0.00
    559 0 2013 293  6.000   55.20   -6.52    0.00    0.00    0.00
    560 0 2013 293  7.000   38.60   -4.13    0.00    0.00    0.00
    561 0 2013 293  8.000   23.60   -4.22    0.00    0.00    0.00
    562 0 2013 293  9.000   13.20   -6.78    0.00    0.00    0.00
    563 0 2013 293 10.000   18.00   -2.57    0.00    0.00    0.00
    564 0 2013 293 11.000   25.20   -5.11    0.00    0.00    0.00
    565 0 2013 293 12.000   40.10   -7.40    0.00    0.00    0.00
    566 0 2013 293 13.000   61.10   -5.98    0.00    0.00    0.00
    567 0 2013 293 14.000   76.20   -7.46    0.00    0.00    0.00
    568 0 2013 293 15.000   88.80   -5.56    0.00    0.00    0.00
    569 0 2013 293 16.000   89.70   -7.94    0.00    0.00    0.00
    570 0 2013 293 17.000   82.90   -8.79    0.00    0.00    0.00
    571 0 2013 293 18.000   69.10   -7.54    0.00    0.00    0.00
    572 0 2013 293 19.000   50.50   -6.53    0.00    0.00    0.00
    573 0 2013 293 20.000   33.10   -6.31    0.00    0.00    0.00
    574 0 2013 293 21.000   24.40   -3.51    0.00    0.00    0.00
    575 0 2013 293 22.000   17.50   -6.37    0.00    0.00    0.00
    576 0 2013 293 23.000   23.90   -4.22    0.00    0.00    0.00
    577 0 2013 294  0.000   39.10   -1.22    0.00    0.00    0.00
    578 0 2013 294  1.000   54.90   -1.71    0.00    0.00    0.00
    579 0 2013 294  2.000   69.80   -1.42    0.00    0.00    0.00
    580 0 2013 294  3.000   82.10    1.50    0.00    0.00    0.00
    581 0 2013 294  4.000   85.20    1.39    0.00    0.00    0.00
    582 0 2013 294  5.000   81.00    1.32    0.00    0.00    0.00
    583 0 2013 294  6.000   67.50    0.21    0.00    0.00    0.00
    584 0 2013 294  7.000   50.50    0.98    0.00    0.00    0.00
    585 0 2013 294  8.000   31.70   -1.17    0.00    0.00    0.00
    586 0 2013 294  9.000   20.60   -1.82    0.00    0.00    0.00
    587 0 2013 294 10.000   18.10   -1.38    0.00    0.00    0.00
    588 0 2013 294 11.000   23.30   -0.85    0.00    0.00    0.00
    589 0 2013 294 12.000   31.80   -4.76    0.00    0.00    0.00
    590 0 2013 294 13.000   54.40    0.16    0.00    0.00    0.00
    591 0 2013 294 14.000   70.70   -0.88    0.00    0.00    0.00
    592 0 2013 294 15.000   84.70    0.72    0.00    0.00    0.00
    593 0 2013 294 16.000   94.20    3.98    0.00    0.00    0.00
    594 0 2013 294 17.000   94.00    4.30    0.00    0.00    0.00
    595 0 2013 294 18.000   82.80    2.04    0.00    0.00    0.00
    596 0 2013 294 19.000   68.00    3.74    0.00    0.00    0.00
    597 0 2013 294 20.000   48.70    2.88    0.00    0.00    0.00
    598 0 2013 294 21.000   36.40    4.67    0.00    0.00    0.00
    599 0 2013 294 22.000   27.80    3.36    0.00    0.00    0.00
    600 0 2013 294 23.000   28.40    4.46    0.00    0.00    0.00
    601 0 2013 295  0.000   34.00    3.36    0.00    0.00    0.00
    602 0 2013 295  1.000   47.90    4.31    0.00    0.00    0.00
    603 0 2013 295  2.000   62.20    4.05    0.00    0.00    0.00
    604 0 2013 295  3.000   72.50    3.49    0.00    0.00    0.00
    605 0 2013 295  4.000   81.40    7.05    0.00    0.00    0.00
    606 0 2013 295  5.000   81.00    6.59    0.00    0.00    0.00
    607 0 2013 295  6.000   72.70    4.68    0.00    0.00    0.00
    608 0 2013 295  7.000   60.40    5.81    0.00    0.00    0.00
    609 0 2013 295  8.000   46.00    7.84    0.00    0.00    0.00
    610 0 2013 295  9.000   30.40    5.06    0.00    0.00    0.00
    611 0 2013 295 10.000   23.40    3.84    0.00    0.00    0.00
    612 0 2013 295 11.000   23.95    3.46    0.00    0.00    0.00
    613 0 2013 295 12.000   32.00    4.19    0.00    0.00    0.00
    614 0 2013 295 13.000   42.50    1.19    0.00    0.00    0.00
    615 0 2013 295 14.000   61.30    3.67    0.00    0.00    0.00
    616 0 2013 295 15.000   72.50    1.27    0.00    0.00    0.00
    617 0 2013 295 16.000   86.40    7.17    0.00    0.00    0.00
    618 0 2013 295 17.000   84.20    2.24    0.00    0.00    0.00
    619 0 2013 295 18.000   83.70    4.89    0.00    0.00    0.00
    620 0 2013 295 19.000   73.60    5.47    0.00    0.00    0.00
    621 0 2013 295 20.000   58.60    6.75    0.00    0.00    0.00
    622 0 2013 295 21.000   44.30    8.11    0.00    0.00    0.00
    623 0 2013 295 22.000   31.40    5.28    0.00    0.00    0.00
    624 0 2013 295 23.000   28.40    6.15    0.00    0.00    0.00
    625 0 2013 296  0.000   28.20    4.09    0.00    0.00    0.00
    626 0 2013 296  1.000   38.35    6.28    0.00    0.00    0.00
    627 0 2013 296  2.000   47.80    3.45    0.00    0.00    0.00
    628 0 2013 296  3.000   61.80    5.88    0.00    0.00    0.00
    629 1 2013 296  4.000   73.70    0.00    0.00    0.00    0.00
    630 0 2013 296  5.000   73.60    8.22    0.00    0.00    0.00
    631 1 2013 296  6.000   77.20    0.00    0.00    0.00    0.00
    632 0 2013 296  7.000   64.10    8.00    0.00    0.00    0.00
    633 0 2013 296  8.000   49.40    6.39    0.00    0.00    0.00
    634 1 2013 296  9.000   40.50    0.00    0.00    0.00    0.00
    635 0 2013 296 10.000   28.30    7.62    0.00    0.00    0.00
    636 0 2013 296 11.000   26.60    8.06    0.00    0.00    0.00
    637 0 2013 296 12.000   27.60    5.74    0.00    0.00    0.00
    638 0 2013 296 13.000   38.80    8.32    0.00    0.00    0.00
    639 0 2013 296 14.000   51.20    7.62    0.00    0.00    0.00
    640 0 2013 296 15.000   65.90    8.82    0.00    0.00    0.00
    641 0 2013 296 16.000   76.40    9.83    0.00    0.00    0.00
    642 1 2013 296 17.000   85.80    0.00    0.00    0.00    0.00
    643 1 2013 296 18.000   84.60    0.00    0.00    0.00    0.00
    644 1 2013 296 19.000   79.10    0.00    0.00    0.00    0.00
    645 0 2013 296 20.000   66.30   10.47    0.00    0.00    0.00
    646 1 2013 296 21.000   57.20    0.00    0.00    0.00    0.00
    647 1 2013 296 22.000   40.95    0.00    0.00    0.00    0.00
