                                                                                
                                                                                
                                                                                
                                                                                
                                                                                
                                                                                
                                                                                
                                                                                
                                                                                
                                                                                
                                                                                
                                                                                
                                                                                
                                                                                
                                                                                
                                                                                
                                                                                
                                                                                
                                                                                
                                                                                
      1 1 2013 270  0.000 9999.99    0.00    0.00    0.00    0.00
      2 0 2013 270  1.000  170.80  -19.22    0.00    0.00    0.00
      3 0 2013 270  2.000  166.80  -18.41    0.00    0.00    0.00
      4 0 2013 270  3.000  175.60  -14.62    0.00    0.00    0.00
      5 0 2013 270  4.000  178.80  -22.36    0.00    0.00    0.00
      6 0 2013 270  5.000  193.40  -21.05    0.00    0.00    0.00
      7 0 2013 270  6.000  207.90  -20.04    0.00    0.00    0.00
      8 0 2013 270  7.000  220.90  -17.26    0.00    0.00    0.00
      9 0 2013 270  8.000  225.60  -15.38    0.00    0.00    0.00
     10 0 2013 270  9.000  221.20  -14.55    0.00    0.00    0.00
     11 0 2013 270 10.000  212.30  -13.15    0.00    0.00    0.00
     12 0 2013 270 11.000  195.80  -16.95    0.00    0.00    0.00
     13 0 2013 270 12.000  181.00  -18.23    0.00    0.00    0.00
     14 0 2013 270 13.000  167.60  -20.70    0.00    0.00    0.00
     15 0 2013 270 14.000  167.80  -16.97    0.00    0.00    0.00
     16 0 2013 270 15.000  168.40  -21.67    0.00    0.00    0.00
     17 0 2013 270 16.000  178.00  -23.13    0.00    0.00    0.00
     18 0 2013 270 17.000  196.50  -18.17    0.00    0.00    0.00
     19 0 2013 270 18.000  212.90  -16.45    0.00    0.00    0.00
     20 0 2013 270 19.000  225.40  -17.74    0.00    0.00    0.00
     21 0 2013 270 20.000  232.60  -19.64    0.00    0.00    0.00
     22 0 2013 270 21.000  233.20  -21.21    0.00    0.00    0.00
     23 0 2013 270 22.000  232.70  -17.89    0.00    0.00    0.00
     24 0 2013 270 23.000  220.80  -21.19    0.00    0.00    0.00
     25 0 2013 271  0.000  212.90  -15.85    0.00    0.00    0.00
     26 0 2013 271  1.000  199.90  -13.07    0.00    0.00    0.00
     27 0 2013 271  2.000  188.90  -10.94    0.00    0.00    0.00
     28 0 2013 271  3.000  183.90   -9.61    0.00    0.00    0.00
     29 0 2013 271  4.000  181.60  -12.27    0.00    0.00    0.00
     30 0 2013 271  5.000  189.20   -9.85    0.00    0.00    0.00
     31 0 2013 271  6.000  200.70   -7.41    0.00    0.00    0.00
     32 0 2013 271  7.000  208.90  -10.49    0.00    0.00    0.00
     33 0 2013 271  8.000  218.10  -10.88    0.00    0.00    0.00
     34 0 2013 271  9.000  226.20   -7.30    0.00    0.00    0.00
     35 0 2013 271 10.000  224.60   -8.22    0.00    0.00    0.00
     36 0 2013 271 11.000  221.30   -6.80    0.00    0.00    0.00
     37 0 2013 271 12.000  213.30   -6.17    0.00    0.00    0.00
     38 0 2013 271 13.000  200.60   -7.34    0.00    0.00    0.00
     39 0 2013 271 14.000  190.00   -7.39    0.00    0.00    0.00
     40 0 2013 271 15.000  185.80   -6.13    0.00    0.00    0.00
     41 0 2013 271 16.000  186.70   -5.63    0.00    0.00    0.00
     42 0 2013 271 17.000  191.90   -5.42    0.00    0.00    0.00
     43 0 2013 271 18.000  198.40   -8.07    0.00    0.00    0.00
     44 0 2013 271 19.000  211.70   -7.65    0.00    0.00    0.00
     45 0 2013 271 20.000  227.60   -5.67    0.00    0.00    0.00
     46 0 2013 271 21.000  242.70   -1.86    0.00    0.00    0.00
     47 0 2013 271 22.000  244.80   -6.53    0.00    0.00    0.00
     48 0 2013 271 23.000  245.70   -7.17    0.00    0.00    0.00
     49 0 2013 272  0.000  243.70   -4.04    0.00    0.00    0.00
     50 0 2013 272  1.000  227.60   -7.78    0.00    0.00    0.00
     51 0 2013 272  2.000  217.10   -1.69    0.00    0.00    0.00
     52 0 2013 272  3.000  196.90   -6.33    0.00    0.00    0.00
     53 0 2013 272  4.000  189.50   -2.83    0.00    0.00    0.00
     54 0 2013 272  5.000  183.70   -3.65    0.00    0.00    0.00
     55 0 2013 272  6.000  185.30   -3.75    0.00    0.00    0.00
     56 0 2013 272  7.000  193.80   -3.67    0.00    0.00    0.00
     57 0 2013 272  8.000  204.30   -5.77    0.00    0.00    0.00
     58 0 2013 272  9.000  218.80   -3.78    0.00    0.00    0.00
     59 0 2013 272 10.000  228.30   -3.64    0.00    0.00    0.00
     60 0 2013 272 11.000  236.90    0.15    0.00    0.00    0.00
     61 0 2013 272 12.000  234.55   -1.02    0.00    0.00    0.00
     62 0 2013 272 13.000  226.90   -0.58    0.00    0.00    0.00
     63 0 2013 272 14.000  213.00   -1.33    0.00    0.00    0.00
     64 0 2013 272 15.000  201.70    1.18    0.00    0.00    0.00
     65 0 2013 272 16.000  189.40   -0.47    0.00    0.00    0.00
     66 0 2013 272 17.000  184.00   -0.31    0.00    0.00    0.00
     67 0 2013 272 18.000  189.00    3.74    0.00    0.00    0.00
     68 0 2013 272 19.000  196.80    3.09    0.00    0.00    0.00
     69 0 2013 272 20.000  211.20    2.76    0.00    0.00    0.00
     70 0 2013 272 21.000  227.80    1.89    0.00    0.00    0.00
     71 0 2013 272 22.000  243.10    0.78    0.00    0.00    0.00
     72 0 2013 272 23.000  255.50    0.96    0.00    0.00    0.00
     73 0 2013 273  0.000  260.80    1.51    0.00    0.00    0.00
     74 0 2013 273  1.000  255.40    1.56    0.00    0.00    0.00
     75 0 2013 273  2.000  242.15    3.55    0.00    0.00    0.00
     76 0 2013 273  3.000  220.30    2.53    0.00    0.00    0.00
     77 0 2013 273  4.000  201.60    4.71    0.00    0.00    0.00
     78 0 2013 273  5.000  185.90    5.28    0.00    0.00    0.00
     79 0 2013 273  6.000  176.70    4.12    0.00    0.00    0.00
     80 0 2013 273  7.000  178.40    3.51    0.00    0.00    0.00
     81 0 2013 273  8.000  190.20    3.45    0.00    0.00    0.00
     82 0 2013 273  9.000  210.70    6.40    0.00    0.00    0.00
     83 0 2013 273 10.000  226.30    3.51    0.00    0.00    0.00
     84 0 2013 273 11.000  243.10    5.04    0.00    0.00    0.00
     85 0 2013 273 12.000  250.60    4.20    0.00    0.00    0.00
     86 0 2013 273 13.000  251.80    6.93    0.00    0.00    0.00
     87 0 2013 273 14.000  222.40  -10.86    0.00    0.00    0.00
     88 0 2013 273 15.000  220.00    5.14    0.00    0.00    0.00
     89 0 2013 273 16.000  199.90    5.17    0.00    0.00    0.00
     90 0 2013 273 17.000  184.40    6.64    0.00    0.00    0.00
     91 0 2013 273 18.000  172.30    4.07    0.00    0.00    0.00
     92 0 2013 273 19.000  178.20    9.02    0.00    0.00    0.00
     93 0 2013 273 20.000  185.70    4.62    0.00    0.00    0.00
     94 0 2013 273 21.000  206.60    5.42    0.00    0.00    0.00
     95 0 2013 273 22.000  229.10    4.14    0.00    0.00    0.00
     96 0 2013 273 23.000  251.50    4.17    0.00    0.00    0.00
     97 0 2013 274  0.000  267.20    4.35    0.00    0.00    0.00
     98 0 2013 274  1.000  269.40    2.80    0.00    0.00    0.00
     99 0 2013 274  2.000  263.20    6.70    0.00    0.00    0.00
    100 0 2013 274  3.000  238.70    3.92    0.00    0.00    0.00
    101 0 2013 274  4.000  216.00    9.02    0.00    0.00    0.00
    102 0 2013 274  5.000  186.10    6.08    0.00    0.00    0.00
    103 0 2013 274  6.000  169.10    8.42    0.00    0.00    0.00
    104 0 2013 274  7.000  164.30   10.26    0.00    0.00    0.00
    105 0 2013 274  8.000  170.10    8.48    0.00    0.00    0.00
    106 0 2013 274  9.000  190.30    9.55    0.00    0.00    0.00
    107 0 2013 274 10.000  213.20    7.06    0.00    0.00    0.00
    108 0 2013 274 11.000  237.90    6.29    0.00    0.00    0.00
    109 1 2013 274 12.000 9999.99    0.00    0.00    0.00    0.00
    110 1 2013 274 13.000 9999.99    0.00    0.00    0.00    0.00
    111 1 2013 274 14.000 9999.99    0.00    0.00    0.00    0.00
    112 1 2013 274 15.000 9999.99    0.00    0.00    0.00    0.00
    113 1 2013 274 16.000 9999.99    0.00    0.00    0.00    0.00
    114 1 2013 274 17.000 9999.99    0.00    0.00    0.00    0.00
    115 1 2013 274 18.000 9999.99    0.00    0.00    0.00    0.00
    116 1 2013 274 19.000 9999.99    0.00    0.00    0.00    0.00
    117 1 2013 274 20.000 9999.99    0.00    0.00    0.00    0.00
    118 1 2013 274 21.000 9999.99    0.00    0.00    0.00    0.00
    119 1 2013 274 22.000 9999.99    0.00    0.00    0.00    0.00
    120 1 2013 274 23.000 9999.99    0.00    0.00    0.00    0.00
    121 0 2013 275  0.000  265.90    7.45    0.00    0.00    0.00
    122 0 2013 275  1.000  281.70    8.89    0.00    0.00    0.00
    123 0 2013 275  2.000  278.40    7.61    0.00    0.00    0.00
    124 0 2013 275  3.000  258.45    6.22    0.00    0.00    0.00
    125 0 2013 275  4.000  229.10    7.63    0.00    0.00    0.00
    126 0 2013 275  5.000  193.90    7.77    0.00    0.00    0.00
    127 0 2013 275  6.000  165.30    9.86    0.00    0.00    0.00
    128 0 2013 275  7.000  146.40    8.69    0.00    0.00    0.00
    129 0 2013 275  8.000  148.00   10.49    0.00    0.00    0.00
    130 0 2013 275  9.000  160.90    6.57    0.00    0.00    0.00
    131 0 2013 275 10.000  193.90   10.47    0.00    0.00    0.00
    132 0 2013 275 11.000  227.20    9.74    0.00    0.00    0.00
    133 0 2013 275 12.000  259.05   11.12    0.00    0.00    0.00
    134 0 2013 275 13.000  273.40    6.49    0.00    0.00    0.00
    135 0 2013 275 14.000  279.80   10.56    0.00    0.00    0.00
    136 0 2013 275 15.000  266.30   12.12    0.00    0.00    0.00
    137 0 2013 275 16.000  239.10   13.69    0.00    0.00    0.00
    138 0 2013 275 17.000  204.20   14.11    0.00    0.00    0.00
    139 0 2013 275 18.000  170.00   12.56    0.00    0.00    0.00
    140 0 2013 275 19.000  148.70   12.43    0.00    0.00    0.00
    141 0 2013 275 20.000  141.00    8.80    0.00    0.00    0.00
    142 0 2013 275 21.000  157.60   11.45    0.00    0.00    0.00
    143 0 2013 275 22.000  184.80   10.10    0.00    0.00    0.00
    144 0 2013 275 23.000  221.20   10.07    0.00    0.00    0.00
    145 0 2013 276  0.000  256.50    9.90    0.00    0.00    0.00
    146 0 2013 276  1.000  280.40    8.47    0.00    0.00    0.00
    147 0 2013 276  2.000  286.20    6.05    0.00    0.00    0.00
    148 0 2013 276  3.000  275.00    6.52    0.00    0.00    0.00
    149 0 2013 276  4.000  247.60    8.53    0.00    0.00    0.00
    150 0 2013 276  5.000  205.70    6.80    0.00    0.00    0.00
    151 0 2013 276  6.000  165.90    7.41    0.00    0.00    0.00
    152 0 2013 276  7.000  133.70    4.80    0.00    0.00    0.00
    153 0 2013 276  8.000  126.10    8.10    0.00    0.00    0.00
    154 0 2013 276  9.000  132.20    3.96    0.00    0.00    0.00
    155 0 2013 276 10.000  164.80    8.05    0.00    0.00    0.00
    156 0 2013 276 11.000  202.60    6.32    0.00    0.00    0.00
    157 0 2013 276 12.000  244.00    7.23    0.00    0.00    0.00
    158 0 2013 276 13.000  275.60    7.81    0.00    0.00    0.00
    159 0 2013 276 14.000  292.40   10.83    0.00    0.00    0.00
    160 0 2013 276 15.000  282.00    7.28    0.00    0.00    0.00
    161 0 2013 276 16.000  262.70   14.08    0.00    0.00    0.00
    162 0 2013 276 17.000  217.30    7.82    0.00    0.00    0.00
    163 0 2013 276 18.000  176.90    9.33    0.00    0.00    0.00
    164 0 2013 276 19.000  139.90    5.63    0.00    0.00    0.00
    165 0 2013 276 20.000  128.60   10.38    0.00    0.00    0.00
    166 0 2013 276 21.000  129.50    6.44    0.00    0.00    0.00
    167 0 2013 276 22.000  157.40    9.89    0.00    0.00    0.00
    168 0 2013 276 23.000  197.10   11.35    0.00    0.00    0.00
    169 0 2013 277  0.000  236.70    8.54    0.00    0.00    0.00
    170 0 2013 277  1.000  271.30    7.63    0.00    0.00    0.00
    171 0 2013 277  2.000  290.00    6.84    0.00    0.00    0.00
    172 0 2013 277  3.000  286.60    5.11    0.00    0.00    0.00
    173 0 2013 277  4.000  263.20    5.12    0.00    0.00    0.00
    174 0 2013 277  5.000  222.80    5.11    0.00    0.00    0.00
    175 0 2013 277  6.000  175.70    5.02    0.00    0.00    0.00
    176 0 2013 277  7.000  130.80    0.67    0.00    0.00    0.00
    177 0 2013 277  8.000  109.20    2.22    0.00    0.00    0.00
    178 0 2013 277  9.000  109.30    2.52    0.00    0.00    0.00
    179 0 2013 277 10.000  133.70    4.21    0.00    0.00    0.00
    180 0 2013 277 11.000  169.80    0.03    0.00    0.00    0.00
    181 0 2013 277 12.000  219.90    2.56    0.00    0.00    0.00
    182 0 2013 277 13.000  262.70    3.05    0.00    0.00    0.00
    183 0 2013 277 14.000  288.60    2.38    0.00    0.00    0.00
    184 0 2013 277 15.000  294.90    3.75    0.00    0.00    0.00
    185 0 2013 277 16.000  275.50    2.38    0.00    0.00    0.00
    186 0 2013 277 17.000  240.30    4.51    0.00    0.00    0.00
    187 0 2013 277 18.000  192.60    3.98    0.00    0.00    0.00
    188 0 2013 277 19.000  143.10   -1.68    0.00    0.00    0.00
    189 0 2013 277 20.000  115.30   -0.65    0.00    0.00    0.00
    190 0 2013 277 21.000  106.70   -1.93    0.00    0.00    0.00
    191 0 2013 277 22.000  121.80   -2.31    0.00    0.00    0.00
    192 0 2013 277 23.000  155.20   -3.74    0.00    0.00    0.00
    193 0 2013 278  0.000  200.70   -3.68    0.00    0.00    0.00
    194 0 2013 278  1.000  243.30   -4.76    0.00    0.00    0.00
    195 0 2013 278  2.000  272.80   -5.76    0.00    0.00    0.00
    196 0 2013 278  3.000  285.30   -3.37    0.00    0.00    0.00
    197 0 2013 278  4.000  269.60   -5.86    0.00    0.00    0.00
    198 0 2013 278  5.000  235.50   -4.97    0.00    0.00    0.00
    199 0 2013 278  6.000  186.30   -5.42    0.00    0.00    0.00
    200 0 2013 278  7.000  137.50   -5.36    0.00    0.00    0.00
    201 0 2013 278  8.000  101.30   -6.32    0.00    0.00    0.00
    202 0 2013 278  9.000   88.20   -6.42    0.00    0.00    0.00
    203 0 2013 278 10.000  100.40   -6.29    0.00    0.00    0.00
    204 0 2013 278 11.000  134.70   -6.87    0.00    0.00    0.00
    205 0 2013 278 12.000  183.10   -7.93    0.00    0.00    0.00
    206 0 2013 278 13.000  232.00   -9.83    0.00    0.00    0.00
    207 0 2013 278 14.000  270.90   -9.86    0.00    0.00    0.00
    208 0 2013 278 15.000  288.10  -11.20    0.00    0.00    0.00
    209 0 2013 278 16.000  285.95   -7.87    0.00    0.00    0.00
    210 0 2013 278 17.000  256.70   -8.05    0.00    0.00    0.00
    211 0 2013 278 18.000  209.20   -9.30    0.00    0.00    0.00
    212 0 2013 278 19.000  162.20   -5.75    0.00    0.00    0.00
    213 0 2013 278 20.000  119.80   -7.64    0.00    0.00    0.00
    214 0 2013 278 21.000   98.80   -7.85    0.00    0.00    0.00
    215 0 2013 278 22.000  103.20   -6.19    0.00    0.00    0.00
    216 0 2013 278 23.000  125.80   -9.26    0.00    0.00    0.00
    217 0 2013 279  0.000  171.60   -6.18    0.00    0.00    0.00
    218 0 2013 279  1.000  215.10  -10.67    0.00    0.00    0.00
    219 0 2013 279  2.000  259.50   -6.08    0.00    0.00    0.00
    220 0 2013 279  3.000  278.10   -9.55    0.00    0.00    0.00
    221 0 2013 279  4.000  280.20   -7.02    0.00    0.00    0.00
    222 0 2013 279  5.000  253.70   -9.30    0.00    0.00    0.00
    223 0 2013 279  6.000  212.50   -6.49    0.00    0.00    0.00
    224 0 2013 279  7.000  157.10   -9.67    0.00    0.00    0.00
    225 0 2013 279  8.000  115.30   -6.33    0.00    0.00    0.00
    226 0 2013 279  9.000   87.00   -8.45    0.00    0.00    0.00
    227 0 2013 279 10.000   85.20   -8.60    0.00    0.00    0.00
    228 0 2013 279 11.000  107.80   -9.61    0.00    0.00    0.00
    229 0 2013 279 12.000  153.10   -8.68    0.00    0.00    0.00
    230 0 2013 279 13.000  204.50  -11.10    0.00    0.00    0.00
    231 0 2013 279 14.000  255.90   -8.28    0.00    0.00    0.00
    232 0 2013 279 15.000  287.00   -9.05    0.00    0.00    0.00
    233 0 2013 279 16.000  296.20   -9.14    0.00    0.00    0.00
    234 0 2013 279 17.000  283.80   -6.09    0.00    0.00    0.00
    235 0 2013 279 18.000  247.40   -4.55    0.00    0.00    0.00
    236 0 2013 279 19.000  197.90   -3.30    0.00    0.00    0.00
    237 0 2013 279 20.000  146.25   -6.38    0.00    0.00    0.00
    238 0 2013 279 21.000  117.50   -1.67    0.00    0.00    0.00
    239 0 2013 279 22.000  102.50   -5.00    0.00    0.00    0.00
    240 0 2013 279 23.000  113.00   -6.54    0.00    0.00    0.00
    241 0 2013 280  0.000  147.80   -5.21    0.00    0.00    0.00
    242 0 2013 280  1.000  193.20   -5.99    0.00    0.00    0.00
    243 0 2013 280  2.000  242.80   -1.72    0.00    0.00    0.00
    244 0 2013 280  3.000  272.70   -4.26    0.00    0.00    0.00
    245 0 2013 280  4.000  288.40   -1.35    0.00    0.00    0.00
    246 0 2013 280  5.000  276.00   -3.70    0.00    0.00    0.00
    247 0 2013 280  6.000  241.40   -5.52    0.00    0.00    0.00
    248 0 2013 280  7.000  195.00   -3.44    0.00    0.00    0.00
    249 0 2013 280  8.000  142.80   -5.55    0.00    0.00    0.00
    250 0 2013 280  9.000  106.30   -4.66    0.00    0.00    0.00
    251 0 2013 280 10.000   85.50   -9.42    0.00    0.00    0.00
    252 0 2013 280 11.000   97.40   -6.16    0.00    0.00    0.00
    253 0 2013 280 12.000  130.80   -5.28    0.00    0.00    0.00
    254 0 2013 280 13.000  182.00   -3.32    0.00    0.00    0.00
    255 0 2013 280 14.000  230.50   -7.41    0.00    0.00    0.00
    256 0 2013 280 15.000  279.65   -0.59    0.00    0.00    0.00
    257 0 2013 280 16.000  297.40   -6.46    0.00    0.00    0.00
    258 0 2013 280 17.000  302.40   -2.20    0.00    0.00    0.00
    259 0 2013 280 18.000  278.20   -3.00    0.00    0.00    0.00
    260 0 2013 280 19.000  230.40   -7.93    0.00    0.00    0.00
    261 0 2013 280 20.000  180.50   -7.84    0.00    0.00    0.00
    262 0 2013 280 21.000  139.30   -6.46    0.00    0.00    0.00
    263 0 2013 280 22.000  110.40  -10.09    0.00    0.00    0.00
    264 0 2013 280 23.000  109.50   -7.48    0.00    0.00    0.00
    265 0 2013 281  0.000  131.00   -5.04    0.00    0.00    0.00
    266 0 2013 281  1.000  167.00   -6.32    0.00    0.00    0.00
    267 0 2013 281  2.000  210.00   -7.87    0.00    0.00    0.00
    268 0 2013 281  3.000  252.85   -3.90    0.00    0.00    0.00
    269 0 2013 281  4.000  274.50   -6.45    0.00    0.00    0.00
    270 0 2013 281  5.000  279.50   -6.17    0.00    0.00    0.00
    271 0 2013 281  6.000  261.50   -6.85    0.00    0.00    0.00
    272 0 2013 281  7.000  227.50   -3.51    0.00    0.00    0.00
    273 0 2013 281  8.000  180.00   -3.46    0.00    0.00    0.00
    274 0 2013 281  9.000  132.80   -7.08    0.00    0.00    0.00
    275 0 2013 281 10.000  111.10   -0.46    0.00    0.00    0.00
    276 0 2013 281 11.000  102.60   -1.91    0.00    0.00    0.00
    277 0 2013 281 12.000  120.20   -0.70    0.00    0.00    0.00
    278 0 2013 281 13.000  154.10   -4.06    0.00    0.00    0.00
    279 0 2013 281 14.000  207.70    0.88    0.00    0.00    0.00
    280 0 2013 281 15.000  250.40   -3.31    0.00    0.00    0.00
    281 0 2013 281 16.000  288.40    0.10    0.00    0.00    0.00
    282 0 2013 281 17.000  299.80   -4.68    0.00    0.00    0.00
    283 0 2013 281 18.000  291.90   -6.66    0.00    0.00    0.00
    284 0 2013 281 19.000  263.30   -7.19    0.00    0.00    0.00
    285 0 2013 281 20.000  217.40  -10.13    0.00    0.00    0.00
    286 0 2013 281 21.000  170.40  -12.19    0.00    0.00    0.00
    287 0 2013 281 22.000  138.60   -8.93    0.00    0.00    0.00
    288 0 2013 281 23.000  123.60   -5.88    0.00    0.00    0.00
    289 0 2013 282  0.000  122.90   -9.06    0.00    0.00    0.00
    290 0 2013 282  1.000  148.30   -6.36    0.00    0.00    0.00
    291 0 2013 282  2.000  183.50   -7.51    0.00    0.00    0.00
    292 0 2013 282  3.000  227.30   -2.54    0.00    0.00    0.00
    293 0 2013 282  4.000  259.00   -2.06    0.00    0.00    0.00
    294 0 2013 282  5.000  275.40   -2.91    0.00    0.00    0.00
    295 0 2013 282  6.000  277.20   -0.07    0.00    0.00    0.00
    296 0 2013 282  7.000  257.30    1.25    0.00    0.00    0.00
    297 0 2013 282  8.000  213.20   -5.81    0.00    0.00    0.00
    298 0 2013 282  9.000  172.20   -4.81    0.00    0.00    0.00
    299 0 2013 282 10.000  139.30   -2.49    0.00    0.00    0.00
    300 0 2013 282 11.000  119.30   -2.24    0.00    0.00    0.00
    301 0 2013 282 12.000  118.30   -2.75    0.00    0.00    0.00
    302 0 2013 282 13.000  139.80   -1.82    0.00    0.00    0.00
    303 0 2013 282 14.000  174.70   -3.92    0.00    0.00    0.00
    304 0 2013 282 15.000  215.80   -6.14    0.00    0.00    0.00
    305 0 2013 282 16.000  260.60   -0.48    0.00    0.00    0.00
    306 0 2013 282 17.000  282.20   -6.44    0.00    0.00    0.00
    307 0 2013 282 18.000  297.60   -1.61    0.00    0.00    0.00
    308 0 2013 282 19.000  283.35   -5.93    0.00    0.00    0.00
    309 0 2013 282 20.000  257.10   -3.58    0.00    0.00    0.00
    310 0 2013 282 21.000  217.50   -4.50    0.00    0.00    0.00
    311 0 2013 282 22.000  177.70   -6.48    0.00    0.00    0.00
    312 0 2013 282 23.000  151.50   -4.39    0.00    0.00    0.00
    313 0 2013 283  0.000  139.80   -3.20    0.00    0.00    0.00
    314 0 2013 283  1.000  144.70   -3.95    0.00    0.00    0.00
    315 0 2013 283  2.000  164.80   -6.06    0.00    0.00    0.00
    316 0 2013 283  3.000  199.10   -3.01    0.00    0.00    0.00
    317 0 2013 283  4.000  229.60   -3.86    0.00    0.00    0.00
    318 0 2013 283  5.000  254.20   -3.93    0.00    0.00    0.00
    319 0 2013 283  6.000  268.50   -2.27    0.00    0.00    0.00
    320 0 2013 283  7.000  261.40   -5.42    0.00    0.00    0.00
    321 0 2013 283  8.000  239.90   -5.90    0.00    0.00    0.00
    322 0 2013 283  9.000  205.70   -7.93    0.00    0.00    0.00
    323 0 2013 283 10.000  170.50   -9.11    0.00    0.00    0.00
    324 0 2013 283 11.000  145.80   -6.32    0.00    0.00    0.00
    325 0 2013 283 12.000  129.70   -7.93    0.00    0.00    0.00
    326 0 2013 283 13.000  133.40   -7.23    0.00    0.00    0.00
    327 0 2013 283 14.000  150.70  -10.35    0.00    0.00    0.00
    328 0 2013 283 15.000  183.80   -9.25    0.00    0.00    0.00
    329 0 2013 283 16.000  219.70   -8.70    0.00    0.00    0.00
    330 0 2013 283 17.000  252.40   -7.81    0.00    0.00    0.00
    331 0 2013 283 18.000  273.80   -8.80    0.00    0.00    0.00
    332 0 2013 283 19.000  284.40   -5.44    0.00    0.00    0.00
    333 0 2013 283 20.000  272.50   -6.75    0.00    0.00    0.00
    334 0 2013 283 21.000  247.60   -6.64    0.00    0.00    0.00
    335 0 2013 283 22.000  218.00   -4.39    0.00    0.00    0.00
    336 0 2013 283 23.000  185.50   -5.84    0.00    0.00    0.00
    337 0 2013 284  0.000  166.40   -1.41    0.00    0.00    0.00
    338 0 2013 284  1.000  150.50   -7.09    0.00    0.00    0.00
    339 0 2013 284  2.000  163.90    0.91    0.00    0.00    0.00
    340 0 2013 284  3.000  181.90    1.17    0.00    0.00    0.00
    341 0 2013 284  4.000  205.25    0.64    0.00    0.00    0.00
    342 0 2013 284  5.000  228.50   -0.74    0.00    0.00    0.00
    343 0 2013 284  6.000  254.40    4.62    0.00    0.00    0.00
    344 0 2013 284  7.000  264.80    4.36    0.00    0.00    0.00
    345 0 2013 284  8.000  267.70   10.74    0.00    0.00    0.00
    346 0 2013 284  9.000  250.60   10.30    0.00    0.00    0.00
    347 0 2013 284 10.000  240.80   24.99    0.00    0.00    0.00
    348 0 2013 284 11.000  210.40   20.78    0.00    0.00    0.00
    349 0 2013 284 12.000  176.90    9.27    0.00    0.00    0.00
    350 0 2013 284 13.000  172.00   15.94    0.00    0.00    0.00
    351 0 2013 284 14.000  182.90   24.02    0.00    0.00    0.00
    352 0 2013 284 15.000  189.70   14.95    0.00    0.00    0.00
    353 0 2013 284 16.000  218.90   20.18    0.00    0.00    0.00
    354 0 2013 284 17.000  251.10   25.01    0.00    0.00    0.00
    355 0 2013 284 18.000  280.80   28.25    0.00    0.00    0.00
    356 0 2013 284 19.000  296.50   24.43    0.00    0.00    0.00
    357 0 2013 284 20.000  307.80   29.05    0.00    0.00    0.00
    358 0 2013 284 21.000  300.80   29.67    0.00    0.00    0.00
    359 0 2013 284 22.000  284.40   31.89    0.00    0.00    0.00
    360 0 2013 284 23.000  256.70   29.13    0.00    0.00    0.00
    361 0 2013 285  0.000  238.00   36.69    0.00    0.00    0.00
    362 0 2013 285  1.000  217.25   37.17    0.00    0.00    0.00
    363 0 2013 285  2.000  207.10   37.47    0.00    0.00    0.00
    364 1 2013 285  3.000  217.70    0.00    0.00    0.00    0.00
    365 0 2013 285  4.000  222.75   40.81    0.00    0.00    0.00
    366 1 2013 285  5.000  242.80    0.00    0.00    0.00    0.00
    367 1 2013 285  6.000  267.40    0.00    0.00    0.00    0.00
    368 1 2013 285  7.000  289.10    0.00    0.00    0.00    0.00
    369 1 2013 285  8.000  301.10    0.00    0.00    0.00    0.00
    370 1 2013 285  9.000  301.10    0.00    0.00    0.00    0.00
    371 1 2013 285 10.000  297.90    0.00    0.00    0.00    0.00
    372 1 2013 285 11.000  281.70    0.00    0.00    0.00    0.00
    373 1 2013 285 12.000  261.40    0.00    0.00    0.00    0.00
    374 1 2013 285 13.000  241.05    0.00    0.00    0.00    0.00
    375 1 2013 285 14.000  239.60    0.00    0.00    0.00    0.00
    376 1 2013 285 15.000  234.80    0.00    0.00    0.00    0.00
    377 1 2013 285 16.000  234.50    0.00    0.00    0.00    0.00
    378 1 2013 285 17.000  253.90    0.00    0.00    0.00    0.00
    379 1 2013 285 18.000  278.00    0.00    0.00    0.00    0.00
    380 1 2013 285 19.000  296.40    0.00    0.00    0.00    0.00
    381 1 2013 285 20.000  312.40    0.00    0.00    0.00    0.00
    382 1 2013 285 21.000  327.70    0.00    0.00    0.00    0.00
    383 1 2013 285 22.000  327.90    0.00    0.00    0.00    0.00
    384 1 2013 285 23.000  302.80    0.00    0.00    0.00    0.00
    385 1 2013 286  0.000  280.00    0.00    0.00    0.00    0.00
    386 1 2013 286  1.000  266.90    0.00    0.00    0.00    0.00
    387 1 2013 286  2.000  236.30    0.00    0.00    0.00    0.00
    388 1 2013 286  3.000  223.20    0.00    0.00    0.00    0.00
    389 0 2013 286  4.000  212.10   41.36    0.00    0.00    0.00
    390 1 2013 286  5.000  222.60    0.00    0.00    0.00    0.00
    391 0 2013 286  6.000  213.70   26.91    0.00    0.00    0.00
    392 0 2013 286  7.000  238.00   31.74    0.00    0.00    0.00
    393 0 2013 286  8.000  250.50   23.39    0.00    0.00    0.00
    394 0 2013 286  9.000  266.60   23.80    0.00    0.00    0.00
    395 0 2013 286 10.000  272.80   22.69    0.00    0.00    0.00
    396 0 2013 286 11.000  266.80   18.37    0.00    0.00    0.00
    397 0 2013 286 12.000  257.00   19.41    0.00    0.00    0.00
    398 0 2013 286 13.000  240.80   21.48    0.00    0.00    0.00
    399 0 2013 286 14.000  222.80   23.71    0.00    0.00    0.00
    400 0 2013 286 15.000  208.10   24.89    0.00    0.00    0.00
    401 0 2013 286 16.000  197.50   22.71    0.00    0.00    0.00
    402 0 2013 286 17.000  198.60   23.98    0.00    0.00    0.00
    403 0 2013 286 18.000  205.40   21.42    0.00    0.00    0.00
    404 0 2013 286 19.000  217.30   14.36    0.00    0.00    0.00
    405 0 2013 286 20.000  243.70   16.64    0.00    0.00    0.00
    406 0 2013 286 21.000  251.60    2.58    0.00    0.00    0.00
    407 0 2013 286 22.000  276.90   13.46    0.00    0.00    0.00
    408 0 2013 286 23.000  273.30    5.43    0.00    0.00    0.00
    409 0 2013 287  0.000  268.00    7.14    0.00    0.00    0.00
    410 0 2013 287  1.000  250.00    7.42    0.00    0.00    0.00
    411 0 2013 287  2.000  221.80    4.44    0.00    0.00    0.00
    412 0 2013 287  3.000  194.40    2.13    0.00    0.00    0.00
    413 0 2013 287  4.000  171.50   -1.18    0.00    0.00    0.00
    414 0 2013 287  5.000  164.20    2.92    0.00    0.00    0.00
    415 0 2013 287  6.000  164.20    3.66    0.00    0.00    0.00
    416 0 2013 287  7.000  174.80    2.51    0.00    0.00    0.00
    417 0 2013 287  8.000  191.20   -3.02    0.00    0.00    0.00
    418 0 2013 287  9.000  217.70   -1.97    0.00    0.00    0.00
    419 0 2013 287 10.000  237.90   -3.92    0.00    0.00    0.00
    420 0 2013 287 11.000  251.30   -5.01    0.00    0.00    0.00
    421 0 2013 287 12.000  255.00   -5.06    0.00    0.00    0.00
    422 0 2013 287 13.000  244.00   -7.14    0.00    0.00    0.00
    423 0 2013 287 14.000  225.20   -6.21    0.00    0.00    0.00
    424 0 2013 287 15.000  202.30   -4.62    0.00    0.00    0.00
    425 0 2013 287 16.000  178.40   -5.85    0.00    0.00    0.00
    426 0 2013 287 17.000  162.70   -5.28    0.00    0.00    0.00
    427 0 2013 287 18.000  156.30   -5.49    0.00    0.00    0.00
    428 0 2013 287 19.000  162.80   -6.08    0.00    0.00    0.00
    429 0 2013 287 20.000  184.40   -4.55    0.00    0.00    0.00
    430 0 2013 287 21.000  210.75   -5.70    0.00    0.00    0.00
    431 0 2013 287 22.000  237.30   -6.17    0.00    0.00    0.00
    432 0 2013 287 23.000  257.00   -6.59    0.00    0.00    0.00
    433 0 2013 288  0.000  265.30   -6.96    0.00    0.00    0.00
    434 0 2013 288  1.000  258.20   -8.21    0.00    0.00    0.00
    435 0 2013 288  2.000  243.50   -2.83    0.00    0.00    0.00
    436 0 2013 288  3.000  209.50   -7.61    0.00    0.00    0.00
    437 0 2013 288  4.000  177.20   -9.17    0.00    0.00    0.00
    438 0 2013 288  5.000  152.20   -8.56    0.00    0.00    0.00
    439 0 2013 288  6.000  133.90  -11.51    0.00    0.00    0.00
    440 0 2013 288  7.000  135.60   -8.97    0.00    0.00    0.00
    441 0 2013 288  8.000  148.60  -11.16    0.00    0.00    0.00
    442 0 2013 288  9.000  177.50   -9.80    0.00    0.00    0.00
    443 0 2013 288 10.000  210.80   -8.71    0.00    0.00    0.00
    444 0 2013 288 11.000  240.70   -7.70    0.00    0.00    0.00
    445 0 2013 288 12.000  260.20   -7.44    0.00    0.00    0.00
    446 0 2013 288 13.000  264.50   -8.09    0.00    0.00    0.00
    447 0 2013 288 14.000  253.60   -7.70    0.00    0.00    0.00
    448 0 2013 288 15.000  232.60   -3.86    0.00    0.00    0.00
    449 0 2013 288 16.000  196.10   -8.87    0.00    0.00    0.00
    450 0 2013 288 17.000  163.00  -11.86    0.00    0.00    0.00
    451 0 2013 288 18.000  143.70   -9.40    0.00    0.00    0.00
    452 0 2013 288 19.000  132.50  -12.76    0.00    0.00    0.00
    453 0 2013 288 20.000  146.70   -7.77    0.00    0.00    0.00
    454 0 2013 288 21.000  169.50   -9.61    0.00    0.00    0.00
    455 0 2013 288 22.000  205.90   -6.43    0.00    0.00    0.00
    456 0 2013 288 23.000  237.70   -7.18    0.00    0.00    0.00
    457 0 2013 289  0.000  263.70   -4.82    0.00    0.00    0.00
    458 0 2013 289  1.000  271.20   -6.24    0.00    0.00    0.00
    459 0 2013 289  2.000  263.30   -5.40    0.00    0.00    0.00
    460 0 2013 289  3.000  239.70   -3.86    0.00    0.00    0.00
    461 0 2013 289  4.000  200.60   -7.55    0.00    0.00    0.00
    462 0 2013 289  5.000  164.50   -7.06    0.00    0.00    0.00
    463 0 2013 289  6.000  134.70   -7.89    0.00    0.00    0.00
    464 0 2013 289  7.000  119.80   -8.15    0.00    0.00    0.00
    465 0 2013 289  8.000  124.60   -7.05    0.00    0.00    0.00
    466 0 2013 289  9.000  147.90   -5.84    0.00    0.00    0.00
    467 0 2013 289 10.000  184.50   -4.50    0.00    0.00    0.00
    468 0 2013 289 11.000  221.70   -6.38    0.00    0.00    0.00
    469 0 2013 289 12.000  255.30   -5.78    0.00    0.00    0.00
    470 0 2013 289 13.000  274.40   -6.11    0.00    0.00    0.00
    471 0 2013 289 14.000  274.70   -7.23    0.00    0.00    0.00
    472 0 2013 289 15.000  259.90   -4.51    0.00    0.00    0.00
    473 0 2013 289 16.000  224.30   -7.49    0.00    0.00    0.00
    474 0 2013 289 17.000  183.90   -8.78    0.00    0.00    0.00
    475 0 2013 289 18.000  147.90   -9.62    0.00    0.00    0.00
    476 0 2013 289 19.000  123.60  -11.34    0.00    0.00    0.00
    477 0 2013 289 20.000  120.50   -9.87    0.00    0.00    0.00
    478 0 2013 289 21.000  135.50  -10.03    0.00    0.00    0.00
    479 0 2013 289 22.000  168.10   -9.07    0.00    0.00    0.00
    480 0 2013 289 23.000  208.30   -8.21    0.00    0.00    0.00
    481 0 2013 290  0.000  249.00   -3.27    0.00    0.00    0.00
    482 0 2013 290  1.000  270.60   -4.58    0.00    0.00    0.00
    483 0 2013 290  2.000  276.80   -3.14    0.00    0.00    0.00
    484 0 2013 290  3.000  258.70   -6.18    0.00    0.00    0.00
    485 0 2013 290  4.000  225.80   -6.70    0.00    0.00    0.00
    486 0 2013 290  5.000  181.10   -9.61    0.00    0.00    0.00
    487 0 2013 290  6.000  143.50   -7.44    0.00    0.00    0.00
    488 0 2013 290  7.000  114.10   -9.37    0.00    0.00    0.00
    489 0 2013 290  8.000  107.90   -6.62    0.00    0.00    0.00
    490 0 2013 290  9.000  119.10   -7.36    0.00    0.00    0.00
    491 0 2013 290 10.000  153.90   -3.67    0.00    0.00    0.00
    492 0 2013 290 11.000  194.50   -6.03    0.00    0.00    0.00
    493 0 2013 290 12.000  239.30   -4.38    0.00    0.00    0.00
    494 0 2013 290 13.000  270.60   -5.40    0.00    0.00    0.00
    495 0 2013 290 14.000  286.10   -4.56    0.00    0.00    0.00
    496 0 2013 290 15.000  276.25   -8.37    0.00    0.00    0.00
    497 0 2013 290 16.000  252.30   -5.96    0.00    0.00    0.00
    498 0 2013 290 17.000  209.90   -7.38    0.00    0.00    0.00
    499 0 2013 290 18.000  167.05   -5.92    0.00    0.00    0.00
    500 0 2013 290 19.000  134.70   -2.87    0.00    0.00    0.00
    501 0 2013 290 20.000  112.70   -6.64    0.00    0.00    0.00
    502 0 2013 290 21.000  118.30   -3.74    0.00    0.00    0.00
    503 0 2013 290 22.000  141.80   -3.81    0.00    0.00    0.00
    504 0 2013 290 23.000  183.10   -1.51    0.00    0.00    0.00
    505 0 2013 291  0.000  226.80   -0.89    0.00    0.00    0.00
    506 0 2013 291  1.000  257.30   -4.90    0.00    0.00    0.00
    507 0 2013 291  2.000  276.40   -3.37    0.00    0.00    0.00
    508 0 2013 291  3.000  271.60   -5.34    0.00    0.00    0.00
    509 0 2013 291  4.000  249.80   -3.69    0.00    0.00    0.00
    510 0 2013 291  5.000  206.90   -6.82    0.00    0.00    0.00
    511 0 2013 291  6.000  162.50   -5.67    0.00    0.00    0.00
    512 0 2013 291  7.000  124.00   -6.12    0.00    0.00    0.00
    513 0 2013 291  8.000  104.20   -5.05    0.00    0.00    0.00
    514 0 2013 291  9.000  102.30   -7.41    0.00    0.00    0.00
    515 0 2013 291 10.000  129.10   -2.79    0.00    0.00    0.00
    516 0 2013 291 11.000  170.30   -1.62    0.00    0.00    0.00
    517 0 2013 291 12.000  219.10   -0.65    0.00    0.00    0.00
    518 0 2013 291 13.000  261.20   -0.83    0.00    0.00    0.00
    519 0 2013 291 14.000  288.80    0.22    0.00    0.00    0.00
    520 0 2013 291 15.000  294.30   -0.36    0.00    0.00    0.00
    521 0 2013 291 16.000  275.10   -3.76    0.00    0.00    0.00
    522 0 2013 291 17.000  239.90   -3.30    0.00    0.00    0.00
    523 0 2013 291 18.000  191.20   -4.99    0.00    0.00    0.00
    524 0 2013 291 19.000  147.60   -3.89    0.00    0.00    0.00
    525 0 2013 291 20.000  115.40   -5.70    0.00    0.00    0.00
    526 0 2013 291 21.000  105.60   -5.57    0.00    0.00    0.00
    527 0 2013 291 22.000  118.30   -5.11    0.00    0.00    0.00
    528 0 2013 291 23.000  151.10   -4.60    0.00    0.00    0.00
    529 0 2013 292  0.000  194.90   -4.81    0.00    0.00    0.00
    530 0 2013 292  1.000  233.30   -8.66    0.00    0.00    0.00
    531 0 2013 292  2.000  264.80   -5.69    0.00    0.00    0.00
    532 0 2013 292  3.000  273.70   -5.72    0.00    0.00    0.00
    533 0 2013 292  4.000  262.40   -4.86    0.00    0.00    0.00
    534 0 2013 292  5.000  230.30   -5.07    0.00    0.00    0.00
    535 0 2013 292  6.000  187.60   -3.05    0.00    0.00    0.00
    536 0 2013 292  7.000  145.50   -0.66    0.00    0.00    0.00
    537 0 2013 292  8.000  115.10    0.12    0.00    0.00    0.00
    538 0 2013 292  9.000  100.80   -3.47    0.00    0.00    0.00
    539 0 2013 292 10.000  115.00   -0.80    0.00    0.00    0.00
    540 0 2013 292 11.000  147.80   -0.19    0.00    0.00    0.00
    541 0 2013 292 12.000  193.00   -1.19    0.00    0.00    0.00
    542 0 2013 292 13.000  240.60   -1.30    0.00    0.00    0.00
    543 0 2013 292 14.000  276.50   -1.64    0.00    0.00    0.00
    544 0 2013 292 15.000  294.90   -0.46    0.00    0.00    0.00
    545 0 2013 292 16.000  289.80   -1.27    0.00    0.00    0.00
    546 0 2013 292 17.000  267.40    2.11    0.00    0.00    0.00
    547 0 2013 292 18.000  222.50   -0.02    0.00    0.00    0.00
    548 0 2013 292 19.000  176.60    2.43    0.00    0.00    0.00
    549 0 2013 292 20.000  137.80    3.45    0.00    0.00    0.00
    550 0 2013 292 21.000  116.60    3.86    0.00    0.00    0.00
    551 0 2013 292 22.000  115.60    2.61    0.00    0.00    0.00
    552 0 2013 292 23.000  136.20    1.31    0.00    0.00    0.00
    553 0 2013 293  0.000  173.70    0.03    0.00    0.00    0.00
    554 0 2013 293  1.000  216.30   -1.86    0.00    0.00    0.00
    555 0 2013 293  2.000  250.60   -4.11    0.00    0.00    0.00
    556 0 2013 293  3.000  275.90    1.81    0.00    0.00    0.00
    557 0 2013 293  4.000  272.80   -0.32    0.00    0.00    0.00
    558 0 2013 293  5.000  253.80    1.97    0.00    0.00    0.00
    559 0 2013 293  6.000  212.95   -0.78    0.00    0.00    0.00
    560 0 2013 293  7.000  173.20    4.55    0.00    0.00    0.00
    561 0 2013 293  8.000  140.00    9.68    0.00    0.00    0.00
    562 0 2013 293  9.000  114.90    5.50    0.00    0.00    0.00
    563 0 2013 293 10.000  112.00    1.92    0.00    0.00    0.00
    564 0 2013 293 11.000  133.10    0.92    0.00    0.00    0.00
    565 0 2013 293 12.000  172.40    0.64    0.00    0.00    0.00
    566 0 2013 293 13.000  219.60    0.29    0.00    0.00    0.00
    567 0 2013 293 14.000  262.00    0.33    0.00    0.00    0.00
    568 0 2013 293 15.000  288.40   -0.05    0.00    0.00    0.00
    569 0 2013 293 16.000  297.60    2.50    0.00    0.00    0.00
    570 0 2013 293 17.000  284.00    3.33    0.00    0.00    0.00
    571 0 2013 293 18.000  252.00    5.02    0.00    0.00    0.00
    572 0 2013 293 19.000  207.70    6.21    0.00    0.00    0.00
    573 0 2013 293 20.000  162.60    5.59    0.00    0.00    0.00
    574 0 2013 293 21.000  133.65    7.93    0.00    0.00    0.00
    575 0 2013 293 22.000  125.80   11.47    0.00    0.00    0.00
    576 0 2013 293 23.000  133.30    8.76    0.00    0.00    0.00
    577 0 2013 294  0.000  163.80    9.77    0.00    0.00    0.00
    578 0 2013 294  1.000  204.10    9.08    0.00    0.00    0.00
    579 0 2013 294  2.000  244.60    9.54    0.00    0.00    0.00
    580 0 2013 294  3.000  273.00   10.28    0.00    0.00    0.00
    581 0 2013 294  4.000  277.90    5.82    0.00    0.00    0.00
    582 0 2013 294  5.000  271.10    9.31    0.00    0.00    0.00
    583 0 2013 294  6.000  241.90    8.45    0.00    0.00    0.00
    584 0 2013 294  7.000  200.50    7.18    0.00    0.00    0.00
    585 0 2013 294  8.000  163.10   10.26    0.00    0.00    0.00
    586 0 2013 294  9.000  128.80    4.77    0.00    0.00    0.00
    587 0 2013 294 10.000  119.60    5.38    0.00    0.00    0.00
    588 0 2013 294 11.000  135.10    9.67    0.00    0.00    0.00
    589 0 2013 294 12.000  159.40    3.78    0.00    0.00    0.00
    590 0 2013 294 13.000  204.50    6.38    0.00    0.00    0.00
    591 0 2013 294 14.000  246.70    4.90    0.00    0.00    0.00
    592 0 2013 294 15.000  282.10    6.74    0.00    0.00    0.00
    593 0 2013 294 16.000  297.80    5.96    0.00    0.00    0.00
    594 0 2013 294 17.000  292.90    4.26    0.00    0.00    0.00
    595 0 2013 294 18.000  272.60    6.52    0.00    0.00    0.00
    596 0 2013 294 19.000  235.30    6.86    0.00    0.00    0.00
    597 0 2013 294 20.000  189.70    4.45    0.00    0.00    0.00
    598 0 2013 294 21.000  156.90    8.61    0.00    0.00    0.00
    599 0 2013 294 22.000  135.90    9.21    0.00    0.00    0.00
    600 0 2013 294 23.000  133.90    8.95    0.00    0.00    0.00
    601 0 2013 295  0.000  154.20   11.04    0.00    0.00    0.00
    602 0 2013 295  1.000  186.90   10.50    0.00    0.00    0.00
    603 0 2013 295  2.000  222.20    7.45    0.00    0.00    0.00
    604 0 2013 295  3.000  258.20   11.23    0.00    0.00    0.00
    605 0 2013 295  4.000  275.60   10.56    0.00    0.00    0.00
    606 0 2013 295  5.000  276.10   10.75    0.00    0.00    0.00
    607 0 2013 295  6.000  256.50    8.76    0.00    0.00    0.00
    608 0 2013 295  7.000  225.60    9.61    0.00    0.00    0.00
    609 0 2013 295  8.000  187.40    8.88    0.00    0.00    0.00
    610 0 2013 295  9.000  154.30    8.24    0.00    0.00    0.00
    611 0 2013 295 10.000  137.40    9.91    0.00    0.00    0.00
    612 0 2013 295 11.000  138.00   10.38    0.00    0.00    0.00
    613 0 2013 295 12.000  159.20   12.22    0.00    0.00    0.00
    614 0 2013 295 13.000  187.10    5.81    0.00    0.00    0.00
    615 0 2013 295 14.000  225.50    3.80    0.00    0.00    0.00
    616 0 2013 295 15.000  264.90    7.01    0.00    0.00    0.00
    617 0 2013 295 16.000  286.90    5.03    0.00    0.00    0.00
    618 0 2013 295 17.000  297.40    8.25    0.00    0.00    0.00
    619 0 2013 295 18.000  282.60    4.46    0.00    0.00    0.00
    620 0 2013 295 19.000  254.00    3.12    0.00    0.00    0.00
    621 0 2013 295 20.000  217.30    3.36    0.00    0.00    0.00
    622 0 2013 295 21.000  185.90    9.12    0.00    0.00    0.00
    623 0 2013 295 22.000  152.05    3.59    0.00    0.00    0.00
    624 0 2013 295 23.000  143.10    7.40    0.00    0.00    0.00
    625 0 2013 296  0.000  153.10   11.37    0.00    0.00    0.00
    626 0 2013 296  1.000  172.30    7.65    0.00    0.00    0.00
    627 0 2013 296  2.000  209.60   12.51    0.00    0.00    0.00
    628 0 2013 296  3.000  244.70   15.46    0.00    0.00    0.00
    629 0 2013 296  4.000  259.30    6.46    0.00    0.00    0.00
    630 0 2013 296  5.000  271.70    9.17    0.00    0.00    0.00
    631 0 2013 296  6.000  259.10    3.32    0.00    0.00    0.00
    632 0 2013 296  7.000  242.30    8.36    0.00    0.00    0.00
    633 0 2013 296  8.000  207.10    4.08    0.00    0.00    0.00
    634 0 2013 296  9.000  178.00    6.28    0.00    0.00    0.00
    635 0 2013 296 10.000  156.85    8.69    0.00    0.00    0.00
    636 0 2013 296 11.000  141.50    3.01    0.00    0.00    0.00
    637 0 2013 296 12.000  154.00    7.76    0.00    0.00    0.00
    638 0 2013 296 13.000  179.20    8.88    0.00    0.00    0.00
    639 0 2013 296 14.000  211.60    7.45    0.00    0.00    0.00
    640 0 2013 296 15.000  246.10    7.42    0.00    0.00    0.00
    641 0 2013 296 16.000  274.70    8.34    0.00    0.00    0.00
    642 0 2013 296 17.000  288.90    6.88    0.00    0.00    0.00
    643 0 2013 296 18.000  289.30    7.13    0.00    0.00    0.00
    644 0 2013 296 19.000  274.00    7.72    0.00    0.00    0.00
    645 0 2013 296 20.000  244.70    6.25    0.00    0.00    0.00
    646 0 2013 296 21.000  211.40    5.45    0.00    0.00    0.00
    647 0 2013 296 22.000  178.30    2.19    0.00    0.00    0.00
