                                                                                
                                                                                
                                                                                
                                                                                
                                                                                
                                                                                
                                                                                
                                                                                
                                                                                
                                                                                
                                                                                
                                                                                
                                                                                
                                                                                
                                                                                
                                                                                
                                                                                
                                                                                
                                                                                
                                                                                
      1 1 2018 274  0.000 9999.99    0.00    0.00    0.00    0.00
      2 0 2018 274  1.000   91.33   -0.28    0.00    0.00    0.00
      3 0 2018 274  2.000   96.57    0.23    0.00    0.00    0.00
      4 0 2018 274  3.000  102.54   -1.96    0.00    0.00    0.00
      5 0 2018 274  4.000  112.84   -0.71    0.00    0.00    0.00
      6 0 2018 274  5.000  120.38   -1.47    0.00    0.00    0.00
      7 1 2018 274  6.000 9999.99    0.00    0.00    0.00    0.00
      8 0 2018 274  7.000  126.93   -0.36    0.00    0.00    0.00
      9 0 2018 274  8.000  120.54   -0.66    0.00    0.00    0.00
     10 0 2018 274  9.000  110.49   -1.18    0.00    0.00    0.00
     11 1 2018 274 10.000 9999.99    0.00    0.00    0.00    0.00
     12 1 2018 274 11.000 9999.99    0.00    0.00    0.00    0.00
     13 0 2018 274 12.000   88.29    0.05    0.00    0.00    0.00
     14 0 2018 274 13.000   86.61   -0.85    0.00    0.00    0.00
     15 0 2018 274 14.000   90.43   -1.71    0.00    0.00    0.00
     16 0 2018 274 15.000   99.35   -1.20    0.00    0.00    0.00
     17 0 2018 274 16.000  110.53    0.26    0.00    0.00    0.00
     18 0 2018 274 17.000  119.30   -0.57    0.00    0.00    0.00
     19 0 2018 274 18.000  127.42   -0.41    0.00    0.00    0.00
     20 0 2018 274 19.000  130.35   -1.23    0.00    0.00    0.00
     21 0 2018 274 20.000  128.96   -0.73    0.00    0.00    0.00
     22 0 2018 274 21.000  123.93    0.32    0.00    0.00    0.00
     23 0 2018 274 22.000  116.10    0.30    0.00    0.00    0.00
     24 0 2018 274 23.000  107.71    0.17    0.00    0.00    0.00
     25 0 2018 275  0.000  100.51    0.65    0.00    0.00    0.00
     26 0 2018 275  1.000   93.98   -0.98    0.00    0.00    0.00
     27 0 2018 275  2.000   95.37    0.74    0.00    0.00    0.00
     28 0 2018 275  3.000   97.96   -0.34    0.00    0.00    0.00
     29 0 2018 275  4.000  104.07   -0.14    0.00    0.00    0.00
     30 0 2018 275  5.000  110.69   -0.59    0.00    0.00    0.00
     31 0 2018 275  6.000  118.33    0.08    0.00    0.00    0.00
     32 0 2018 275  7.000  122.08   -0.37    0.00    0.00    0.00
     33 0 2018 275  8.000  120.32   -1.42    0.00    0.00    0.00
     34 0 2018 275  9.000  116.77   -0.04    0.00    0.00    0.00
     35 0 2018 275 10.000  109.91   -0.03    0.00    0.00    0.00
     36 1 2018 275 11.000   94.98    0.00    0.00    0.00    0.00
     37 0 2018 275 12.000   94.55   -0.85    0.00    0.00    0.00
     38 0 2018 275 13.000   88.69   -2.03    0.00    0.00    0.00
     39 1 2018 275 14.000 9999.99    0.00    0.00    0.00    0.00
     40 1 2018 275 15.000 9999.99    0.00    0.00    0.00    0.00
     41 0 2018 275 16.000  101.74    1.21    0.00    0.00    0.00
     42 0 2018 275 17.000  109.64    1.41    0.00    0.00    0.00
     43 0 2018 275 18.000  116.23   -0.53    0.00    0.00    0.00
     44 0 2018 275 19.000  122.32   -1.59    0.00    0.00    0.00
     45 0 2018 275 20.000  126.53   -0.63    0.00    0.00    0.00
     46 0 2018 275 21.000  128.26    1.95    0.00    0.00    0.00
     47 0 2018 275 22.000  122.38   -0.48    0.00    0.00    0.00
     48 0 2018 275 23.000  116.44   -1.00    0.00    0.00    0.00
     49 0 2018 276  0.000  108.60   -1.57    0.00    0.00    0.00
     50 0 2018 276  1.000  102.56   -0.26    0.00    0.00    0.00
     51 0 2018 276  2.000   98.83    0.78    0.00    0.00    0.00
     52 1 2018 276  3.000 9999.99    0.00    0.00    0.00    0.00
     53 1 2018 276  4.000 9999.99    0.00    0.00    0.00    0.00
     54 1 2018 276  5.000 9999.99    0.00    0.00    0.00    0.00
     55 0 2018 276  6.000  106.43   -0.80    0.00    0.00    0.00
     56 0 2018 276  7.000  117.41    3.87    0.00    0.00    0.00
     57 0 2018 276  8.000  119.97    2.59    0.00    0.00    0.00
     58 0 2018 276  9.000  118.87    1.21    0.00    0.00    0.00
     59 0 2018 276 10.000  116.62    1.10    0.00    0.00    0.00
     60 0 2018 276 11.000  110.84   -0.70    0.00    0.00    0.00
     61 0 2018 276 12.000  106.68    1.16    0.00    0.00    0.00
     62 0 2018 276 13.000   99.15    0.36    0.00    0.00    0.00
     63 0 2018 276 14.000   95.69    1.49    0.00    0.00    0.00
     64 0 2018 276 15.000   92.67   -0.43    0.00    0.00    0.00
     65 0 2018 276 16.000   94.52   -0.09    0.00    0.00    0.00
     66 0 2018 276 17.000   99.24    0.97    0.00    0.00    0.00
     67 0 2018 276 18.000  106.98    2.32    0.00    0.00    0.00
     68 0 2018 276 19.000  113.41    0.59    0.00    0.00    0.00
     69 0 2018 276 20.000  121.15    1.28    0.00    0.00    0.00
     70 0 2018 276 21.000  125.97    1.94    0.00    0.00    0.00
     71 0 2018 276 22.000  126.47    0.72    0.00    0.00    0.00
     72 0 2018 276 23.000  126.13    0.97    0.00    0.00    0.00
     73 0 2018 277  0.000  120.45   -0.63    0.00    0.00    0.00
     74 0 2018 277  1.000  114.58    0.81    0.00    0.00    0.00
     75 0 2018 277  2.000  104.44   -1.56    0.00    0.00    0.00
     76 0 2018 277  3.000  101.90    1.74    0.00    0.00    0.00
     77 0 2018 277  4.000   97.52    1.11    0.00    0.00    0.00
     78 0 2018 277  5.000   95.50    0.67    0.00    0.00    0.00
     79 0 2018 277  6.000   96.70   -0.07    0.00    0.00    0.00
     80 0 2018 277  7.000  101.84   -0.50    0.00    0.00    0.00
     81 0 2018 277  8.000  109.81    0.93    0.00    0.00    0.00
     82 0 2018 277  9.000  113.07   -0.75    0.00    0.00    0.00
     83 0 2018 277 10.000  116.10   -0.76    0.00    0.00    0.00
     84 0 2018 277 11.000  118.97    0.92    0.00    0.00    0.00
     85 0 2018 277 12.000  117.28    1.27    0.00    0.00    0.00
     86 0 2018 277 13.000  113.11    2.89    0.00    0.00    0.00
     87 0 2018 277 14.000  106.38    3.32    0.00    0.00    0.00
     88 0 2018 277 15.000   97.65    0.22    0.00    0.00    0.00
     89 0 2018 277 16.000   97.24    3.27    0.00    0.00    0.00
     90 0 2018 277 17.000   93.98    1.43    0.00    0.00    0.00
     91 0 2018 277 18.000   94.54    0.08    0.00    0.00    0.00
     92 0 2018 277 19.000  103.35    2.73    0.00    0.00    0.00
     93 0 2018 277 20.000  111.91    2.73    0.00    0.00    0.00
     94 0 2018 277 21.000  117.34    0.11    0.00    0.00    0.00
     95 0 2018 277 22.000  124.27    0.50    0.00    0.00    0.00
     96 0 2018 277 23.000  128.65    0.14    0.00    0.00    0.00
     97 0 2018 278  0.000  130.56    0.93    0.00    0.00    0.00
     98 0 2018 278  1.000  128.27    2.91    0.00    0.00    0.00
     99 0 2018 278  2.000  119.34    2.30    0.00    0.00    0.00
    100 0 2018 278  3.000  107.61   -0.26    0.00    0.00    0.00
    101 0 2018 278  4.000  101.56    1.90    0.00    0.00    0.00
    102 0 2018 278  5.000   94.96    1.98    0.00    0.00    0.00
    103 0 2018 278  6.000   92.34    2.73    0.00    0.00    0.00
    104 0 2018 278  7.000   96.43    4.89    0.00    0.00    0.00
    105 0 2018 278  8.000  100.00    2.01    0.00    0.00    0.00
    106 0 2018 278  9.000  107.33    1.32    0.00    0.00    0.00
    107 1 2018 278 10.000 9999.99    0.00    0.00    0.00    0.00
    108 1 2018 278 11.000 9999.99    0.00    0.00    0.00    0.00
    109 0 2018 278 12.000  123.94    0.17    0.00    0.00    0.00
    110 0 2018 278 13.000  121.23   -0.81    0.00    0.00    0.00
    111 0 2018 278 14.000  114.93   -0.42    0.00    0.00    0.00
    112 0 2018 278 15.000  108.03    1.25    0.00    0.00    0.00
    113 0 2018 278 16.000   99.73    0.91    0.00    0.00    0.00
    114 0 2018 278 17.000   89.89   -2.44    0.00    0.00    0.00
    115 0 2018 278 18.000   88.21   -0.58    0.00    0.00    0.00
    116 0 2018 278 19.000   89.11   -1.31    0.00    0.00    0.00
    117 0 2018 278 20.000   93.65   -3.74    0.00    0.00    0.00
    118 0 2018 278 21.000  104.10   -3.12    0.00    0.00    0.00
    119 0 2018 278 22.000  114.84   -2.63    0.00    0.00    0.00
    120 0 2018 278 23.000  126.64   -0.27    0.00    0.00    0.00
    121 0 2018 279  0.000  134.70    1.16    0.00    0.00    0.00
    122 0 2018 279  1.000  133.42   -1.02    0.00    0.00    0.00
    123 0 2018 279  2.000  130.37    1.73    0.00    0.00    0.00
    124 0 2018 279  3.000  119.05    0.60    0.00    0.00    0.00
    125 0 2018 279  4.000  106.58   -0.33    0.00    0.00    0.00
    126 1 2018 279  5.000 9999.99    0.00    0.00    0.00    0.00
    127 0 2018 279  6.000   86.44   -0.88    0.00    0.00    0.00
    128 0 2018 279  7.000   83.21   -0.86    0.00    0.00    0.00
    129 0 2018 279  8.000   84.83   -2.63    0.00    0.00    0.00
    130 0 2018 279  9.000   94.04   -1.85    0.00    0.00    0.00
    131 0 2018 279 10.000  106.07   -0.59    0.00    0.00    0.00
    132 1 2018 279 11.000  125.64    0.00    0.00    0.00    0.00
    133 0 2018 279 12.000  126.56   -0.31    0.00    0.00    0.00
    134 0 2018 279 13.000  129.98   -0.85    0.00    0.00    0.00
    135 0 2018 279 14.000  125.68   -2.16    0.00    0.00    0.00
    136 0 2018 279 15.000  117.03   -2.29    0.00    0.00    0.00
    137 0 2018 279 16.000  106.93   -1.45    0.00    0.00    0.00
    138 0 2018 279 17.000   96.36   -1.11    0.00    0.00    0.00
    139 0 2018 279 18.000   87.50   -1.24    0.00    0.00    0.00
    140 0 2018 279 19.000   84.70   -0.16    0.00    0.00    0.00
    141 0 2018 279 20.000   87.02   -0.58    0.00    0.00    0.00
    142 0 2018 279 21.000   96.33    0.16    0.00    0.00    0.00
    143 0 2018 279 22.000  108.32    0.20    0.00    0.00    0.00
    144 0 2018 279 23.000  121.78    0.74    0.00    0.00    0.00
    145 0 2018 280  0.000  131.76   -0.60    0.00    0.00    0.00
    146 0 2018 280  1.000  137.54   -1.19    0.00    0.00    0.00
    147 0 2018 280  2.000  135.98   -1.67    0.00    0.00    0.00
    148 0 2018 280  3.000  127.37   -2.10    0.00    0.00    0.00
    149 0 2018 280  4.000  114.82   -1.98    0.00    0.00    0.00
    150 0 2018 280  5.000  102.14   -0.48    0.00    0.00    0.00
    151 0 2018 280  6.000   88.31   -1.49    0.00    0.00    0.00
    152 0 2018 280  7.000   77.21   -4.31    0.00    0.00    0.00
    153 0 2018 280  8.000   78.61   -1.61    0.00    0.00    0.00
    154 0 2018 280  9.000   82.96   -3.15    0.00    0.00    0.00
    155 0 2018 280 10.000   96.92   -0.48    0.00    0.00    0.00
    156 0 2018 280 11.000  110.25   -1.21    0.00    0.00    0.00
    157 0 2018 280 12.000  125.87    0.74    0.00    0.00    0.00
    158 0 2018 280 13.000  134.68    0.04    0.00    0.00    0.00
    159 0 2018 280 14.000  137.23    0.22    0.00    0.00    0.00
    160 0 2018 280 15.000  131.42   -0.31    0.00    0.00    0.00
    161 0 2018 280 16.000  119.69   -1.03    0.00    0.00    0.00
    162 0 2018 280 17.000  106.33   -0.67    0.00    0.00    0.00
    163 0 2018 280 18.000   94.24    0.33    0.00    0.00    0.00
    164 0 2018 280 19.000   85.25    0.38    0.00    0.00    0.00
    165 0 2018 280 20.000   82.15   -0.23    0.00    0.00    0.00
    166 0 2018 280 21.000   87.56    0.49    0.00    0.00    0.00
    167 0 2018 280 22.000   97.93    0.17    0.00    0.00    0.00
    168 0 2018 280 23.000  112.82    0.68    0.00    0.00    0.00
    169 0 2018 281  0.000  126.69   -0.16    0.00    0.00    0.00
    170 0 2018 281  1.000  137.15   -0.70    0.00    0.00    0.00
    171 0 2018 281  2.000  141.80   -0.11    0.00    0.00    0.00
    172 0 2018 281  3.000  137.11   -0.84    0.00    0.00    0.00
    173 0 2018 281  4.000  124.52   -2.57    0.00    0.00    0.00
    174 0 2018 281  5.000  109.43   -2.49    0.00    0.00    0.00
    175 0 2018 281  6.000   95.63   -0.48    0.00    0.00    0.00
    176 0 2018 281  7.000   82.61   -1.10    0.00    0.00    0.00
    177 0 2018 281  8.000   77.31   -0.47    0.00    0.00    0.00
    178 0 2018 281  9.000   79.55    0.09    0.00    0.00    0.00
    179 0 2018 281 10.000   86.96   -1.39    0.00    0.00    0.00
    180 0 2018 281 11.000  103.39    0.62    0.00    0.00    0.00
    181 0 2018 281 12.000  118.78   -0.53    0.00    0.00    0.00
    182 0 2018 281 13.000  131.17   -2.17    0.00    0.00    0.00
    183 0 2018 281 14.000  139.15   -1.82    0.00    0.00    0.00
    184 0 2018 281 15.000  139.56   -1.03    0.00    0.00    0.00
    185 0 2018 281 16.000  132.07   -0.55    0.00    0.00    0.00
    186 0 2018 281 17.000  116.89   -2.07    0.00    0.00    0.00
    187 0 2018 281 18.000  103.20    0.02    0.00    0.00    0.00
    188 0 2018 281 19.000   88.35   -1.49    0.00    0.00    0.00
    189 0 2018 281 20.000   81.96   -0.49    0.00    0.00    0.00
    190 0 2018 281 21.000   80.12   -2.17    0.00    0.00    0.00
    191 0 2018 281 22.000   85.87   -3.34    0.00    0.00    0.00
    192 0 2018 281 23.000   99.67   -2.47    0.00    0.00    0.00
    193 0 2018 282  0.000  116.94   -1.27    0.00    0.00    0.00
    194 0 2018 282  1.000  130.15   -2.52    0.00    0.00    0.00
    195 0 2018 282  2.000  140.12   -1.06    0.00    0.00    0.00
    196 0 2018 282  3.000  140.67   -1.24    0.00    0.00    0.00
    197 0 2018 282  4.000  133.69   -1.32    0.00    0.00    0.00
    198 0 2018 282  5.000  120.49   -1.23    0.00    0.00    0.00
    199 0 2018 282  6.000  103.69   -1.32    0.00    0.00    0.00
    200 0 2018 282  7.000   89.91    0.27    0.00    0.00    0.00
    201 0 2018 282  8.000   78.71   -1.12    0.00    0.00    0.00
    202 0 2018 282  9.000   76.81   -0.50    0.00    0.00    0.00
    203 0 2018 282 10.000   81.70   -0.46    0.00    0.00    0.00
    204 0 2018 282 11.000   94.11    0.11    0.00    0.00    0.00
    205 0 2018 282 12.000  110.68   -0.08    0.00    0.00    0.00
    206 0 2018 282 13.000  127.39   -0.34    0.00    0.00    0.00
    207 0 2018 282 14.000  139.24   -0.51    0.00    0.00    0.00
    208 0 2018 282 15.000  143.57   -0.63    0.00    0.00    0.00
    209 0 2018 282 16.000  139.80   -1.02    0.00    0.00    0.00
    210 0 2018 282 17.000  129.63   -0.62    0.00    0.00    0.00
    211 0 2018 282 18.000  116.20    1.56    0.00    0.00    0.00
    212 0 2018 282 19.000   98.78    0.19    0.00    0.00    0.00
    213 0 2018 282 20.000   86.75   -0.30    0.00    0.00    0.00
    214 0 2018 282 21.000   83.16    0.79    0.00    0.00    0.00
    215 0 2018 282 22.000   86.53    1.88    0.00    0.00    0.00
    216 0 2018 282 23.000   93.52   -0.16    0.00    0.00    0.00
    217 0 2018 283  0.000  109.62    1.36    0.00    0.00    0.00
    218 0 2018 283  1.000  126.38    2.07    0.00    0.00    0.00
    219 0 2018 283  2.000  136.45    0.07    0.00    0.00    0.00
    220 0 2018 283  3.000  141.90    0.60    0.00    0.00    0.00
    221 0 2018 283  4.000  138.80    0.01    0.00    0.00    0.00
    222 0 2018 283  5.000  130.73    1.30    0.00    0.00    0.00
    223 0 2018 283  6.000  114.94    0.34    0.00    0.00    0.00
    224 0 2018 283  7.000   99.50    1.34    0.00    0.00    0.00
    225 0 2018 283  8.000   85.25   -0.07    0.00    0.00    0.00
    226 0 2018 283  9.000   79.64    0.47    0.00    0.00    0.00
    227 0 2018 283 10.000   81.00    0.98    0.00    0.00    0.00
    228 0 2018 283 11.000   88.09    0.41    0.00    0.00    0.00
    229 0 2018 283 12.000  100.93   -0.82    0.00    0.00    0.00
    230 0 2018 283 13.000  119.15    0.05    0.00    0.00    0.00
    231 0 2018 283 14.000  133.28   -0.91    0.00    0.00    0.00
    232 0 2018 283 15.000  145.01    2.21    0.00    0.00    0.00
    233 0 2018 283 16.000  145.54    1.61    0.00    0.00    0.00
    234 0 2018 283 17.000  138.73    0.83    0.00    0.00    0.00
    235 0 2018 283 18.000  127.81    2.41    0.00    0.00    0.00
    236 0 2018 283 19.000  110.27    0.90    0.00    0.00    0.00
    237 1 2018 283 20.000   86.75    0.00    0.00    0.00    0.00
    238 0 2018 283 21.000   86.99    0.58    0.00    0.00    0.00
    239 0 2018 283 22.000   85.22    0.77    0.00    0.00    0.00
    240 0 2018 283 23.000   90.05    1.20    0.00    0.00    0.00
    241 0 2018 284  0.000   99.50   -0.03    0.00    0.00    0.00
    242 0 2018 284  1.000  117.26    2.83    0.00    0.00    0.00
    243 0 2018 284  2.000  129.51    0.99    0.00    0.00    0.00
    244 0 2018 284  3.000  139.39    2.34    0.00    0.00    0.00
    245 0 2018 284  4.000  140.82    2.31    0.00    0.00    0.00
    246 0 2018 284  5.000  136.12    2.69    0.00    0.00    0.00
    247 0 2018 284  6.000  126.08    3.65    0.00    0.00    0.00
    248 0 2018 284  7.000  110.01    2.49    0.00    0.00    0.00
    249 0 2018 284  8.000   95.10    1.86    0.00    0.00    0.00
    250 0 2018 284  9.000   85.05    1.03    0.00    0.00    0.00
    251 0 2018 284 10.000   83.29    1.92    0.00    0.00    0.00
    252 0 2018 284 11.000   87.45    2.49    0.00    0.00    0.00
    253 0 2018 284 12.000   96.46    1.72    0.00    0.00    0.00
    254 0 2018 284 13.000  109.27   -0.37    0.00    0.00    0.00
    255 0 2018 284 14.000  125.63    0.09    0.00    0.00    0.00
    256 0 2018 284 15.000  136.20   -1.13    0.00    0.00    0.00
    257 0 2018 284 16.000  144.61    2.20    0.00    0.00    0.00
    258 0 2018 284 17.000  141.82    1.08    0.00    0.00    0.00
    259 0 2018 284 18.000  134.23    1.52    0.00    0.00    0.00
    260 0 2018 284 19.000  121.19    1.67    0.00    0.00    0.00
    261 0 2018 284 20.000  106.25    1.42    0.00    0.00    0.00
    262 0 2018 284 21.000   93.42    0.04    0.00    0.00    0.00
    263 0 2018 284 22.000   87.52   -0.20    0.00    0.00    0.00
    264 0 2018 284 23.000   88.71    0.72    0.00    0.00    0.00
    265 0 2018 285  0.000   95.31    1.23    0.00    0.00    0.00
    266 0 2018 285  1.000  106.17    0.72    0.00    0.00    0.00
    267 0 2018 285  2.000  119.96    0.91    0.00    0.00    0.00
    268 0 2018 285  3.000  129.51   -0.49    0.00    0.00    0.00
    269 0 2018 285  4.000  135.56    0.52    0.00    0.00    0.00
    270 0 2018 285  5.000  135.19    1.40    0.00    0.00    0.00
    271 0 2018 285  6.000  128.52    1.59    0.00    0.00    0.00
    272 0 2018 285  7.000  115.78    0.35    0.00    0.00    0.00
    273 0 2018 285  8.000  103.70    1.65    0.00    0.00    0.00
    274 0 2018 285  9.000   93.20    2.20    0.00    0.00    0.00
    275 0 2018 285 10.000   87.11    1.86    0.00    0.00    0.00
    276 0 2018 285 11.000   87.92    2.60    0.00    0.00    0.00
    277 0 2018 285 12.000   93.14    2.19    0.00    0.00    0.00
    278 0 2018 285 13.000  104.88    3.07    0.00    0.00    0.00
    279 0 2018 285 14.000  119.16    3.30    0.00    0.00    0.00
    280 0 2018 285 15.000  132.29    3.36    0.00    0.00    0.00
    281 0 2018 285 16.000  139.36    2.13    0.00    0.00    0.00
    282 0 2018 285 17.000  142.44    3.05    0.00    0.00    0.00
    283 0 2018 285 18.000  138.45    2.83    0.00    0.00    0.00
    284 0 2018 285 19.000  129.07    2.50    0.00    0.00    0.00
    285 0 2018 285 20.000  116.67    2.49    0.00    0.00    0.00
    286 0 2018 285 21.000  104.42    2.39    0.00    0.00    0.00
    287 0 2018 285 22.000   96.18    2.63    0.00    0.00    0.00
    288 0 2018 285 23.000   93.40    3.16    0.00    0.00    0.00
    289 0 2018 286  0.000   95.18    2.90    0.00    0.00    0.00
    290 0 2018 286  1.000  102.96    3.56    0.00    0.00    0.00
    291 0 2018 286  2.000  112.37    2.17    0.00    0.00    0.00
    292 0 2018 286  3.000  123.37    2.06    0.00    0.00    0.00
    293 0 2018 286  4.000  130.47    1.46    0.00    0.00    0.00
    294 0 2018 286  5.000  130.19   -1.11    0.00    0.00    0.00
    295 0 2018 286  6.000  129.83    1.70    0.00    0.00    0.00
    296 0 2018 286  7.000  122.44    2.09    0.00    0.00    0.00
    297 0 2018 286  8.000  110.62    0.95    0.00    0.00    0.00
    298 0 2018 286  9.000   99.91    1.01    0.00    0.00    0.00
    299 0 2018 286 10.000   91.99    0.94    0.00    0.00    0.00
    300 0 2018 286 11.000   89.55    1.61    0.00    0.00    0.00
    301 0 2018 286 12.000   90.68    0.67    0.00    0.00    0.00
    302 0 2018 286 13.000   98.15    1.23    0.00    0.00    0.00
    303 1 2018 286 14.000 9999.99    0.00    0.00    0.00    0.00
    304 0 2018 286 15.000  120.23    0.77    0.00    0.00    0.00
    305 0 2018 286 16.000  129.05   -0.33    0.00    0.00    0.00
    306 0 2018 286 17.000  132.95   -1.86    0.00    0.00    0.00
    307 0 2018 286 18.000  134.22   -0.56    0.00    0.00    0.00
    308 0 2018 286 19.000  127.57   -2.11    0.00    0.00    0.00
    309 0 2018 286 20.000  117.86   -2.98    0.00    0.00    0.00
    310 0 2018 286 21.000  106.14   -4.28    0.00    0.00    0.00
    311 0 2018 286 22.000   97.80   -3.23    0.00    0.00    0.00
    312 0 2018 286 23.000   92.19   -2.73    0.00    0.00    0.00
    313 0 2018 287  0.000   89.71   -3.73    0.00    0.00    0.00
    314 1 2018 287  1.000 9999.99    0.00    0.00    0.00    0.00
    315 0 2018 287  2.000  100.25   -3.67    0.00    0.00    0.00
    316 0 2018 287  3.000  110.12   -2.85    0.00    0.00    0.00
    317 1 2018 287  4.000 9999.99    0.00    0.00    0.00    0.00
    318 1 2018 287  5.000 9999.99    0.00    0.00    0.00    0.00
    319 0 2018 287  6.000  122.13   -4.51    0.00    0.00    0.00
    320 0 2018 287  7.000  118.44   -3.81    0.00    0.00    0.00
    321 0 2018 287  8.000  112.05   -2.61    0.00    0.00    0.00
    322 0 2018 287  9.000  101.43   -4.45    0.00    0.00    0.00
    323 0 2018 287 10.000   95.93   -1.94    0.00    0.00    0.00
    324 0 2018 287 11.000   88.34   -4.18    0.00    0.00    0.00
    325 0 2018 287 12.000   88.64   -2.70    0.00    0.00    0.00
    326 0 2018 287 13.000   91.11   -3.70    0.00    0.00    0.00
    327 0 2018 287 14.000   98.10   -3.91    0.00    0.00    0.00
    328 0 2018 287 15.000  106.29   -4.93    0.00    0.00    0.00
    329 0 2018 287 16.000  118.71   -1.80    0.00    0.00    0.00
    330 0 2018 287 17.000  125.83   -1.95    0.00    0.00    0.00
    331 0 2018 287 18.000  129.01   -2.04    0.00    0.00    0.00
    332 0 2018 287 19.000  126.54   -2.97    0.00    0.00    0.00
    333 0 2018 287 20.000  119.41   -4.71    0.00    0.00    0.00
    334 0 2018 287 21.000  114.12   -2.52    0.00    0.00    0.00
    335 0 2018 287 22.000  106.40   -2.17    0.00    0.00    0.00
    336 0 2018 287 23.000   99.06   -2.34    0.00    0.00    0.00
    337 0 2018 288  0.000   95.40   -1.66    0.00    0.00    0.00
    338 0 2018 288  1.000   92.14   -4.82    0.00    0.00    0.00
    339 0 2018 288  2.000   96.42   -4.32    0.00    0.00    0.00
    340 0 2018 288  3.000  104.96   -1.85    0.00    0.00    0.00
    341 0 2018 288  4.000  110.13   -3.46    0.00    0.00    0.00
    342 0 2018 288  5.000  115.40   -4.12    0.00    0.00    0.00
    343 1 2018 288  6.000 9999.99    0.00    0.00    0.00    0.00
    344 0 2018 288  7.000  117.85   -3.73    0.00    0.00    0.00
    345 0 2018 288  8.000  114.77   -2.18    0.00    0.00    0.00
    346 0 2018 288  9.000  107.55   -3.13    0.00    0.00    0.00
    347 0 2018 288 10.000  101.43   -2.79    0.00    0.00    0.00
    348 0 2018 288 11.000   97.85   -0.60    0.00    0.00    0.00
    349 0 2018 288 12.000   93.74   -1.13    0.00    0.00    0.00
    350 0 2018 288 13.000   91.16   -3.93    0.00    0.00    0.00
    351 0 2018 288 14.000   96.33   -2.83    0.00    0.00    0.00
    352 0 2018 288 15.000  109.35    3.84    0.00    0.00    0.00
    353 0 2018 288 16.000  110.58   -2.07    0.00    0.00    0.00
    354 0 2018 288 17.000  119.09   -0.56    0.00    0.00    0.00
    355 0 2018 288 18.000  123.35   -1.61    0.00    0.00    0.00
    356 0 2018 288 19.000  129.34    2.62    0.00    0.00    0.00
    357 0 2018 288 20.000  125.65    1.04    0.00    0.00    0.00
    358 0 2018 288 21.000  121.52    1.42    0.00    0.00    0.00
    359 0 2018 288 22.000  115.63    1.10    0.00    0.00    0.00
    360 0 2018 288 23.000  109.41    1.02    0.00    0.00    0.00
    361 0 2018 289  0.000  104.04    1.28    0.00    0.00    0.00
    362 0 2018 289  1.000  101.28    1.58    0.00    0.00    0.00
    363 0 2018 289  2.000  101.36    1.12    0.00    0.00    0.00
    364 0 2018 289  3.000  104.85    1.50    0.00    0.00    0.00
    365 0 2018 289  4.000  108.61    1.02    0.00    0.00    0.00
    366 1 2018 289  5.000 9999.99    0.00    0.00    0.00    0.00
    367 0 2018 289  6.000  115.27   -1.26    0.00    0.00    0.00
    368 0 2018 289  7.000  116.50   -1.88    0.00    0.00    0.00
    369 0 2018 289  8.000  116.45   -0.47    0.00    0.00    0.00
    370 0 2018 289  9.000  112.78   -0.50    0.00    0.00    0.00
    371 0 2018 289 10.000  108.12   -0.88    0.00    0.00    0.00
    372 0 2018 289 11.000  105.22    0.71    0.00    0.00    0.00
    373 0 2018 289 12.000   98.57   -1.69    0.00    0.00    0.00
    374 0 2018 289 13.000   98.52    0.63    0.00    0.00    0.00
    375 0 2018 289 14.000   98.35   -0.43    0.00    0.00    0.00
    376 0 2018 289 15.000  100.48   -1.83    0.00    0.00    0.00
    377 0 2018 289 16.000  105.48   -1.52    0.00    0.00    0.00
    378 0 2018 289 17.000  112.10   -0.13    0.00    0.00    0.00
    379 0 2018 289 18.000  117.15   -0.47    0.00    0.00    0.00
    380 0 2018 289 19.000  120.36   -1.27    0.00    0.00    0.00
    381 0 2018 289 20.000  122.56   -0.21    0.00    0.00    0.00
    382 0 2018 289 21.000  120.94   -0.37    0.00    0.00    0.00
    383 0 2018 289 22.000  119.58    1.16    0.00    0.00    0.00
    384 0 2018 289 23.000  116.12    1.66    0.00    0.00    0.00
    385 0 2018 290  0.000  111.57    2.12    0.00    0.00    0.00
    386 0 2018 290  1.000  106.87    2.11    0.00    0.00    0.00
    387 0 2018 290  2.000  104.93    2.67    0.00    0.00    0.00
    388 0 2018 290  3.000  103.90    1.62    0.00    0.00    0.00
    389 0 2018 290  4.000  105.04    1.24    0.00    0.00    0.00
    390 1 2018 290  5.000  112.92    0.00    0.00    0.00    0.00
    391 0 2018 290  6.000  112.71    3.04    0.00    0.00    0.00
    392 0 2018 290  7.000  118.20    5.29    0.00    0.00    0.00
    393 0 2018 290  8.000  115.87    1.43    0.00    0.00    0.00
    394 0 2018 290  9.000  116.85    2.92    0.00    0.00    0.00
    395 0 2018 290 10.000  117.10    4.87    0.00    0.00    0.00
    396 0 2018 290 11.000  113.51    3.73    0.00    0.00    0.00
    397 0 2018 290 12.000  108.73    2.29    0.00    0.00    0.00
    398 0 2018 290 13.000  102.34   -0.69    0.00    0.00    0.00
    399 0 2018 290 14.000  102.72    1.56    0.00    0.00    0.00
    400 0 2018 290 15.000  101.96    0.42    0.00    0.00    0.00
    401 0 2018 290 16.000  104.74    1.22    0.00    0.00    0.00
    402 0 2018 290 17.000  108.17    1.63    0.00    0.00    0.00
    403 0 2018 290 18.000  111.27    0.69    0.00    0.00    0.00
    404 0 2018 290 19.000  118.19    3.12    0.00    0.00    0.00
    405 0 2018 290 20.000  118.76    0.10    0.00    0.00    0.00
    406 0 2018 290 21.000  121.31    0.83    0.00    0.00    0.00
    407 0 2018 290 22.000  120.91    0.28    0.00    0.00    0.00
    408 0 2018 290 23.000  117.33   -1.84    0.00    0.00    0.00
    409 0 2018 291  0.000  114.03   -1.81    0.00    0.00    0.00
    410 0 2018 291  1.000  109.92   -1.26    0.00    0.00    0.00
    411 0 2018 291  2.000  107.57    0.88    0.00    0.00    0.00
    412 0 2018 291  3.000  104.09    0.52    0.00    0.00    0.00
    413 0 2018 291  4.000  101.94   -0.07    0.00    0.00    0.00
    414 0 2018 291  5.000  101.94   -0.00    0.00    0.00    0.00
    415 1 2018 291  6.000 9999.99    0.00    0.00    0.00    0.00
    416 0 2018 291  7.000  106.68    0.24    0.00    0.00    0.00
    417 0 2018 291  8.000  110.99    1.31    0.00    0.00    0.00
    418 0 2018 291  9.000  113.92    1.58    0.00    0.00    0.00
    419 0 2018 291 10.000  115.67    1.67    0.00    0.00    0.00
    420 0 2018 291 11.000  114.67    0.46    0.00    0.00    0.00
    421 0 2018 291 12.000  113.76    1.17    0.00    0.00    0.00
    422 0 2018 291 13.000  111.74    2.24    0.00    0.00    0.00
    423 0 2018 291 14.000  108.62    2.48    0.00    0.00    0.00
    424 0 2018 291 15.000  105.10    1.54    0.00    0.00    0.00
    425 0 2018 291 16.000  104.10    1.87    0.00    0.00    0.00
    426 0 2018 291 17.000  102.92    0.40    0.00    0.00    0.00
    427 0 2018 291 18.000  106.04    1.34    0.00    0.00    0.00
    428 0 2018 291 19.000  109.13    0.68    0.00    0.00    0.00
    429 0 2018 291 20.000  113.24    0.32    0.00    0.00    0.00
    430 0 2018 291 21.000  116.63   -0.73    0.00    0.00    0.00
    431 0 2018 291 22.000  122.53    1.50    0.00    0.00    0.00
    432 0 2018 291 23.000  122.95    0.21    0.00    0.00    0.00
    433 0 2018 292  0.000  122.54    1.00    0.00    0.00    0.00
    434 0 2018 292  1.000  119.02    1.26    0.00    0.00    0.00
    435 0 2018 292  2.000  113.58    0.93    0.00    0.00    0.00
    436 0 2018 292  3.000  106.40   -0.86    0.00    0.00    0.00
    437 0 2018 292  4.000  101.73   -0.64    0.00    0.00    0.00
    438 0 2018 292  5.000   99.38    0.24    0.00    0.00    0.00
    439 0 2018 292  6.000   97.24   -1.29    0.00    0.00    0.00
    440 0 2018 292  7.000   99.36   -1.02    0.00    0.00    0.00
    441 0 2018 292  8.000  103.09   -0.78    0.00    0.00    0.00
    442 0 2018 292  9.000  107.20   -1.32    0.00    0.00    0.00
    443 0 2018 292 10.000  114.16    0.45    0.00    0.00    0.00
    444 0 2018 292 11.000  118.79    1.11    0.00    0.00    0.00
    445 0 2018 292 12.000  116.61   -2.00    0.00    0.00    0.00
    446 0 2018 292 13.000  118.05    1.55    0.00    0.00    0.00
    447 0 2018 292 14.000  111.07   -1.67    0.00    0.00    0.00
    448 0 2018 292 15.000  110.00    1.71    0.00    0.00    0.00
    449 0 2018 292 16.000  106.44    2.74    0.00    0.00    0.00
    450 0 2018 292 17.000  101.75    1.40    0.00    0.00    0.00
    451 0 2018 292 18.000  101.35    1.44    0.00    0.00    0.00
    452 0 2018 292 19.000  103.01    0.55    0.00    0.00    0.00
    453 0 2018 292 20.000  106.87    0.06    0.00    0.00    0.00
    454 0 2018 292 21.000  114.01    1.59    0.00    0.00    0.00
    455 0 2018 292 22.000  119.18    0.16    0.00    0.00    0.00
    456 0 2018 292 23.000  123.89   -0.80    0.00    0.00    0.00
    457 0 2018 293  0.000  127.07    0.43    0.00    0.00    0.00
    458 0 2018 293  1.000  124.14   -0.04    0.00    0.00    0.00
    459 0 2018 293  2.000  119.92    0.90    0.00    0.00    0.00
    460 0 2018 293  3.000  110.69   -1.86    0.00    0.00    0.00
    461 0 2018 293  4.000  104.45   -0.70    0.00    0.00    0.00
    462 0 2018 293  5.000   97.22   -1.08    0.00    0.00    0.00
    463 0 2018 293  6.000   96.31    1.70    0.00    0.00    0.00
    464 0 2018 293  7.000   95.75    0.72    0.00    0.00    0.00
    465 0 2018 293  8.000   97.81   -0.49    0.00    0.00    0.00
    466 1 2018 293  9.000  110.78    0.00    0.00    0.00    0.00
    467 0 2018 293 10.000  109.95   -1.12    0.00    0.00    0.00
    468 0 2018 293 11.000  118.32   -0.82    0.00    0.00    0.00
    469 0 2018 293 12.000  122.38   -1.71    0.00    0.00    0.00
    470 0 2018 293 13.000  122.41   -1.52    0.00    0.00    0.00
    471 0 2018 293 14.000  118.00   -2.16    0.00    0.00    0.00
    472 0 2018 293 15.000  114.23   -0.51    0.00    0.00    0.00
    473 0 2018 293 16.000  104.42   -3.55    0.00    0.00    0.00
    474 0 2018 293 17.000   99.90   -0.98    0.00    0.00    0.00
    475 0 2018 293 18.000   94.86   -1.68    0.00    0.00    0.00
    476 0 2018 293 19.000   94.38   -2.58    0.00    0.00    0.00
    477 0 2018 293 20.000  101.58    0.65    0.00    0.00    0.00
    478 0 2018 293 21.000  105.99   -0.83    0.00    0.00    0.00
    479 0 2018 293 22.000  112.81   -1.97    0.00    0.00    0.00
