                                                                                
                                                                                
                                                                                
                                                                                
                                                                                
                                                                                
                                                                                
                                                                                
                                                                                
                                                                                
                                                                                
                                                                                
                                                                                
                                                                                
                                                                                
                                                                                
                                                                                
                                                                                
                                                                                
                                                                                
      1 1 2018 274  0.000 9999.99    0.00    0.00    0.00    0.00
      2 0 2018 274  1.000  101.46    0.02    0.00    0.00    0.00
      3 0 2018 274  2.000  110.66    0.30    0.00    0.00    0.00
      4 0 2018 274  3.000  127.57    0.28    0.00    0.00    0.00
      5 0 2018 274  4.000  151.28    2.19    0.00    0.00    0.00
      6 0 2018 274  5.000  168.61   -0.56    0.00    0.00    0.00
      7 0 2018 274  6.000  180.31   -0.62    0.00    0.00    0.00
      8 0 2018 274  7.000  182.59    1.24    0.00    0.00    0.00
      9 0 2018 274  8.000  169.40   -1.10    0.00    0.00    0.00
     10 0 2018 274  9.000  149.20   -1.13    0.00    0.00    0.00
     11 0 2018 274 10.000  128.07    2.23    0.00    0.00    0.00
     12 0 2018 274 11.000  105.36    0.86    0.00    0.00    0.00
     13 0 2018 274 12.000   91.59   -0.52    0.00    0.00    0.00
     14 0 2018 274 13.000   89.88   -0.25    0.00    0.00    0.00
     15 0 2018 274 14.000   98.59    0.70    0.00    0.00    0.00
     16 0 2018 274 15.000  115.69    0.96    0.00    0.00    0.00
     17 0 2018 274 16.000  138.72    0.68    0.00    0.00    0.00
     18 0 2018 274 17.000  163.66    1.87    0.00    0.00    0.00
     19 0 2018 274 18.000  180.22    0.67    0.00    0.00    0.00
     20 0 2018 274 19.000  189.26    1.41    0.00    0.00    0.00
     21 0 2018 274 20.000  188.55    2.86    0.00    0.00    0.00
     22 0 2018 274 21.000  178.33    4.92    0.00    0.00    0.00
     23 0 2018 274 22.000  157.72    3.58    0.00    0.00    0.00
     24 0 2018 274 23.000  135.93    1.83    0.00    0.00    0.00
     25 0 2018 275  0.000  121.45    2.62    0.00    0.00    0.00
     26 0 2018 275  1.000  116.88    6.66    0.00    0.00    0.00
     27 0 2018 275  2.000  108.97    0.55    0.00    0.00    0.00
     28 0 2018 275  3.000  119.39    5.14    0.00    0.00    0.00
     29 0 2018 275  4.000  129.33    1.97    0.00    0.00    0.00
     30 0 2018 275  5.000  146.97    3.11    0.00    0.00    0.00
     31 0 2018 275  6.000  161.64    3.31    0.00    0.00    0.00
     32 0 2018 275  7.000  168.85    1.73    0.00    0.00    0.00
     33 0 2018 275  8.000  168.88    0.64    0.00    0.00    0.00
     34 0 2018 275  9.000  161.87    1.61    0.00    0.00    0.00
     35 0 2018 275 10.000  142.97   -1.36    0.00    0.00    0.00
     36 0 2018 275 11.000  125.78    0.18    0.00    0.00    0.00
     37 0 2018 275 12.000  112.12    2.04    0.00    0.00    0.00
     38 0 2018 275 13.000  102.06    1.39    0.00    0.00    0.00
     39 0 2018 275 14.000  100.34    2.33    0.00    0.00    0.00
     40 0 2018 275 15.000  107.70    4.44    0.00    0.00    0.00
     41 0 2018 275 16.000  120.28    3.49    0.00    0.00    0.00
     42 0 2018 275 17.000  137.75    2.16    0.00    0.00    0.00
     43 0 2018 275 18.000  155.13    0.60    0.00    0.00    0.00
     44 0 2018 275 19.000  169.86    0.05    0.00    0.00    0.00
     45 0 2018 275 20.000  178.23   -0.95    0.00    0.00    0.00
     46 0 2018 275 21.000  180.55    0.21    0.00    0.00    0.00
     47 0 2018 275 22.000  172.60    0.24    0.00    0.00    0.00
     48 0 2018 275 23.000  156.77   -1.47    0.00    0.00    0.00
     49 0 2018 276  0.000  142.28   -0.70    0.00    0.00    0.00
     50 0 2018 276  1.000  131.86    2.29    0.00    0.00    0.00
     51 0 2018 276  2.000  118.48   -0.46    0.00    0.00    0.00
     52 0 2018 276  3.000  111.36   -1.61    0.00    0.00    0.00
     53 0 2018 276  4.000  114.14    0.08    0.00    0.00    0.00
     54 0 2018 276  5.000  121.74   -0.15    0.00    0.00    0.00
     55 0 2018 276  6.000  134.98    1.70    0.00    0.00    0.00
     56 0 2018 276  7.000  145.87    0.77    0.00    0.00    0.00
     57 0 2018 276  8.000  155.22    0.16    0.00    0.00    0.00
     58 0 2018 276  9.000  159.79   -0.29    0.00    0.00    0.00
     59 0 2018 276 10.000  160.58    3.29    0.00    0.00    0.00
     60 0 2018 276 11.000  149.48    2.09    0.00    0.00    0.00
     61 0 2018 276 12.000  135.42    1.01    0.00    0.00    0.00
     62 0 2018 276 13.000  123.96    2.07    0.00    0.00    0.00
     63 0 2018 276 14.000  110.84   -0.59    0.00    0.00    0.00
     64 0 2018 276 15.000  104.34   -0.71    0.00    0.00    0.00
     65 0 2018 276 16.000  105.94    0.33    0.00    0.00    0.00
     66 0 2018 276 17.000  111.46   -2.53    0.00    0.00    0.00
     67 0 2018 276 18.000  128.58    0.71    0.00    0.00    0.00
     68 0 2018 276 19.000  144.01   -0.20    0.00    0.00    0.00
     69 0 2018 276 20.000  159.65   -1.00    0.00    0.00    0.00
     70 0 2018 276 21.000  172.24   -1.77    0.00    0.00    0.00
     71 0 2018 276 22.000  181.62    1.27    0.00    0.00    0.00
     72 0 2018 276 23.000  178.39    0.41    0.00    0.00    0.00
     73 0 2018 277  0.000  167.23   -1.56    0.00    0.00    0.00
     74 0 2018 277  1.000  154.15   -1.47    0.00    0.00    0.00
     75 0 2018 277  2.000  138.92   -1.27    0.00    0.00    0.00
     76 0 2018 277  3.000  127.04    2.33    0.00    0.00    0.00
     77 0 2018 277  4.000  113.98    0.94    0.00    0.00    0.00
     78 0 2018 277  5.000  109.00    0.55    0.00    0.00    0.00
     79 0 2018 277  6.000  110.40   -1.00    0.00    0.00    0.00
     80 0 2018 277  7.000  121.82    1.32    0.00    0.00    0.00
     81 0 2018 277  8.000  134.86    0.94    0.00    0.00    0.00
     82 0 2018 277  9.000  151.76    3.15    0.00    0.00    0.00
     83 0 2018 277 10.000  160.65    0.88    0.00    0.00    0.00
     84 0 2018 277 11.000  162.89   -0.66    0.00    0.00    0.00
     85 0 2018 277 12.000  160.19    0.71    0.00    0.00    0.00
     86 0 2018 277 13.000  153.59    4.06    0.00    0.00    0.00
     87 0 2018 277 14.000  134.89   -0.95    0.00    0.00    0.00
     88 0 2018 277 15.000  123.02    2.08    0.00    0.00    0.00
     89 0 2018 277 16.000  109.37    0.59    0.00    0.00    0.00
     90 0 2018 277 17.000  107.05    3.67    0.00    0.00    0.00
     91 0 2018 277 18.000  107.58    1.04    0.00    0.00    0.00
     92 0 2018 277 19.000  116.39   -1.31    0.00    0.00    0.00
     93 0 2018 277 20.000  136.31    1.17    0.00    0.00    0.00
     94 0 2018 277 21.000  159.72    3.87    0.00    0.00    0.00
     95 0 2018 277 22.000  178.11    3.17    0.00    0.00    0.00
     96 0 2018 277 23.000  186.70   -0.53    0.00    0.00    0.00
     97 0 2018 278  0.000  190.62    0.79    0.00    0.00    0.00
     98 0 2018 278  1.000  185.53    2.79    0.00    0.00    0.00
     99 0 2018 278  2.000  168.55    1.01    0.00    0.00    0.00
    100 0 2018 278  3.000  143.23   -3.66    0.00    0.00    0.00
    101 0 2018 278  4.000  125.47    0.42    0.00    0.00    0.00
    102 0 2018 278  5.000  102.64   -4.66    0.00    0.00    0.00
    103 0 2018 278  6.000   96.86   -1.09    0.00    0.00    0.00
    104 0 2018 278  7.000   96.08   -2.94    0.00    0.00    0.00
    105 0 2018 278  8.000  111.09    0.89    0.00    0.00    0.00
    106 0 2018 278  9.000  128.98   -0.02    0.00    0.00    0.00
    107 0 2018 278 10.000  150.32   -0.26    0.00    0.00    0.00
    108 0 2018 278 11.000  166.84   -1.92    0.00    0.00    0.00
    109 0 2018 278 12.000  177.36   -1.07    0.00    0.00    0.00
    110 0 2018 278 13.000  176.01   -1.30    0.00    0.00    0.00
    111 0 2018 278 14.000  162.48   -3.60    0.00    0.00    0.00
    112 0 2018 278 15.000  143.39   -4.22    0.00    0.00    0.00
    113 0 2018 278 16.000  124.00   -2.32    0.00    0.00    0.00
    114 0 2018 278 17.000  103.09   -4.57    0.00    0.00    0.00
    115 0 2018 278 18.000   91.59   -5.27    0.00    0.00    0.00
    116 0 2018 278 19.000   91.19   -6.11    0.00    0.00    0.00
    117 0 2018 278 20.000  107.02   -2.56    0.00    0.00    0.00
    118 0 2018 278 21.000  128.68   -2.69    0.00    0.00    0.00
    119 0 2018 278 22.000  152.59   -5.38    0.00    0.00    0.00
    120 0 2018 278 23.000  177.82   -5.23    0.00    0.00    0.00
    121 0 2018 279  0.000  195.40   -4.67    0.00    0.00    0.00
    122 0 2018 279  1.000  199.79   -4.64    0.00    0.00    0.00
    123 0 2018 279  2.000  188.87   -6.19    0.00    0.00    0.00
    124 0 2018 279  3.000  170.56   -3.80    0.00    0.00    0.00
    125 0 2018 279  4.000  140.41   -6.57    0.00    0.00    0.00
    126 0 2018 279  5.000  112.28   -6.57    0.00    0.00    0.00
    127 0 2018 279  6.000   91.71   -4.81    0.00    0.00    0.00
    128 0 2018 279  7.000   81.58   -4.21    0.00    0.00    0.00
    129 0 2018 279  8.000   82.14   -7.41    0.00    0.00    0.00
    130 0 2018 279  9.000  103.09   -3.60    0.00    0.00    0.00
    131 0 2018 279 10.000  128.22   -4.68    0.00    0.00    0.00
    132 0 2018 279 11.000  156.84   -4.96    0.00    0.00    0.00
    133 0 2018 279 12.000  183.01   -2.81    0.00    0.00    0.00
    134 0 2018 279 13.000  192.65   -5.47    0.00    0.00    0.00
    135 0 2018 279 14.000  188.63   -6.76    0.00    0.00    0.00
    136 0 2018 279 15.000  172.63   -6.49    0.00    0.00    0.00
    137 0 2018 279 16.000  148.83   -5.20    0.00    0.00    0.00
    138 0 2018 279 17.000  122.58   -3.53    0.00    0.00    0.00
    139 0 2018 279 18.000   97.44   -4.68    0.00    0.00    0.00
    140 0 2018 279 19.000   83.04   -5.82    0.00    0.00    0.00
    141 0 2018 279 20.000   87.26   -3.44    0.00    0.00    0.00
    142 0 2018 279 21.000  105.42   -2.04    0.00    0.00    0.00
    143 0 2018 279 22.000  131.83   -3.27    0.00    0.00    0.00
    144 0 2018 279 23.000  163.96   -3.51    0.00    0.00    0.00
    145 0 2018 280  0.000  193.60   -3.25    0.00    0.00    0.00
    146 0 2018 280  1.000  210.22   -4.80    0.00    0.00    0.00
    147 0 2018 280  2.000  210.80   -5.65    0.00    0.00    0.00
    148 0 2018 280  3.000  198.63   -2.47    0.00    0.00    0.00
    149 0 2018 280  4.000  171.30   -2.15    0.00    0.00    0.00
    150 0 2018 280  5.000  135.40   -4.37    0.00    0.00    0.00
    151 0 2018 280  6.000  104.09   -3.18    0.00    0.00    0.00
    152 0 2018 280  7.000   79.85   -4.24    0.00    0.00    0.00
    153 0 2018 280  8.000   73.93   -2.87    0.00    0.00    0.00
    154 0 2018 280  9.000   81.68   -5.51    0.00    0.00    0.00
    155 0 2018 280 10.000  108.81   -3.33    0.00    0.00    0.00
    156 0 2018 280 11.000  140.27   -5.53    0.00    0.00    0.00
    157 0 2018 280 12.000  176.28   -4.15    0.00    0.00    0.00
    158 0 2018 280 13.000  206.39   -0.31    0.00    0.00    0.00
    159 0 2018 280 14.000  217.93    1.13    0.00    0.00    0.00
    160 0 2018 280 15.000  209.24    0.71    0.00    0.00    0.00
    161 0 2018 280 16.000  188.09    2.59    0.00    0.00    0.00
    162 0 2018 280 17.000  155.84    1.92    0.00    0.00    0.00
    163 0 2018 280 18.000  120.64   -0.27    0.00    0.00    0.00
    164 0 2018 280 19.000   92.91   -1.95    0.00    0.00    0.00
    165 0 2018 280 20.000   84.09    0.53    0.00    0.00    0.00
    166 0 2018 280 21.000   88.31   -2.01    0.00    0.00    0.00
    167 0 2018 280 22.000  112.36   -0.58    0.00    0.00    0.00
    168 0 2018 280 23.000  144.24   -1.78    0.00    0.00    0.00
    169 0 2018 281  0.000  182.05   -0.22    0.00    0.00    0.00
    170 0 2018 281  1.000  212.20   -0.05    0.00    0.00    0.00
    171 0 2018 281  2.000  224.79   -1.87    0.00    0.00    0.00
    172 0 2018 281  3.000  220.83   -0.47    0.00    0.00    0.00
    173 0 2018 281  4.000  201.42    2.78    0.00    0.00    0.00
    174 0 2018 281  5.000  167.65    2.91    0.00    0.00    0.00
    175 0 2018 281  6.000  125.15   -1.72    0.00    0.00    0.00
    176 0 2018 281  7.000   95.19    1.34    0.00    0.00    0.00
    177 0 2018 281  8.000   76.61    1.80    0.00    0.00    0.00
    178 0 2018 281  9.000   75.80    0.82    0.00    0.00    0.00
    179 0 2018 281 10.000   92.58   -1.03    0.00    0.00    0.00
    180 0 2018 281 11.000  123.94   -2.06    0.00    0.00    0.00
    181 0 2018 281 12.000  162.23   -3.11    0.00    0.00    0.00
    182 0 2018 281 13.000  201.59   -0.48    0.00    0.00    0.00
    183 0 2018 281 14.000  225.95    0.40    0.00    0.00    0.00
    184 0 2018 281 15.000  227.12   -2.15    0.00    0.00    0.00
    185 0 2018 281 16.000  212.22   -1.63    0.00    0.00    0.00
    186 0 2018 281 17.000  183.31   -1.19    0.00    0.00    0.00
    187 0 2018 281 18.000  143.79   -4.30    0.00    0.00    0.00
    188 0 2018 281 19.000  112.34   -0.91    0.00    0.00    0.00
    189 0 2018 281 20.000   90.31    0.62    0.00    0.00    0.00
    190 0 2018 281 21.000   84.85    0.75    0.00    0.00    0.00
    191 0 2018 281 22.000   96.58   -0.48    0.00    0.00    0.00
    192 0 2018 281 23.000  125.08    0.22    0.00    0.00    0.00
    193 0 2018 282  0.000  163.82    2.26    0.00    0.00    0.00
    194 0 2018 282  1.000  200.26    1.96    0.00    0.00    0.00
    195 0 2018 282  2.000  224.75    0.72    0.00    0.00    0.00
    196 0 2018 282  3.000  233.59    2.91    0.00    0.00    0.00
    197 0 2018 282  4.000  218.75    1.44    0.00    0.00    0.00
    198 0 2018 282  5.000  192.36    3.98    0.00    0.00    0.00
    199 0 2018 282  6.000  154.82    4.41    0.00    0.00    0.00
    200 0 2018 282  7.000  116.59    4.68    0.00    0.00    0.00
    201 0 2018 282  8.000   90.95    7.69    0.00    0.00    0.00
    202 0 2018 282  9.000   78.07    5.60    0.00    0.00    0.00
    203 0 2018 282 10.000   84.16    2.65    0.00    0.00    0.00
    204 0 2018 282 11.000  110.37    2.82    0.00    0.00    0.00
    205 0 2018 282 12.000  148.67    3.15    0.00    0.00    0.00
    206 0 2018 282 13.000  189.28    2.08    0.00    0.00    0.00
    207 0 2018 282 14.000  224.41    3.33    0.00    0.00    0.00
    208 0 2018 282 15.000  238.93    1.58    0.00    0.00    0.00
    209 0 2018 282 16.000  234.87    1.80    0.00    0.00    0.00
    210 0 2018 282 17.000  214.98    3.73    0.00    0.00    0.00
    211 0 2018 282 18.000  180.82    3.52    0.00    0.00    0.00
    212 0 2018 282 19.000  142.71    3.80    0.00    0.00    0.00
    213 0 2018 282 20.000  115.59    9.02    0.00    0.00    0.00
    214 0 2018 282 21.000   98.28    8.83    0.00    0.00    0.00
    215 0 2018 282 22.000   97.25    6.39    0.00    0.00    0.00
    216 0 2018 282 23.000  117.07    8.02    0.00    0.00    0.00
    217 0 2018 283  0.000  147.36    7.06    0.00    0.00    0.00
    218 0 2018 283  1.000  185.72    7.83    0.00    0.00    0.00
    219 0 2018 283  2.000  219.16    8.38    0.00    0.00    0.00
    220 0 2018 283  3.000  237.57    9.37    0.00    0.00    0.00
    221 0 2018 283  4.000  234.63    8.76    0.00    0.00    0.00
    222 0 2018 283  5.000  216.91   10.97    0.00    0.00    0.00
    223 0 2018 283  6.000  186.31   13.30    0.00    0.00    0.00
    224 0 2018 283  7.000  150.30   16.34    0.00    0.00    0.00
    225 0 2018 283  8.000  112.49   13.25    0.00    0.00    0.00
    226 0 2018 283  9.000   88.93    9.82    0.00    0.00    0.00
    227 0 2018 283 10.000   87.41    9.44    0.00    0.00    0.00
    228 0 2018 283 11.000  102.53    7.95    0.00    0.00    0.00
    229 0 2018 283 12.000  136.23   10.27    0.00    0.00    0.00
    230 0 2018 283 13.000  175.58    8.87    0.00    0.00    0.00
    231 0 2018 283 14.000  216.14    9.82    0.00    0.00    0.00
    232 0 2018 283 15.000  243.78   10.99    0.00    0.00    0.00
    233 0 2018 283 16.000  251.94   11.97    0.00    0.00    0.00
    234 0 2018 283 17.000  243.67   14.94    0.00    0.00    0.00
    235 0 2018 283 18.000  213.70   11.32    0.00    0.00    0.00
    236 0 2018 283 19.000  178.13   12.05    0.00    0.00    0.00
    237 0 2018 283 20.000  143.10   13.70    0.00    0.00    0.00
    238 0 2018 283 21.000  118.70   15.15    0.00    0.00    0.00
    239 0 2018 283 22.000  107.95   13.52    0.00    0.00    0.00
    240 0 2018 283 23.000  114.06   12.43    0.00    0.00    0.00
    241 0 2018 284  0.000  133.00    9.79    0.00    0.00    0.00
    242 0 2018 284  1.000  170.99   15.07    0.00    0.00    0.00
    243 0 2018 284  2.000  207.52   16.51    0.00    0.00    0.00
    244 1 2018 284  3.000  238.51    0.00    0.00    0.00    0.00
    245 0 2018 284  4.000  241.83   18.02    0.00    0.00    0.00
    246 1 2018 284  5.000  234.33    0.00    0.00    0.00    0.00
    247 1 2018 284  6.000  211.88    0.00    0.00    0.00    0.00
    248 1 2018 284  7.000  180.69    0.00    0.00    0.00    0.00
    249 1 2018 284  8.000  138.73    0.00    0.00    0.00    0.00
    250 1 2018 284  9.000  115.08    0.00    0.00    0.00    0.00
    251 1 2018 284 10.000  101.46    0.00    0.00    0.00    0.00
    252 0 2018 284 11.000  106.35   17.07    0.00    0.00    0.00
    253 0 2018 284 12.000  126.23   15.28    0.00    0.00    0.00
    254 0 2018 284 13.000  157.27   11.96    0.00    0.00    0.00
    255 0 2018 284 14.000  193.88    8.53    0.00    0.00    0.00
    256 0 2018 284 15.000  225.97    7.48    0.00    0.00    0.00
    257 0 2018 284 16.000  239.90    4.70    0.00    0.00    0.00
    258 0 2018 284 17.000  235.55    1.20    0.00    0.00    0.00
    259 0 2018 284 18.000  215.42   -2.95    0.00    0.00    0.00
    260 0 2018 284 19.000  185.64   -3.75    0.00    0.00    0.00
    261 0 2018 284 20.000  147.75   -5.72    0.00    0.00    0.00
    262 0 2018 284 21.000  115.29   -6.94    0.00    0.00    0.00
    263 0 2018 284 22.000   96.63   -8.27    0.00    0.00    0.00
    264 0 2018 284 23.000   92.05  -10.57    0.00    0.00    0.00
    265 0 2018 285  0.000  103.83   -9.59    0.00    0.00    0.00
    266 0 2018 285  1.000  126.72  -10.08    0.00    0.00    0.00
    267 0 2018 285  2.000  157.94  -10.81    0.00    0.00    0.00
    268 0 2018 285  3.000  186.18  -11.76    0.00    0.00    0.00
    269 0 2018 285  4.000  204.56   -8.88    0.00    0.00    0.00
    270 0 2018 285  5.000  205.89   -7.01    0.00    0.00    0.00
    271 0 2018 285  6.000  192.51   -6.51    0.00    0.00    0.00
    272 0 2018 285  7.000  166.20   -7.20    0.00    0.00    0.00
    273 0 2018 285  8.000  129.58  -10.36    0.00    0.00    0.00
    274 0 2018 285  9.000   99.17  -10.11    0.00    0.00    0.00
    275 0 2018 285 10.000   84.32   -7.88    0.00    0.00    0.00
    276 0 2018 285 11.000   82.18   -8.89    0.00    0.00    0.00
    277 0 2018 285 12.000   90.71  -12.39    0.00    0.00    0.00
    278 0 2018 285 13.000  115.96  -11.57    0.00    0.00    0.00
    279 0 2018 285 14.000  148.27  -14.11    0.00    0.00    0.00
    280 0 2018 285 15.000  187.25  -10.65    0.00    0.00    0.00
    281 0 2018 285 16.000  214.46   -7.25    0.00    0.00    0.00
    282 0 2018 285 17.000  221.02   -8.26    0.00    0.00    0.00
    283 0 2018 285 18.000  214.58   -8.45    0.00    0.00    0.00
    284 0 2018 285 19.000  198.09   -6.20    0.00    0.00    0.00
    285 0 2018 285 20.000  169.88   -4.64    0.00    0.00    0.00
    286 0 2018 285 21.000  138.74   -3.35    0.00    0.00    0.00
    287 0 2018 285 22.000  113.27   -5.54    0.00    0.00    0.00
    288 0 2018 285 23.000  103.83   -5.54    0.00    0.00    0.00
    289 0 2018 286  0.000  103.92   -7.47    0.00    0.00    0.00
    290 0 2018 286  1.000  117.57   -6.50    0.00    0.00    0.00
    291 0 2018 286  2.000  140.20   -7.78    0.00    0.00    0.00
    292 0 2018 286  3.000  168.68   -7.90    0.00    0.00    0.00
    293 0 2018 286  4.000  189.26   -8.30    0.00    0.00    0.00
    294 0 2018 286  5.000  193.59  -10.70    0.00    0.00    0.00
    295 0 2018 286  6.000  189.43   -9.36    0.00    0.00    0.00
    296 0 2018 286  7.000  175.53   -7.69    0.00    0.00    0.00
    297 0 2018 286  8.000  147.31  -10.35    0.00    0.00    0.00
    298 0 2018 286  9.000  117.00  -10.89    0.00    0.00    0.00
    299 0 2018 286 10.000   94.62  -11.02    0.00    0.00    0.00
    300 0 2018 286 11.000   85.27  -12.52    0.00    0.00    0.00
    301 0 2018 286 12.000   90.42  -11.84    0.00    0.00    0.00
    302 0 2018 286 13.000  106.75   -9.91    0.00    0.00    0.00
    303 0 2018 286 14.000  130.06  -11.94    0.00    0.00    0.00
    304 0 2018 286 15.000  162.43  -12.01    0.00    0.00    0.00
    305 0 2018 286 16.000  194.66   -7.64    0.00    0.00    0.00
    306 0 2018 286 17.000  211.18   -5.38    0.00    0.00    0.00
    307 0 2018 286 18.000  209.89   -7.83    0.00    0.00    0.00
    308 0 2018 286 19.000  202.21   -6.37    0.00    0.00    0.00
    309 0 2018 286 20.000  183.21   -5.35    0.00    0.00    0.00
    310 0 2018 286 21.000  154.28   -6.01    0.00    0.00    0.00
    311 0 2018 286 22.000  128.38   -5.74    0.00    0.00    0.00
    312 0 2018 286 23.000  115.32   -3.76    0.00    0.00    0.00
    313 0 2018 287  0.000  112.50   -2.52    0.00    0.00    0.00
    314 0 2018 287  1.000  113.20   -5.85    0.00    0.00    0.00
    315 0 2018 287  2.000  130.17   -2.46    0.00    0.00    0.00
    316 0 2018 287  3.000  153.46   -1.91    0.00    0.00    0.00
    317 0 2018 287  4.000  175.52   -2.65    0.00    0.00    0.00
    318 0 2018 287  5.000  188.67   -2.09    0.00    0.00    0.00
    319 0 2018 287  6.000  192.25    0.57    0.00    0.00    0.00
    320 0 2018 287  7.000  183.47   -0.86    0.00    0.00    0.00
    321 0 2018 287  8.000  164.82   -3.86    0.00    0.00    0.00
    322 0 2018 287  9.000  147.74    2.69    0.00    0.00    0.00
    323 0 2018 287 10.000  123.70    2.25    0.00    0.00    0.00
    324 0 2018 287 11.000  102.94   -5.03    0.00    0.00    0.00
    325 0 2018 287 12.000  102.30   -4.15    0.00    0.00    0.00
    326 0 2018 287 13.000  108.23   -4.99    0.00    0.00    0.00
    327 0 2018 287 14.000  123.99   -4.18    0.00    0.00    0.00
    328 0 2018 287 15.000  151.43   -0.99    0.00    0.00    0.00
    329 0 2018 287 16.000  180.56    1.06    0.00    0.00    0.00
    330 0 2018 287 17.000  193.86   -4.70    0.00    0.00    0.00
    331 0 2018 287 18.000  197.70   -7.86    0.00    0.00    0.00
    332 0 2018 287 19.000  199.52   -3.96    0.00    0.00    0.00
    333 0 2018 287 20.000  193.14   -0.10    0.00    0.00    0.00
    334 0 2018 287 21.000  169.79   -3.80    0.00    0.00    0.00
    335 0 2018 287 22.000  141.31   -8.13    0.00    0.00    0.00
    336 0 2018 287 23.000  127.92   -2.83    0.00    0.00    0.00
    337 0 2018 288  0.000  116.33   -5.64    0.00    0.00    0.00
    338 0 2018 288  1.000  115.96   -4.41    0.00    0.00    0.00
    339 0 2018 288  2.000  122.59   -2.42    0.00    0.00    0.00
    340 0 2018 288  3.000  134.12   -4.27    0.00    0.00    0.00
    341 0 2018 288  4.000  157.41   -0.33    0.00    0.00    0.00
    342 0 2018 288  5.000  176.19    2.62    0.00    0.00    0.00
    343 0 2018 288  6.000  181.41    1.53    0.00    0.00    0.00
    344 0 2018 288  7.000  181.74    3.27    0.00    0.00    0.00
    345 0 2018 288  8.000  175.89    4.54    0.00    0.00    0.00
    346 0 2018 288  9.000  164.40    7.43    0.00    0.00    0.00
    347 0 2018 288 10.000  144.68    7.28    0.00    0.00    0.00
    348 0 2018 288 11.000  129.08    7.94    0.00    0.00    0.00
    349 0 2018 288 12.000  122.90    8.53    0.00    0.00    0.00
    350 0 2018 288 13.000  121.78    6.23    0.00    0.00    0.00
    351 0 2018 288 14.000  128.17    5.91    0.00    0.00    0.00
    352 0 2018 288 15.000  138.76    2.51    0.00    0.00    0.00
    353 0 2018 288 16.000  161.27    4.24    0.00    0.00    0.00
    354 0 2018 288 17.000  177.89    0.88    0.00    0.00    0.00
    355 0 2018 288 18.000  190.69    1.95    0.00    0.00    0.00
    356 0 2018 288 19.000  191.35   -0.67    0.00    0.00    0.00
    357 0 2018 288 20.000  190.02    0.74    0.00    0.00    0.00
    358 0 2018 288 21.000  182.85    3.39    0.00    0.00    0.00
    359 0 2018 288 22.000  164.34    2.00    0.00    0.00    0.00
    360 0 2018 288 23.000  147.19    3.12    0.00    0.00    0.00
    361 0 2018 289  0.000  136.29    4.54    0.00    0.00    0.00
    362 0 2018 289  1.000  130.04    3.99    0.00    0.00    0.00
    363 0 2018 289  2.000  124.34   -0.30    0.00    0.00    0.00
    364 0 2018 289  3.000  135.50    6.72    0.00    0.00    0.00
    365 0 2018 289  4.000  142.86    2.67    0.00    0.00    0.00
    366 0 2018 289  5.000  153.43   -1.03    0.00    0.00    0.00
    367 0 2018 289  6.000  165.05    0.69    0.00    0.00    0.00
    368 0 2018 289  7.000  169.69    1.88    0.00    0.00    0.00
    369 0 2018 289  8.000  164.43   -2.46    0.00    0.00    0.00
    370 0 2018 289  9.000  160.20   -1.19    0.00    0.00    0.00
    371 0 2018 289 10.000  150.32    0.43    0.00    0.00    0.00
    372 0 2018 289 11.000  135.37   -0.47    0.00    0.00    0.00
    373 0 2018 289 12.000  126.55    0.73    0.00    0.00    0.00
    374 0 2018 289 13.000  123.93    1.71    0.00    0.00    0.00
    375 0 2018 289 14.000  123.70    0.70    0.00    0.00    0.00
    376 0 2018 289 15.000  130.51    2.46    0.00    0.00    0.00
    377 0 2018 289 16.000  139.84    0.48    0.00    0.00    0.00
    378 0 2018 289 17.000  157.57    2.65    0.00    0.00    0.00
    379 0 2018 289 18.000  172.79    4.31    0.00    0.00    0.00
    380 0 2018 289 19.000  180.13    3.80    0.00    0.00    0.00
    381 0 2018 289 20.000  185.47    6.13    0.00    0.00    0.00
    382 0 2018 289 21.000  185.07    7.20    0.00    0.00    0.00
    383 0 2018 289 22.000  177.23    7.05    0.00    0.00    0.00
    384 0 2018 289 23.000  163.72    6.38    0.00    0.00    0.00
    385 0 2018 290  0.000  152.31    7.75    0.00    0.00    0.00
    386 0 2018 290  1.000  144.51    8.97    0.00    0.00    0.00
    387 0 2018 290  2.000  138.73    8.95    0.00    0.00    0.00
    388 0 2018 290  3.000  134.81    7.89    0.00    0.00    0.00
    389 0 2018 290  4.000  137.38    8.20    0.00    0.00    0.00
    390 0 2018 290  5.000  144.00    6.99    0.00    0.00    0.00
    391 0 2018 290  6.000  154.39    7.96    0.00    0.00    0.00
    392 0 2018 290  7.000  157.92    4.53    0.00    0.00    0.00
    393 0 2018 290  8.000  161.26    3.84    0.00    0.00    0.00
    394 0 2018 290  9.000  161.69    2.79    0.00    0.00    0.00
    395 0 2018 290 10.000  158.74    2.48    0.00    0.00    0.00
    396 0 2018 290 11.000  150.43    1.56    0.00    0.00    0.00
    397 0 2018 290 12.000  143.35    3.51    0.00    0.00    0.00
    398 0 2018 290 13.000  132.97    0.04    0.00    0.00    0.00
    399 0 2018 290 14.000  133.05    4.20    0.00    0.00    0.00
    400 0 2018 290 15.000  129.73    2.60    0.00    0.00    0.00
    401 0 2018 290 16.000  134.49    5.28    0.00    0.00    0.00
    402 0 2018 290 17.000  141.52    4.97    0.00    0.00    0.00
    403 0 2018 290 18.000  150.92    3.73    0.00    0.00    0.00
    404 0 2018 290 19.000  163.70    6.30    0.00    0.00    0.00
    405 0 2018 290 20.000  170.72    5.36    0.00    0.00    0.00
    406 0 2018 290 21.000  174.01    3.28    0.00    0.00    0.00
    407 0 2018 290 22.000  177.00    4.93    0.00    0.00    0.00
    408 0 2018 290 23.000  170.35    2.55    0.00    0.00    0.00
    409 0 2018 291  0.000  157.72   -1.33    0.00    0.00    0.00
    410 0 2018 291  1.000  150.55    1.56    0.00    0.00    0.00
    411 0 2018 291  2.000  141.41    1.81    0.00    0.00    0.00
    412 0 2018 291  3.000  133.17    1.78    0.00    0.00    0.00
    413 0 2018 291  4.000  127.62    1.83    0.00    0.00    0.00
    414 0 2018 291  5.000  126.81    1.82    0.00    0.00    0.00
    415 0 2018 291  6.000  130.67    1.40    0.00    0.00    0.00
    416 0 2018 291  7.000  138.70    2.29    0.00    0.00    0.00
    417 0 2018 291  8.000  148.02    3.87    0.00    0.00    0.00
    418 0 2018 291  9.000  153.70    2.36    0.00    0.00    0.00
    419 0 2018 291 10.000  159.21    2.75    0.00    0.00    0.00
    420 0 2018 291 11.000  160.83    3.40    0.00    0.00    0.00
    421 0 2018 291 12.000  158.93    5.27    0.00    0.00    0.00
    422 0 2018 291 13.000  149.90    3.04    0.00    0.00    0.00
    423 0 2018 291 14.000  145.33    6.13    0.00    0.00    0.00
    424 0 2018 291 15.000  137.27    5.34    0.00    0.00    0.00
    425 0 2018 291 16.000  132.43    5.99    0.00    0.00    0.00
    426 0 2018 291 17.000  128.52    3.65    0.00    0.00    0.00
    427 0 2018 291 18.000  131.40    2.69    0.00    0.00    0.00
    428 0 2018 291 19.000  139.47    2.24    0.00    0.00    0.00
    429 0 2018 291 20.000  150.27    2.02    0.00    0.00    0.00
    430 0 2018 291 21.000  164.05    4.50    0.00    0.00    0.00
    431 0 2018 291 22.000  168.13   -0.78    0.00    0.00    0.00
    432 0 2018 291 23.000  172.41   -1.38    0.00    0.00    0.00
    433 0 2018 292  0.000  172.66    0.26    0.00    0.00    0.00
    434 0 2018 292  1.000  164.87   -0.18    0.00    0.00    0.00
    435 0 2018 292  2.000  154.31    0.48    0.00    0.00    0.00
    436 0 2018 292  3.000  137.89   -3.19    0.00    0.00    0.00
    437 0 2018 292  4.000  127.87   -1.09    0.00    0.00    0.00
    438 0 2018 292  5.000  120.75    0.80    0.00    0.00    0.00
    439 0 2018 292  6.000  116.39   -0.14    0.00    0.00    0.00
    440 0 2018 292  7.000  117.69   -2.02    0.00    0.00    0.00
    441 0 2018 292  8.000  129.66    1.31    0.00    0.00    0.00
    442 0 2018 292  9.000  136.98   -3.00    0.00    0.00    0.00
    443 0 2018 292 10.000  153.30    1.50    0.00    0.00    0.00
    444 0 2018 292 11.000  159.62   -1.26    0.00    0.00    0.00
    445 0 2018 292 12.000  161.16   -3.39    0.00    0.00    0.00
    446 0 2018 292 13.000  158.18   -3.44    0.00    0.00    0.00
    447 0 2018 292 14.000  149.42   -3.73    0.00    0.00    0.00
    448 0 2018 292 15.000  139.73   -1.91    0.00    0.00    0.00
    449 0 2018 292 16.000  127.86   -1.92    0.00    0.00    0.00
    450 0 2018 292 17.000  118.66   -1.61    0.00    0.00    0.00
    451 0 2018 292 18.000  115.12   -0.90    0.00    0.00    0.00
    452 0 2018 292 19.000  116.84   -2.35    0.00    0.00    0.00
    453 0 2018 292 20.000  130.22    0.52    0.00    0.00    0.00
    454 0 2018 292 21.000  144.52   -0.50    0.00    0.00    0.00
    455 0 2018 292 22.000  158.98   -2.46    0.00    0.00    0.00
    456 0 2018 292 23.000  170.81   -4.28    0.00    0.00    0.00
    457 0 2018 293  0.000  177.77   -4.58    0.00    0.00    0.00
    458 0 2018 293  1.000  177.94   -2.94    0.00    0.00    0.00
    459 0 2018 293  2.000  167.45   -3.47    0.00    0.00    0.00
    460 0 2018 293  3.000  152.15   -3.10    0.00    0.00    0.00
    461 0 2018 293  4.000  132.85   -4.69    0.00    0.00    0.00
    462 0 2018 293  5.000  116.84   -4.41    0.00    0.00    0.00
    463 0 2018 293  6.000  103.90   -5.98    0.00    0.00    0.00
    464 0 2018 293  7.000  103.40   -3.19    0.00    0.00    0.00
    465 0 2018 293  8.000  106.70   -5.86    0.00    0.00    0.00
    466 0 2018 293  9.000  122.45   -3.56    0.00    0.00    0.00
    467 0 2018 293 10.000  140.17   -3.04    0.00    0.00    0.00
    468 0 2018 293 11.000  156.54   -3.26    0.00    0.00    0.00
    469 0 2018 293 12.000  167.87   -3.59    0.00    0.00    0.00
    470 0 2018 293 13.000  171.82   -2.90    0.00    0.00    0.00
    471 0 2018 293 14.000  167.40   -1.21    0.00    0.00    0.00
    472 0 2018 293 15.000  149.49   -5.76    0.00    0.00    0.00
    473 0 2018 293 16.000  134.71   -3.70    0.00    0.00    0.00
    474 0 2018 293 17.000  117.29   -4.66    0.00    0.00    0.00
    475 0 2018 293 18.000  104.12   -5.73    0.00    0.00    0.00
    476 0 2018 293 19.000  101.46   -4.56    0.00    0.00    0.00
    477 0 2018 293 20.000  108.37   -4.25    0.00    0.00    0.00
    478 0 2018 293 21.000  123.29   -5.25    0.00    0.00    0.00
    479 0 2018 293 22.000  140.78   -9.11    0.00    0.00    0.00
