                                                                                
                                                                                
                                                                                
                                                                                
                                                                                
                                                                                
                                                                                
                                                                                
                                                                                
                                                                                
                                                                                
                                                                                
                                                                                
                                                                                
                                                                                
                                                                                
                                                                                
                                                                                
                                                                                
                                                                                
      1 1 2018 274  0.000 9999.99    0.00    0.00    0.00    0.00
      2 0 2018 274  1.000   55.53   -2.14    0.00    0.00    0.00
      3 0 2018 274  2.000   64.55   -1.80    0.00    0.00    0.00
      4 0 2018 274  3.000   83.89   -1.76    0.00    0.00    0.00
      5 0 2018 274  4.000  108.47   -0.08    0.00    0.00    0.00
      6 0 2018 274  5.000  123.73   -3.35    0.00    0.00    0.00
      7 0 2018 274  6.000  135.73   -0.76    0.00    0.00    0.00
      8 0 2018 274  7.000  132.50   -2.64    0.00    0.00    0.00
      9 0 2018 274  8.000  121.31   -1.91    0.00    0.00    0.00
     10 0 2018 274  9.000  101.48   -1.95    0.00    0.00    0.00
     11 0 2018 274 10.000   78.80   -2.42    0.00    0.00    0.00
     12 0 2018 274 11.000   57.98   -4.25    0.00    0.00    0.00
     13 0 2018 274 12.000   47.97   -2.27    0.00    0.00    0.00
     14 0 2018 274 13.000   44.18   -3.58    0.00    0.00    0.00
     15 0 2018 274 14.000   58.34    1.78    0.00    0.00    0.00
     16 0 2018 274 15.000   72.16   -3.56    0.00    0.00    0.00
     17 0 2018 274 16.000   98.08   -2.10    0.00    0.00    0.00
     18 0 2018 274 17.000  120.58   -2.44    0.00    0.00    0.00
     19 0 2018 274 18.000  135.60   -3.46    0.00    0.00    0.00
     20 0 2018 274 19.000  144.12   -1.73    0.00    0.00    0.00
     21 0 2018 274 20.000  139.80   -3.03    0.00    0.00    0.00
     22 0 2018 274 21.000  129.74   -1.37    0.00    0.00    0.00
     23 0 2018 274 22.000  111.32   -2.49    0.00    0.00    0.00
     24 0 2018 274 23.000   94.20   -0.84    0.00    0.00    0.00
     25 0 2018 275  0.000   76.55   -1.94    0.00    0.00    0.00
     26 0 2018 275  1.000   65.16   -2.19    0.00    0.00    0.00
     27 0 2018 275  2.000   65.62    1.19    0.00    0.00    0.00
     28 0 2018 275  3.000   71.28    0.45    0.00    0.00    0.00
     29 0 2018 275  4.000   85.24    0.81    0.00    0.00    0.00
     30 0 2018 275  5.000  104.40    4.06    0.00    0.00    0.00
     31 0 2018 275  6.000  113.36   -0.02    0.00    0.00    0.00
     32 0 2018 275  7.000  122.27    2.33    0.00    0.00    0.00
     33 1 2018 275  8.000 9999.99    0.00    0.00    0.00    0.00
     34 1 2018 275  9.000 9999.99    0.00    0.00    0.00    0.00
     35 1 2018 275 10.000 9999.99    0.00    0.00    0.00    0.00
     36 0 2018 275 11.000   81.94    3.00    0.00    0.00    0.00
     37 0 2018 275 12.000   66.59    1.92    0.00    0.00    0.00
     38 0 2018 275 13.000   59.20    3.72    0.00    0.00    0.00
     39 0 2018 275 14.000   53.96    0.17    0.00    0.00    0.00
     40 0 2018 275 15.000   61.63    1.06    0.00    0.00    0.00
     41 0 2018 275 16.000   76.86    2.24    0.00    0.00    0.00
     42 0 2018 275 17.000   92.15   -0.54    0.00    0.00    0.00
     43 0 2018 275 18.000  111.37    0.79    0.00    0.00    0.00
     44 0 2018 275 19.000  125.59    1.10    0.00    0.00    0.00
     45 0 2018 275 20.000  132.39    0.42    0.00    0.00    0.00
     46 0 2018 275 21.000  135.95    3.78    0.00    0.00    0.00
     47 0 2018 275 22.000  126.47    0.92    0.00    0.00    0.00
     48 0 2018 275 23.000  115.51    1.99    0.00    0.00    0.00
     49 0 2018 276  0.000   98.38   -0.03    0.00    0.00    0.00
     50 0 2018 276  1.000   84.86    1.44    0.00    0.00    0.00
     51 0 2018 276  2.000   72.92    0.93    0.00    0.00    0.00
     52 0 2018 276  3.000   66.12   -0.52    0.00    0.00    0.00
     53 0 2018 276  4.000   67.31   -0.99    0.00    0.00    0.00
     54 0 2018 276  5.000   75.43   -0.67    0.00    0.00    0.00
     55 0 2018 276  6.000   86.32   -1.17    0.00    0.00    0.00
     56 0 2018 276  7.000  100.16    1.34    0.00    0.00    0.00
     57 0 2018 276  8.000  108.20    1.46    0.00    0.00    0.00
     58 0 2018 276  9.000  109.58    0.20    0.00    0.00    0.00
     59 0 2018 276 10.000  109.56    3.20    0.00    0.00    0.00
     60 0 2018 276 11.000   99.74    1.51    0.00    0.00    0.00
     61 0 2018 276 12.000   87.88    1.37    0.00    0.00    0.00
     62 0 2018 276 13.000   77.10    3.17    0.00    0.00    0.00
     63 0 2018 276 14.000   63.37   -0.42    0.00    0.00    0.00
     64 0 2018 276 15.000   60.53    1.93    0.00    0.00    0.00
     65 0 2018 276 16.000   61.62    1.98    0.00    0.00    0.00
     66 0 2018 276 17.000   68.23    1.10    0.00    0.00    0.00
     67 0 2018 276 18.000   82.37    2.33    0.00    0.00    0.00
     68 0 2018 276 19.000   99.58    3.75    0.00    0.00    0.00
     69 0 2018 276 20.000  114.18    3.13    0.00    0.00    0.00
     70 0 2018 276 21.000  125.81    3.09    0.00    0.00    0.00
     71 0 2018 276 22.000  130.90    2.10    0.00    0.00    0.00
     72 0 2018 276 23.000  129.10    1.22    0.00    0.00    0.00
     73 0 2018 277  0.000  121.11    1.56    0.00    0.00    0.00
     74 0 2018 277  1.000  107.46    2.06    0.00    0.00    0.00
     75 0 2018 277  2.000   92.66    3.77    0.00    0.00    0.00
     76 0 2018 277  3.000   75.76    1.93    0.00    0.00    0.00
     77 0 2018 277  4.000   69.00    5.72    0.00    0.00    0.00
     78 0 2018 277  5.000   60.27    0.83    0.00    0.00    0.00
     79 0 2018 277  6.000   67.38    4.11    0.00    0.00    0.00
     80 0 2018 277  7.000   76.68    3.09    0.00    0.00    0.00
     81 0 2018 277  8.000   88.36    1.15    0.00    0.00    0.00
     82 0 2018 277  9.000  103.88    3.46    0.00    0.00    0.00
     83 0 2018 277 10.000  113.18    3.05    0.00    0.00    0.00
     84 0 2018 277 11.000  117.86    3.92    0.00    0.00    0.00
     85 0 2018 277 12.000  111.69    1.31    0.00    0.00    0.00
     86 0 2018 277 13.000  104.92    4.92    0.00    0.00    0.00
     87 0 2018 277 14.000   86.91    1.31    0.00    0.00    0.00
     88 0 2018 277 15.000   72.21    1.34    0.00    0.00    0.00
     89 0 2018 277 16.000   60.19    1.00    0.00    0.00    0.00
     90 0 2018 277 17.000   56.76    3.29    0.00    0.00    0.00
     91 0 2018 277 18.000   56.33    0.38    0.00    0.00    0.00
     92 0 2018 277 19.000   70.43    3.42    0.00    0.00    0.00
     93 0 2018 277 20.000   86.34    1.83    0.00    0.00    0.00
     94 0 2018 277 21.000  106.09    1.48    0.00    0.00    0.00
     95 0 2018 277 22.000  124.13    1.14    0.00    0.00    0.00
     96 0 2018 277 23.000  137.12    1.76    0.00    0.00    0.00
     97 0 2018 278  0.000  139.59    1.36    0.00    0.00    0.00
     98 0 2018 278  1.000  130.41    0.02    0.00    0.00    0.00
     99 0 2018 278  2.000  115.12    1.38    0.00    0.00    0.00
    100 0 2018 278  3.000   93.73    1.37    0.00    0.00    0.00
    101 0 2018 278  4.000   73.20    2.19    0.00    0.00    0.00
    102 0 2018 278  5.000   54.32   -0.10    0.00    0.00    0.00
    103 0 2018 278  6.000   47.82    1.18    0.00    0.00    0.00
    104 0 2018 278  7.000   50.44    0.69    0.00    0.00    0.00
    105 0 2018 278  8.000   64.10    1.28    0.00    0.00    0.00
    106 0 2018 278  9.000   81.54   -0.79    0.00    0.00    0.00
    107 0 2018 278 10.000  102.94   -0.44    0.00    0.00    0.00
    108 0 2018 278 11.000  121.92    1.26    0.00    0.00    0.00
    109 0 2018 278 12.000  128.64   -0.82    0.00    0.00    0.00
    110 0 2018 278 13.000  127.40    0.12    0.00    0.00    0.00
    111 0 2018 278 14.000  111.69   -3.14    0.00    0.00    0.00
    112 0 2018 278 15.000   95.65    0.20    0.00    0.00    0.00
    113 0 2018 278 16.000   71.32   -2.50    0.00    0.00    0.00
    114 0 2018 278 17.000   55.14   -0.05    0.00    0.00    0.00
    115 0 2018 278 18.000   43.03   -1.60    0.00    0.00    0.00
    116 0 2018 278 19.000   46.15    0.50    0.00    0.00    0.00
    117 0 2018 278 20.000   58.11   -0.69    0.00    0.00    0.00
    118 0 2018 278 21.000   81.55    0.05    0.00    0.00    0.00
    119 0 2018 278 22.000  106.78   -1.92    0.00    0.00    0.00
    120 0 2018 278 23.000  132.72   -1.07    0.00    0.00    0.00
    121 0 2018 279  0.000  149.23   -0.85    0.00    0.00    0.00
    122 0 2018 279  1.000  151.36   -1.73    0.00    0.00    0.00
    123 0 2018 279  2.000  138.50   -3.53    0.00    0.00    0.00
    124 0 2018 279  3.000  121.84    2.17    0.00    0.00    0.00
    125 0 2018 279  4.000   88.30   -2.84    0.00    0.00    0.00
    126 0 2018 279  5.000   61.91   -1.15    0.00    0.00    0.00
    127 0 2018 279  6.000   41.99   -0.27    0.00    0.00    0.00
    128 0 2018 279  7.000   31.06   -2.87    0.00    0.00    0.00
    129 0 2018 279  8.000   36.08   -4.00    0.00    0.00    0.00
    130 0 2018 279  9.000   55.93   -3.31    0.00    0.00    0.00
    131 1 2018 279 10.000   69.47    0.00    0.00    0.00    0.00
    132 0 2018 279 11.000  111.04   -4.79    0.00    0.00    0.00
    133 0 2018 279 12.000  131.51   -6.91    0.00    0.00    0.00
    134 0 2018 279 13.000  146.35   -2.30    0.00    0.00    0.00
    135 0 2018 279 14.000  141.34   -2.96    0.00    0.00    0.00
    136 0 2018 279 15.000  125.59   -1.26    0.00    0.00    0.00
    137 0 2018 279 16.000   97.17   -3.44    0.00    0.00    0.00
    138 0 2018 279 17.000   70.49   -1.55    0.00    0.00    0.00
    139 0 2018 279 18.000   45.71   -2.98    0.00    0.00    0.00
    140 0 2018 279 19.000   36.49   -0.54    0.00    0.00    0.00
    141 0 2018 279 20.000   38.24   -2.26    0.00    0.00    0.00
    142 0 2018 279 21.000   55.46   -3.48    0.00    0.00    0.00
    143 0 2018 279 22.000   84.89   -3.80    0.00    0.00    0.00
    144 0 2018 279 23.000  120.43   -2.19    0.00    0.00    0.00
    145 0 2018 280  0.000  150.36   -1.25    0.00    0.00    0.00
    146 0 2018 280  1.000  166.21   -1.50    0.00    0.00    0.00
    147 0 2018 280  2.000  164.69   -2.27    0.00    0.00    0.00
    148 0 2018 280  3.000  147.04   -2.71    0.00    0.00    0.00
    149 0 2018 280  4.000  117.65   -2.32    0.00    0.00    0.00
    150 0 2018 280  5.000   82.85   -1.63    0.00    0.00    0.00
    151 0 2018 280  6.000   48.74   -3.34    0.00    0.00    0.00
    152 0 2018 280  7.000   26.82   -4.09    0.00    0.00    0.00
    153 0 2018 280  8.000   21.78   -4.19    0.00    0.00    0.00
    154 0 2018 280  9.000   32.90   -5.48    0.00    0.00    0.00
    155 0 2018 280 10.000   62.66   -2.88    0.00    0.00    0.00
    156 0 2018 280 11.000   95.96   -5.04    0.00    0.00    0.00
    157 0 2018 280 12.000  131.60   -3.69    0.00    0.00    0.00
    158 0 2018 280 13.000  157.07   -2.05    0.00    0.00    0.00
    159 0 2018 280 14.000  164.88   -1.97    0.00    0.00    0.00
    160 0 2018 280 15.000  155.52   -1.84    0.00    0.00    0.00
    161 0 2018 280 16.000  133.08   -0.11    0.00    0.00    0.00
    162 0 2018 280 17.000   98.47   -1.71    0.00    0.00    0.00
    163 0 2018 280 18.000   64.94   -2.06    0.00    0.00    0.00
    164 0 2018 280 19.000   39.75   -2.99    0.00    0.00    0.00
    165 0 2018 280 20.000   30.90   -2.88    0.00    0.00    0.00
    166 0 2018 280 21.000   38.35   -4.24    0.00    0.00    0.00
    167 0 2018 280 22.000   63.78   -4.07    0.00    0.00    0.00
    168 0 2018 280 23.000  102.36   -1.69    0.00    0.00    0.00
    169 0 2018 281  0.000  137.31   -4.36    0.00    0.00    0.00
    170 0 2018 281  1.000  165.09   -5.04    0.00    0.00    0.00
    171 0 2018 281  2.000  178.05   -3.97    0.00    0.00    0.00
    172 0 2018 281  3.000  172.31   -2.53    0.00    0.00    0.00
    173 0 2018 281  4.000  145.53   -4.79    0.00    0.00    0.00
    174 0 2018 281  5.000  110.27   -3.60    0.00    0.00    0.00
    175 0 2018 281  6.000   72.37   -2.00    0.00    0.00    0.00
    176 0 2018 281  7.000   38.51   -3.52    0.00    0.00    0.00
    177 0 2018 281  8.000   22.96   -1.81    0.00    0.00    0.00
    178 0 2018 281  9.000   24.58   -1.84    0.00    0.00    0.00
    179 0 2018 281 10.000   48.14    1.32    0.00    0.00    0.00
    180 0 2018 281 11.000   80.69   -1.00    0.00    0.00    0.00
    181 0 2018 281 12.000  120.40   -1.80    0.00    0.00    0.00
    182 0 2018 281 13.000  156.39   -0.89    0.00    0.00    0.00
    183 0 2018 281 14.000  177.01   -0.95    0.00    0.00    0.00
    184 0 2018 281 15.000  176.01   -4.01    0.00    0.00    0.00
    185 0 2018 281 16.000  158.35   -5.29    0.00    0.00    0.00
    186 0 2018 281 17.000  126.10   -6.61    0.00    0.00    0.00
    187 0 2018 281 18.000   89.80   -5.27    0.00    0.00    0.00
    188 0 2018 281 19.000   54.53   -6.46    0.00    0.00    0.00
    189 0 2018 281 20.000   35.38   -4.14    0.00    0.00    0.00
    190 0 2018 281 21.000   35.01   -0.88    0.00    0.00    0.00
    191 0 2018 281 22.000   47.31   -4.00    0.00    0.00    0.00
    192 0 2018 281 23.000   79.18   -3.63    0.00    0.00    0.00
    193 0 2018 282  0.000  119.78   -2.80    0.00    0.00    0.00
    194 0 2018 282  1.000  154.44   -5.02    0.00    0.00    0.00
    195 0 2018 282  2.000  179.84   -3.45    0.00    0.00    0.00
    196 0 2018 282  3.000  186.81   -1.66    0.00    0.00    0.00
    197 0 2018 282  4.000  171.73   -2.37    0.00    0.00    0.00
    198 0 2018 282  5.000  141.24   -2.07    0.00    0.00    0.00
    199 0 2018 282  6.000  102.42   -0.92    0.00    0.00    0.00
    200 0 2018 282  7.000   64.84    0.35    0.00    0.00    0.00
    201 0 2018 282  8.000   37.12    0.37    0.00    0.00    0.00
    202 0 2018 282  9.000   29.58    2.98    0.00    0.00    0.00
    203 0 2018 282 10.000   36.80    0.36    0.00    0.00    0.00
    204 0 2018 282 11.000   67.89    3.31    0.00    0.00    0.00
    205 0 2018 282 12.000  108.18    3.69    0.00    0.00    0.00
    206 0 2018 282 13.000  149.93    4.43    0.00    0.00    0.00
    207 0 2018 282 14.000  182.38    5.70    0.00    0.00    0.00
    208 0 2018 282 15.000  195.39    4.55    0.00    0.00    0.00
    209 0 2018 282 16.000  192.18    6.76    0.00    0.00    0.00
    210 0 2018 282 17.000  166.25    4.38    0.00    0.00    0.00
    211 0 2018 282 18.000  131.83    5.92    0.00    0.00    0.00
    212 0 2018 282 19.000   89.98    2.89    0.00    0.00    0.00
    213 0 2018 282 20.000   64.02    8.29    0.00    0.00    0.00
    214 0 2018 282 21.000   47.91    8.34    0.00    0.00    0.00
    215 0 2018 282 22.000   53.06   10.65    0.00    0.00    0.00
    216 0 2018 282 23.000   73.60    9.51    0.00    0.00    0.00
    217 0 2018 283  0.000  109.35    9.87    0.00    0.00    0.00
    218 0 2018 283  1.000  151.29   12.52    0.00    0.00    0.00
    219 0 2018 283  2.000  180.69    9.83    0.00    0.00    0.00
    220 0 2018 283  3.000  200.95   13.33    0.00    0.00    0.00
    221 0 2018 283  4.000  200.91   15.42    0.00    0.00    0.00
    222 0 2018 283  5.000  176.65   11.68    0.00    0.00    0.00
    223 0 2018 283  6.000  139.46    8.68    0.00    0.00    0.00
    224 0 2018 283  7.000   95.66    3.96    0.00    0.00    0.00
    225 0 2018 283  8.000   62.98    5.00    0.00    0.00    0.00
    226 0 2018 283  9.000   45.06    7.15    0.00    0.00    0.00
    227 0 2018 283 10.000   42.90    6.65    0.00    0.00    0.00
    228 0 2018 283 11.000   62.88    8.81    0.00    0.00    0.00
    229 0 2018 283 12.000   97.22    9.51    0.00    0.00    0.00
    230 0 2018 283 13.000  139.83   11.37    0.00    0.00    0.00
    231 1 2018 283 14.000  181.75    0.00    0.00    0.00    0.00
    232 0 2018 283 15.000  205.99   16.81    0.00    0.00    0.00
    233 1 2018 283 16.000  214.88    0.00    0.00    0.00    0.00
    234 1 2018 283 17.000  202.55    0.00    0.00    0.00    0.00
    235 0 2018 283 18.000  168.58   16.12    0.00    0.00    0.00
    236 0 2018 283 19.000  131.36   16.80    0.00    0.00    0.00
    237 1 2018 283 20.000   96.86    0.00    0.00    0.00    0.00
    238 0 2018 283 21.000   66.61   14.55    0.00    0.00    0.00
    239 1 2018 283 22.000   69.91    0.00    0.00    0.00    0.00
    240 1 2018 283 23.000   79.16    0.00    0.00    0.00    0.00
    241 1 2018 284  0.000  104.62    0.00    0.00    0.00    0.00
    242 1 2018 284  1.000  145.58    0.00    0.00    0.00    0.00
    243 1 2018 284  2.000  181.91    0.00    0.00    0.00    0.00
    244 1 2018 284  3.000  207.46    0.00    0.00    0.00    0.00
    245 1 2018 284  4.000  213.38    0.00    0.00    0.00    0.00
    246 1 2018 284  5.000  204.64    0.00    0.00    0.00    0.00
    247 1 2018 284  6.000  169.32    0.00    0.00    0.00    0.00
    248 1 2018 284  7.000  133.34    0.00    0.00    0.00    0.00
    249 0 2018 284  8.000   93.43   11.97    0.00    0.00    0.00
    250 0 2018 284  9.000   60.00    4.41    0.00    0.00    0.00
    251 0 2018 284 10.000   46.67    2.47    0.00    0.00    0.00
    252 0 2018 284 11.000   50.77    0.09    0.00    0.00    0.00
    253 0 2018 284 12.000   70.69   -3.93    0.00    0.00    0.00
    254 0 2018 284 13.000  104.62   -5.59    0.00    0.00    0.00
    255 0 2018 284 14.000  141.90   -5.68    0.00    0.00    0.00
    256 0 2018 284 15.000  172.72   -4.34    0.00    0.00    0.00
    257 0 2018 284 16.000  187.38   -4.78    0.00    0.00    0.00
    258 0 2018 284 17.000  185.73   -3.92    0.00    0.00    0.00
    259 0 2018 284 18.000  167.55   -2.27    0.00    0.00    0.00
    260 0 2018 284 19.000  132.93   -4.55    0.00    0.00    0.00
    261 0 2018 284 20.000   96.58   -4.62    0.00    0.00    0.00
    262 0 2018 284 21.000   66.33   -3.61    0.00    0.00    0.00
    263 0 2018 284 22.000   48.91   -1.63    0.00    0.00    0.00
    264 0 2018 284 23.000   45.55   -2.00    0.00    0.00    0.00
    265 0 2018 285  0.000   60.09   -2.17    0.00    0.00    0.00
    266 0 2018 285  1.000   88.82   -1.83    0.00    0.00    0.00
    267 0 2018 285  2.000  126.49    2.70    0.00    0.00    0.00
    268 0 2018 285  3.000  150.03   -1.99    0.00    0.00    0.00
    269 0 2018 285  4.000  167.65   -1.02    0.00    0.00    0.00
    270 0 2018 285  5.000  167.23   -3.10    0.00    0.00    0.00
    271 0 2018 285  6.000  152.95   -3.55    0.00    0.00    0.00
    272 0 2018 285  7.000  125.74   -4.89    0.00    0.00    0.00
    273 0 2018 285  8.000   96.97   -3.05    0.00    0.00    0.00
    274 0 2018 285  9.000   65.97   -6.85    0.00    0.00    0.00
    275 0 2018 285 10.000   49.20   -6.15    0.00    0.00    0.00
    276 0 2018 285 11.000   44.79   -7.17    0.00    0.00    0.00
    277 0 2018 285 12.000   61.35   -3.56    0.00    0.00    0.00
    278 0 2018 285 13.000   88.65   -3.45    0.00    0.00    0.00
    279 0 2018 285 14.000  125.85   -0.24    0.00    0.00    0.00
    280 0 2018 285 15.000  154.40   -2.90    0.00    0.00    0.00
    281 0 2018 285 16.000  174.84   -3.54    0.00    0.00    0.00
    282 0 2018 285 17.000  184.18   -0.91    0.00    0.00    0.00
    283 0 2018 285 18.000  173.51   -2.25    0.00    0.00    0.00
    284 0 2018 285 19.000  148.66   -3.51    0.00    0.00    0.00
    285 0 2018 285 20.000  115.03   -5.47    0.00    0.00    0.00
    286 0 2018 285 21.000   84.47   -4.52    0.00    0.00    0.00
    287 0 2018 285 22.000   57.50   -7.11    0.00    0.00    0.00
    288 0 2018 285 23.000   47.27   -5.07    0.00    0.00    0.00
    289 0 2018 286  0.000   53.80   -1.67    0.00    0.00    0.00
    290 0 2018 286  1.000   68.52   -5.22    0.00    0.00    0.00
    291 0 2018 286  2.000   96.07   -5.23    0.00    0.00    0.00
    292 0 2018 286  3.000  124.10   -4.88    0.00    0.00    0.00
    293 0 2018 286  4.000  143.76   -5.29    0.00    0.00    0.00
    294 0 2018 286  5.000  151.78   -5.57    0.00    0.00    0.00
    295 0 2018 286  6.000  147.08   -5.20    0.00    0.00    0.00
    296 0 2018 286  7.000  128.20   -6.63    0.00    0.00    0.00
    297 0 2018 286  8.000  102.76   -6.91    0.00    0.00    0.00
    298 0 2018 286  9.000   76.49   -7.44    0.00    0.00    0.00
    299 0 2018 286 10.000   58.49   -5.39    0.00    0.00    0.00
    300 0 2018 286 11.000   48.40   -5.34    0.00    0.00    0.00
    301 0 2018 286 12.000   50.83   -5.77    0.00    0.00    0.00
    302 0 2018 286 13.000   71.07   -2.51    0.00    0.00    0.00
    303 0 2018 286 14.000   97.54   -3.60    0.00    0.00    0.00
    304 0 2018 286 15.000  128.60   -2.68    0.00    0.00    0.00
    305 0 2018 286 16.000  153.78   -2.00    0.00    0.00    0.00
    306 0 2018 286 17.000  166.23   -3.25    0.00    0.00    0.00
    307 0 2018 286 18.000  165.92   -4.04    0.00    0.00    0.00
    308 0 2018 286 19.000  154.72   -2.25    0.00    0.00    0.00
    309 0 2018 286 20.000  128.48   -5.06    0.00    0.00    0.00
    310 0 2018 286 21.000  104.04   -2.03    0.00    0.00    0.00
    311 0 2018 286 22.000   77.79   -3.65    0.00    0.00    0.00
    312 0 2018 286 23.000   62.63   -1.99    0.00    0.00    0.00
    313 0 2018 287  0.000   57.23   -1.77    0.00    0.00    0.00
    314 0 2018 287  1.000   64.65   -1.92    0.00    0.00    0.00
    315 0 2018 287  2.000   85.16   -0.46    0.00    0.00    0.00
    316 0 2018 287  3.000  112.10    2.58    0.00    0.00    0.00
    317 0 2018 287  4.000  125.31   -4.59    0.00    0.00    0.00
    318 0 2018 287  5.000  141.68    0.57    0.00    0.00    0.00
    319 0 2018 287  6.000  140.50   -0.66    0.00    0.00    0.00
    320 0 2018 287  7.000  133.64    3.43    0.00    0.00    0.00
    321 0 2018 287  8.000  115.01    4.43    0.00    0.00    0.00
    322 0 2018 287  9.000   94.85    7.61    0.00    0.00    0.00
    323 0 2018 287 10.000   69.71    3.46    0.00    0.00    0.00
    324 0 2018 287 11.000   57.73    5.66    0.00    0.00    0.00
    325 0 2018 287 12.000   51.34    3.95    0.00    0.00    0.00
    326 0 2018 287 13.000   60.21    6.02    0.00    0.00    0.00
    327 0 2018 287 14.000   75.77    3.07    0.00    0.00    0.00
    328 0 2018 287 15.000  102.93    4.10    0.00    0.00    0.00
    329 0 2018 287 16.000  125.48    0.47    0.00    0.00    0.00
    330 0 2018 287 17.000  149.39    5.03    0.00    0.00    0.00
    331 0 2018 287 18.000  155.07    1.68    0.00    0.00    0.00
    332 0 2018 287 19.000  155.39    4.07    0.00    0.00    0.00
    333 0 2018 287 20.000  145.51    6.53    0.00    0.00    0.00
    334 0 2018 287 21.000  122.33    2.71    0.00    0.00    0.00
    335 0 2018 287 22.000  101.43    2.64    0.00    0.00    0.00
    336 0 2018 287 23.000   87.62    5.82    0.00    0.00    0.00
    337 0 2018 288  0.000   75.41    3.48    0.00    0.00    0.00
    338 0 2018 288  1.000   73.98    2.92    0.00    0.00    0.00
    339 0 2018 288  2.000   82.10    2.04    0.00    0.00    0.00
    340 0 2018 288  3.000   98.96    2.26    0.00    0.00    0.00
    341 0 2018 288  4.000  116.92    2.28    0.00    0.00    0.00
    342 0 2018 288  5.000  129.03    2.44    0.00    0.00    0.00
    343 0 2018 288  6.000  134.77    6.09    0.00    0.00    0.00
    344 1 2018 288  7.000 9999.99    0.00    0.00    0.00    0.00
    345 1 2018 288  8.000 9999.99    0.00    0.00    0.00    0.00
    346 1 2018 288  9.000 9999.99    0.00    0.00    0.00    0.00
    347 1 2018 288 10.000 9999.99    0.00    0.00    0.00    0.00
    348 1 2018 288 11.000 9999.99    0.00    0.00    0.00    0.00
    349 1 2018 288 12.000 9999.99    0.00    0.00    0.00    0.00
    350 1 2018 288 13.000 9999.99    0.00    0.00    0.00    0.00
    351 1 2018 288 14.000 9999.99    0.00    0.00    0.00    0.00
    352 1 2018 288 15.000 9999.99    0.00    0.00    0.00    0.00
    353 1 2018 288 16.000 9999.99    0.00    0.00    0.00    0.00
    354 1 2018 288 17.000 9999.99    0.00    0.00    0.00    0.00
    355 1 2018 288 18.000 9999.99    0.00    0.00    0.00    0.00
    356 1 2018 288 19.000 9999.99    0.00    0.00    0.00    0.00
    357 1 2018 288 20.000 9999.99    0.00    0.00    0.00    0.00
    358 1 2018 288 21.000 9999.99    0.00    0.00    0.00    0.00
    359 1 2018 288 22.000 9999.99    0.00    0.00    0.00    0.00
