                                                                                
                                                                                
                                                                                
                                                                                
                                                                                
                                                                                
                                                                                
                                                                                
                                                                                
                                                                                
                                                                                
                                                                                
                                                                                
                                                                                
                                                                                
                                                                                
                                                                                
                                                                                
                                                                                
                                                                                
      1 1 2011 350  0.000 9999.99    0.00    0.00    0.00    0.00
      2 1 2011 350  1.000 -729.60    0.00    0.00    0.00    0.00
      3 1 2011 350  2.000 -729.60    0.00    0.00    0.00    0.00
      4 1 2011 350  3.000 -729.60    0.00    0.00    0.00    0.00
      5 0 2011 350  4.000 -729.60   20.23    0.00    0.00    0.00
      6 0 2011 350  5.000 -754.90   -9.06    0.00    0.00    0.00
      7 0 2011 350  6.000 -747.30   -0.37    0.00    0.00    0.00
      8 0 2011 350  7.000 -746.10    1.69    0.00    0.00    0.00
      9 0 2011 350  8.000 -757.80   -2.68    0.00    0.00    0.00
     10 0 2011 350  9.000 -771.35    0.87    0.00    0.00    0.00
     11 0 2011 350 10.000 -787.30    2.45    0.00    0.00    0.00
     12 0 2011 350 11.000 -804.40   -5.07    0.00    0.00    0.00
     13 0 2011 350 12.000 -804.75   -1.46    0.00    0.00    0.00
     14 0 2011 350 13.000 -802.90    0.74    0.00    0.00    0.00
     15 0 2011 350 14.000 -792.10    2.23    0.00    0.00    0.00
     16 0 2011 350 15.000 -774.95   -0.97    0.00    0.00    0.00
     17 0 2011 350 16.000 -756.20   -1.66    0.00    0.00    0.00
     18 1 2011 350 17.000 9999.99    0.00    0.00    0.00    0.00
     19 1 2011 350 18.000 9999.99    0.00    0.00    0.00    0.00
     20 1 2011 350 19.000 9999.99    0.00    0.00    0.00    0.00
     21 1 2011 350 20.000 9999.99    0.00    0.00    0.00    0.00
     22 1 2011 350 21.000 -752.40    0.00    0.00    0.00    0.00
     23 1 2011 350 22.000 9999.99    0.00    0.00    0.00    0.00
     24 1 2011 350 23.000 9999.99    0.00    0.00    0.00    0.00
     25 1 2011 351  0.000 9999.99    0.00    0.00    0.00    0.00
     26 1 2011 351  1.000 -812.10    0.00    0.00    0.00    0.00
     27 1 2011 351  2.000 -811.70    0.00    0.00    0.00    0.00
     28 1 2011 351  3.000 -800.80    0.00    0.00    0.00    0.00
     29 1 2011 351  4.000 -785.70    0.00    0.00    0.00    0.00
     30 1 2011 351  5.000 9999.99    0.00    0.00    0.00    0.00
     31 0 2011 351  6.000 -754.60   -2.49    0.00    0.00    0.00
     32 0 2011 351  7.000 -750.20   -0.99    0.00    0.00    0.00
     33 1 2011 351  8.000 9999.99    0.00    0.00    0.00    0.00
     34 1 2011 351  9.000 9999.99    0.00    0.00    0.00    0.00
     35 1 2011 351 10.000 9999.99    0.00    0.00    0.00    0.00
     36 1 2011 351 11.000 9999.99    0.00    0.00    0.00    0.00
     37 1 2011 351 12.000 9999.99    0.00    0.00    0.00    0.00
     38 1 2011 351 13.000 9999.99    0.00    0.00    0.00    0.00
     39 1 2011 351 14.000 9999.99    0.00    0.00    0.00    0.00
     40 1 2011 351 15.000 9999.99    0.00    0.00    0.00    0.00
     41 1 2011 351 16.000 9999.99    0.00    0.00    0.00    0.00
     42 1 2011 351 17.000 9999.99    0.00    0.00    0.00    0.00
     43 1 2011 351 18.000 -741.60    0.00    0.00    0.00    0.00
     44 1 2011 351 19.000 9999.99    0.00    0.00    0.00    0.00
     45 1 2011 351 20.000 9999.99    0.00    0.00    0.00    0.00
     46 1 2011 351 21.000 9999.99    0.00    0.00    0.00    0.00
     47 1 2011 351 22.000 9999.99    0.00    0.00    0.00    0.00
     48 0 2011 351 23.000 -778.70    2.04    0.00    0.00    0.00
     49 0 2011 352  0.000 -796.10   -0.28    0.00    0.00    0.00
     50 0 2011 352  1.000 -811.50   -4.93    0.00    0.00    0.00
     51 0 2011 352  2.000 -815.20   -3.43    0.00    0.00    0.00
     52 0 2011 352  3.000 -810.60   -2.69    0.00    0.00    0.00
     53 0 2011 352  4.000 -802.10   -7.47    0.00    0.00    0.00
     54 0 2011 352  5.000 -786.10   -7.86    0.00    0.00    0.00
     55 0 2011 352  6.000 -772.10   -6.73    0.00    0.00    0.00
     56 1 2011 352  7.000 9999.99    0.00    0.00    0.00    0.00
     57 0 2011 352  8.000 -747.10    2.56    0.00    0.00    0.00
     58 0 2011 352  9.000 -747.00   -0.22    0.00    0.00    0.00
     59 0 2011 352 10.000 -749.90    1.14    0.00    0.00    0.00
     60 1 2011 352 11.000 9999.99    0.00    0.00    0.00    0.00
     61 1 2011 352 12.000 9999.99    0.00    0.00    0.00    0.00
     62 0 2011 352 13.000 -785.00   -1.66    0.00    0.00    0.00
     63 0 2011 352 14.000 -791.60   -2.23    0.00    0.00    0.00
     64 0 2011 352 15.000 -787.50    1.28    0.00    0.00    0.00
     65 1 2011 352 16.000 9999.99    0.00    0.00    0.00    0.00
     66 1 2011 352 17.000 9999.99    0.00    0.00    0.00    0.00
     67 0 2011 352 18.000 -758.00   -1.96    0.00    0.00    0.00
     68 0 2011 352 19.000 -747.40    0.36    0.00    0.00    0.00
     69 0 2011 352 20.000 -738.80    4.23    0.00    0.00    0.00
     70 0 2011 352 21.000 -741.80    0.85    0.00    0.00    0.00
     71 0 2011 352 22.000 -750.40   -1.74    0.00    0.00    0.00
     72 0 2011 352 23.000 -765.70   -4.25    0.00    0.00    0.00
     73 0 2011 353  0.000 -777.00    1.49    0.00    0.00    0.00
     74 0 2011 353  1.000 -794.70    0.87    0.00    0.00    0.00
     75 0 2011 353  2.000 -806.50    1.83    0.00    0.00    0.00
     76 0 2011 353  3.000 -811.15    2.31    0.00    0.00    0.00
     77 0 2011 353  4.000 -808.20    1.79    0.00    0.00    0.00
     78 1 2011 353  5.000 9999.99    0.00    0.00    0.00    0.00
     79 1 2011 353  6.000 9999.99    0.00    0.00    0.00    0.00
     80 1 2011 353  7.000 9999.99    0.00    0.00    0.00    0.00
     81 1 2011 353  8.000 9999.99    0.00    0.00    0.00    0.00
     82 1 2011 353  9.000 9999.99    0.00    0.00    0.00    0.00
     83 1 2011 353 10.000 9999.99    0.00    0.00    0.00    0.00
     84 1 2011 353 11.000 9999.99    0.00    0.00    0.00    0.00
     85 1 2011 353 12.000 9999.99    0.00    0.00    0.00    0.00
     86 0 2011 353 13.000 -763.60    1.65    0.00    0.00    0.00
     87 0 2011 353 14.000 -774.30    3.47    0.00    0.00    0.00
     88 0 2011 353 15.000 -784.30    0.93    0.00    0.00    0.00
     89 0 2011 353 16.000 -785.40    0.84    0.00    0.00    0.00
     90 0 2011 353 17.000 -784.30   -2.26    0.00    0.00    0.00
     91 0 2011 353 18.000 -775.05   -1.26    0.00    0.00    0.00
     92 0 2011 353 19.000 -764.15   -1.39    0.00    0.00    0.00
     93 0 2011 353 20.000 -753.00   -0.90    0.00    0.00    0.00
     94 0 2011 353 21.000 -746.70   -1.22    0.00    0.00    0.00
     95 0 2011 353 22.000 -746.30   -1.95    0.00    0.00    0.00
     96 0 2011 353 23.000 -749.50   -0.60    0.00    0.00    0.00
     97 0 2011 354  0.000 -761.40   -1.25    0.00    0.00    0.00
     98 0 2011 354  1.000 -778.10   -0.31    0.00    0.00    0.00
     99 0 2011 354  2.000 -791.70    5.08    0.00    0.00    0.00
    100 0 2011 354  3.000 -805.70    4.42    0.00    0.00    0.00
    101 0 2011 354  4.000 -812.60    2.40    0.00    0.00    0.00
    102 0 2011 354  5.000 -811.80    1.27    0.00    0.00    0.00
    103 0 2011 354  6.000 -805.25    0.03    0.00    0.00    0.00
    104 0 2011 354  7.000 -788.00    3.18    0.00    0.00    0.00
    105 1 2011 354  8.000 9999.99    0.00    0.00    0.00    0.00
    106 1 2011 354  9.000 9999.99    0.00    0.00    0.00    0.00
    107 1 2011 354 10.000 9999.99    0.00    0.00    0.00    0.00
    108 1 2011 354 11.000 9999.99    0.00    0.00    0.00    0.00
    109 1 2011 354 12.000 9999.99    0.00    0.00    0.00    0.00
    110 1 2011 354 13.000 9999.99    0.00    0.00    0.00    0.00
    111 1 2011 354 14.000 9999.99    0.00    0.00    0.00    0.00
    112 1 2011 354 15.000 9999.99    0.00    0.00    0.00    0.00
    113 1 2011 354 16.000 9999.99    0.00    0.00    0.00    0.00
    114 1 2011 354 17.000 9999.99    0.00    0.00    0.00    0.00
    115 1 2011 354 18.000 -788.70    0.00    0.00    0.00    0.00
    116 1 2011 354 19.000 9999.99    0.00    0.00    0.00    0.00
    117 1 2011 354 20.000 9999.99    0.00    0.00    0.00    0.00
    118 0 2011 354 21.000 -750.60    6.96    0.00    0.00    0.00
    119 0 2011 354 22.000 -751.40   -2.22    0.00    0.00    0.00
    120 1 2011 354 23.000 9999.99    0.00    0.00    0.00    0.00
    121 1 2011 355  0.000 9999.99    0.00    0.00    0.00    0.00
    122 1 2011 355  1.000 9999.99    0.00    0.00    0.00    0.00
    123 1 2011 355  2.000 9999.99    0.00    0.00    0.00    0.00
    124 1 2011 355  3.000 9999.99    0.00    0.00    0.00    0.00
    125 1 2011 355  4.000 9999.99    0.00    0.00    0.00    0.00
    126 1 2011 355  5.000 9999.99    0.00    0.00    0.00    0.00
    127 1 2011 355  6.000 9999.99    0.00    0.00    0.00    0.00
    128 0 2011 355  7.000 -808.40    0.98    0.00    0.00    0.00
    129 0 2011 355  8.000 -791.50    1.61    0.00    0.00    0.00
    130 0 2011 355  9.000 -771.90   -0.01    0.00    0.00    0.00
    131 0 2011 355 10.000 -749.40    3.39    0.00    0.00    0.00
    132 0 2011 355 11.000 -735.20    3.34    0.00    0.00    0.00
    133 0 2011 355 12.000 -727.10    2.18    0.00    0.00    0.00
    134 0 2011 355 13.000 -730.10   -1.62    0.00    0.00    0.00
    135 0 2011 355 14.000 -739.70   -0.19    0.00    0.00    0.00
    136 0 2011 355 15.000 -757.60    0.56    0.00    0.00    0.00
    137 0 2011 355 16.000 -772.95    2.61    0.00    0.00    0.00
    138 0 2011 355 17.000 -786.90    0.84    0.00    0.00    0.00
    139 0 2011 355 18.000 -796.40   -0.50    0.00    0.00    0.00
    140 0 2011 355 19.000 -798.00    0.69    0.00    0.00    0.00
    141 1 2011 355 20.000 9999.99    0.00    0.00    0.00    0.00
    142 0 2011 355 21.000 -776.50    1.01    0.00    0.00    0.00
    143 0 2011 355 22.000 -765.20   -2.93    0.00    0.00    0.00
    144 0 2011 355 23.000 -751.00    0.58    0.00    0.00    0.00
    145 0 2011 356  0.000 -746.50   -0.56    0.00    0.00    0.00
    146 0 2011 356  1.000 -746.30    0.83    0.00    0.00    0.00
    147 0 2011 356  2.000 -757.90    0.93    0.00    0.00    0.00
    148 1 2011 356  3.000 9999.99    0.00    0.00    0.00    0.00
    149 1 2011 356  4.000 9999.99    0.00    0.00    0.00    0.00
    150 1 2011 356  5.000 9999.99    0.00    0.00    0.00    0.00
    151 1 2011 356  6.000 9999.99    0.00    0.00    0.00    0.00
    152 0 2011 356  7.000 -807.50   11.81    0.00    0.00    0.00
    153 0 2011 356  8.000 -807.20    3.40    0.00    0.00    0.00
    154 0 2011 356  9.000 -787.90    3.68    0.00    0.00    0.00
    155 1 2011 356 10.000 9999.99    0.00    0.00    0.00    0.00
    156 1 2011 356 11.000 9999.99    0.00    0.00    0.00    0.00
    157 1 2011 356 12.000 9999.99    0.00    0.00    0.00    0.00
    158 1 2011 356 13.000 9999.99    0.00    0.00    0.00    0.00
    159 1 2011 356 14.000 9999.99    0.00    0.00    0.00    0.00
    160 1 2011 356 15.000 9999.99    0.00    0.00    0.00    0.00
    161 1 2011 356 16.000 9999.99    0.00    0.00    0.00    0.00
    162 1 2011 356 17.000 9999.99    0.00    0.00    0.00    0.00
    163 1 2011 356 18.000 9999.99    0.00    0.00    0.00    0.00
    164 0 2011 356 19.000 -803.00    1.60    0.00    0.00    0.00
    165 0 2011 356 20.000 -805.20    1.96    0.00    0.00    0.00
    166 0 2011 356 21.000 -796.45    1.99    0.00    0.00    0.00
    167 0 2011 356 22.000 -781.90   -0.30    0.00    0.00    0.00
    168 0 2011 356 23.000 -763.50    0.60    0.00    0.00    0.00
    169 0 2011 357  0.000 -749.50    1.26    0.00    0.00    0.00
    170 0 2011 357  1.000 -742.30    1.18    0.00    0.00    0.00
    171 0 2011 357  2.000 -743.70    1.69    0.00    0.00    0.00
    172 0 2011 357  3.000 -754.30    4.54    0.00    0.00    0.00
    173 0 2011 357  4.000 -793.80  -14.00    0.00    0.00    0.00
    174 0 2011 357  5.000 -797.20    2.59    0.00    0.00    0.00
    175 0 2011 357  6.000 -812.60    0.99    0.00    0.00    0.00
    176 0 2011 357  7.000 -823.15   -2.46    0.00    0.00    0.00
    177 0 2011 357  8.000 -824.60   -4.64    0.00    0.00    0.00
    178 0 2011 357  9.000 -811.50   -2.93    0.00    0.00    0.00
    179 1 2011 357 10.000 -765.70    0.00    0.00    0.00    0.00
    180 0 2011 357 11.000 -762.30   -0.09    0.00    0.00    0.00
    181 0 2011 357 12.000 -739.00    0.58    0.00    0.00    0.00
    182 0 2011 357 13.000 -725.40   -2.46    0.00    0.00    0.00
    183 0 2011 357 14.000 -719.20   -3.62    0.00    0.00    0.00
    184 0 2011 357 15.000 -722.50   -1.47    0.00    0.00    0.00
    185 0 2011 357 16.000 -737.80    0.88    0.00    0.00    0.00
    186 0 2011 357 17.000 -760.90    1.20    0.00    0.00    0.00
    187 0 2011 357 18.000 -785.40   -1.23    0.00    0.00    0.00
    188 0 2011 357 19.000 -802.15   -0.82    0.00    0.00    0.00
    189 0 2011 357 20.000 -808.90    2.64    0.00    0.00    0.00
    190 0 2011 357 21.000 -811.85   -0.12    0.00    0.00    0.00
    191 0 2011 357 22.000 -799.90    0.60    0.00    0.00    0.00
    192 0 2011 357 23.000 -780.45    1.10    0.00    0.00    0.00
    193 0 2011 358  0.000 -764.60   -2.90    0.00    0.00    0.00
    194 0 2011 358  1.000 -747.50   -0.92    0.00    0.00    0.00
    195 0 2011 358  2.000 -736.10    3.72    0.00    0.00    0.00
    196 0 2011 358  3.000 -740.70    3.30    0.00    0.00    0.00
    197 0 2011 358  4.000 -757.00    2.16    0.00    0.00    0.00
    198 0 2011 358  5.000 -778.80    1.81    0.00    0.00    0.00
    199 0 2011 358  6.000 -803.10   -2.00    0.00    0.00    0.00
    200 0 2011 358  7.000 -820.70   -5.36    0.00    0.00    0.00
    201 0 2011 358  8.000 -829.15   -7.90    0.00    0.00    0.00
    202 0 2011 358  9.000 -810.10    7.59    0.00    0.00    0.00
    203 0 2011 358 10.000 -810.50   -6.86    0.00    0.00    0.00
    204 0 2011 358 11.000 -785.70   -5.01    0.00    0.00    0.00
    205 0 2011 358 12.000 -755.40   -1.24    0.00    0.00    0.00
    206 0 2011 358 13.000 -733.80   -3.05    0.00    0.00    0.00
    207 0 2011 358 14.000 -715.30    0.38    0.00    0.00    0.00
    208 0 2011 358 15.000 -711.40    0.71    0.00    0.00    0.00
    209 0 2011 358 16.000 -721.85   -0.61    0.00    0.00    0.00
    210 0 2011 358 17.000 -743.00   -1.74    0.00    0.00    0.00
    211 0 2011 358 18.000 -768.00   -1.45    0.00    0.00    0.00
    212 0 2011 358 19.000 -791.80   -1.74    0.00    0.00    0.00
    213 0 2011 358 20.000 -808.30   -1.55    0.00    0.00    0.00
    214 0 2011 358 21.000 -815.20   -0.92    0.00    0.00    0.00
    215 0 2011 358 22.000 -810.85    0.53    0.00    0.00    0.00
    216 0 2011 358 23.000 -795.40    2.46    0.00    0.00    0.00
    217 0 2011 359  0.000 -774.60    2.28    0.00    0.00    0.00
    218 0 2011 359  1.000 -754.15    1.25    0.00    0.00    0.00
    219 0 2011 359  2.000 -738.90    1.74    0.00    0.00    0.00
    220 0 2011 359  3.000 -735.70    0.74    0.00    0.00    0.00
    221 1 2011 359  4.000 9999.99    0.00    0.00    0.00    0.00
    222 1 2011 359  5.000 9999.99    0.00    0.00    0.00    0.00
    223 0 2011 359  6.000 -783.70   -1.65    0.00    0.00    0.00
    224 0 2011 359  7.000 -802.70    0.25    0.00    0.00    0.00
    225 1 2011 359  8.000 9999.99    0.00    0.00    0.00    0.00
    226 1 2011 359  9.000 9999.99    0.00    0.00    0.00    0.00
    227 1 2011 359 10.000 9999.99    0.00    0.00    0.00    0.00
    228 1 2011 359 11.000 9999.99    0.00    0.00    0.00    0.00
    229 1 2011 359 12.000 9999.99    0.00    0.00    0.00    0.00
    230 1 2011 359 13.000 9999.99    0.00    0.00    0.00    0.00
    231 1 2011 359 14.000 9999.99    0.00    0.00    0.00    0.00
    232 1 2011 359 15.000 9999.99    0.00    0.00    0.00    0.00
    233 1 2011 359 16.000 9999.99    0.00    0.00    0.00    0.00
    234 1 2011 359 17.000 9999.99    0.00    0.00    0.00    0.00
    235 0 2011 359 18.000 -746.60   -1.47    0.00    0.00    0.00
    236 0 2011 359 19.000 -772.20   -0.55    0.00    0.00    0.00
    237 0 2011 359 20.000 -794.70   -0.06    0.00    0.00    0.00
    238 0 2011 359 21.000 -809.30   -0.82    0.00    0.00    0.00
    239 0 2011 359 22.000 -815.80   -3.46    0.00    0.00    0.00
    240 0 2011 359 23.000 -806.90   -0.31    0.00    0.00    0.00
    241 0 2011 360  0.000 -792.50   -1.50    0.00    0.00    0.00
    242 0 2011 360  1.000 -773.50   -4.98    0.00    0.00    0.00
    243 0 2011 360  2.000 -750.25   -3.00    0.00    0.00    0.00
    244 0 2011 360  3.000 -740.30   -5.25    0.00    0.00    0.00
    245 0 2011 360  4.000 -736.80   -2.54    0.00    0.00    0.00
    246 0 2011 360  5.000 -746.80   -3.27    0.00    0.00    0.00
    247 0 2011 360  6.000 -765.40   -4.09    0.00    0.00    0.00
    248 1 2011 360  7.000 9999.99    0.00    0.00    0.00    0.00
    249 1 2011 360  8.000 9999.99    0.00    0.00    0.00    0.00
    250 1 2011 360  9.000 9999.99    0.00    0.00    0.00    0.00
    251 1 2011 360 10.000 9999.99    0.00    0.00    0.00    0.00
    252 1 2011 360 11.000 9999.99    0.00    0.00    0.00    0.00
    253 1 2011 360 12.000 9999.99    0.00    0.00    0.00    0.00
    254 1 2011 360 13.000 9999.99    0.00    0.00    0.00    0.00
    255 1 2011 360 14.000 9999.99    0.00    0.00    0.00    0.00
    256 1 2011 360 15.000 9999.99    0.00    0.00    0.00    0.00
    257 1 2011 360 16.000 9999.99    0.00    0.00    0.00    0.00
    258 1 2011 360 17.000 9999.99    0.00    0.00    0.00    0.00
    259 1 2011 360 18.000 9999.99    0.00    0.00    0.00    0.00
    260 1 2011 360 19.000 9999.99    0.00    0.00    0.00    0.00
    261 0 2011 360 20.000 -778.00   -1.58    0.00    0.00    0.00
    262 0 2011 360 21.000 -798.00   -1.36    0.00    0.00    0.00
    263 0 2011 360 22.000 -810.20   -3.77    0.00    0.00    0.00
    264 0 2011 360 23.000 -810.20   -3.39    0.00    0.00    0.00
    265 0 2011 361  0.000 -801.00   -2.40    0.00    0.00    0.00
    266 0 2011 361  1.000 -780.70    0.60    0.00    0.00    0.00
    267 0 2011 361  2.000 -759.10   -0.40    0.00    0.00    0.00
    268 0 2011 361  3.000 -743.80   -4.05    0.00    0.00    0.00
    269 0 2011 361  4.000 -733.40   -2.17    0.00    0.00    0.00
    270 1 2011 361  5.000 9999.99    0.00    0.00    0.00    0.00
    271 1 2011 361  6.000 9999.99    0.00    0.00    0.00    0.00
    272 1 2011 361  7.000 -763.30    0.00    0.00    0.00    0.00
    273 1 2011 361  8.000 9999.99    0.00    0.00    0.00    0.00
    274 1 2011 361  9.000 9999.99    0.00    0.00    0.00    0.00
    275 1 2011 361 10.000 -811.90    0.00    0.00    0.00    0.00
    276 1 2011 361 11.000 9999.99    0.00    0.00    0.00    0.00
    277 1 2011 361 12.000 9999.99    0.00    0.00    0.00    0.00
    278 0 2011 361 13.000 -777.00   -2.56    0.00    0.00    0.00
    279 0 2011 361 14.000 -752.20   -2.98    0.00    0.00    0.00
    280 0 2011 361 15.000 -712.80   12.46    0.00    0.00    0.00
    281 0 2011 361 16.000 -712.40   -1.72    0.00    0.00    0.00
    282 0 2011 361 17.000 -706.80    1.14    0.00    0.00    0.00
    283 0 2011 361 18.000 -713.90    1.56    0.00    0.00    0.00
    284 0 2011 361 19.000 -730.20    2.05    0.00    0.00    0.00
    285 0 2011 361 20.000 -756.90   -0.80    0.00    0.00    0.00
    286 0 2011 361 21.000 -776.60    3.42    0.00    0.00    0.00
    287 0 2011 361 22.000 -794.30    1.79    0.00    0.00    0.00
    288 0 2011 361 23.000 -804.60   -2.70    0.00    0.00    0.00
    289 0 2011 362  0.000 -800.50   -1.17    0.00    0.00    0.00
    290 0 2011 362  1.000 -790.00   -1.03    0.00    0.00    0.00
    291 0 2011 362  2.000 -770.50    0.39    0.00    0.00    0.00
    292 0 2011 362  3.000 -750.30   -0.31    0.00    0.00    0.00
    293 0 2011 362  4.000 -735.70   -1.11    0.00    0.00    0.00
    294 0 2011 362  5.000 -732.50   -3.03    0.00    0.00    0.00
    295 1 2011 362  6.000 9999.99    0.00    0.00    0.00    0.00
    296 1 2011 362  7.000 9999.99    0.00    0.00    0.00    0.00
    297 0 2011 362  8.000 -768.80   -3.86    0.00    0.00    0.00
    298 0 2011 362  9.000 -782.50    2.28    0.00    0.00    0.00
    299 0 2011 362 10.000 -797.45    0.69    0.00    0.00    0.00
    300 1 2011 362 11.000 9999.99    0.00    0.00    0.00    0.00
    301 1 2011 362 12.000 9999.99    0.00    0.00    0.00    0.00
    302 1 2011 362 13.000 9999.99    0.00    0.00    0.00    0.00
    303 1 2011 362 14.000 -738.60    0.00    0.00    0.00    0.00
    304 0 2011 362 15.000 -738.90    0.37    0.00    0.00    0.00
    305 0 2011 362 16.000 -720.30   -0.49    0.00    0.00    0.00
    306 0 2011 362 17.000 -711.20   -1.10    0.00    0.00    0.00
    307 1 2011 362 18.000 9999.99    0.00    0.00    0.00    0.00
    308 1 2011 362 19.000 9999.99    0.00    0.00    0.00    0.00
    309 1 2011 362 20.000 9999.99    0.00    0.00    0.00    0.00
    310 1 2011 362 21.000 9999.99    0.00    0.00    0.00    0.00
    311 1 2011 362 22.000 9999.99    0.00    0.00    0.00    0.00
    312 1 2011 362 23.000 9999.99    0.00    0.00    0.00    0.00
    313 1 2011 363  0.000 9999.99    0.00    0.00    0.00    0.00
    314 1 2011 363  1.000 9999.99    0.00    0.00    0.00    0.00
    315 1 2011 363  2.000 -774.40    0.00    0.00    0.00    0.00
    316 1 2011 363  3.000 9999.99    0.00    0.00    0.00    0.00
    317 1 2011 363  4.000 9999.99    0.00    0.00    0.00    0.00
    318 0 2011 363  5.000 -726.20    5.98    0.00    0.00    0.00
    319 0 2011 363  6.000 -723.80    5.80    0.00    0.00    0.00
    320 0 2011 363  7.000 -722.30   13.30    0.00    0.00    0.00
    321 0 2011 363  8.000 -742.40    5.90    0.00    0.00    0.00
    322 0 2011 363  9.000 -753.00   12.16    0.00    0.00    0.00
    323 0 2011 363 10.000 -777.20    4.04    0.00    0.00    0.00
    324 0 2011 363 11.000 -779.70   11.00    0.00    0.00    0.00
    325 1 2011 363 12.000 -766.50    0.00    0.00    0.00    0.00
    326 0 2011 363 13.000 -767.30   15.95    0.00    0.00    0.00
    327 1 2011 363 14.000 9999.99    0.00    0.00    0.00    0.00
    328 1 2011 363 15.000 9999.99    0.00    0.00    0.00    0.00
    329 1 2011 363 16.000 9999.99    0.00    0.00    0.00    0.00
    330 1 2011 363 17.000 9999.99    0.00    0.00    0.00    0.00
    331 1 2011 363 18.000 9999.99    0.00    0.00    0.00    0.00
    332 1 2011 363 19.000 9999.99    0.00    0.00    0.00    0.00
    333 1 2011 363 20.000 -707.15    0.00    0.00    0.00    0.00
    334 1 2011 363 21.000 -727.40    0.00    0.00    0.00    0.00
    335 0 2011 363 22.000 -753.35   14.87    0.00    0.00    0.00
    336 1 2011 363 23.000 -763.10    0.00    0.00    0.00    0.00
    337 0 2011 364  0.000 -776.20   15.63    0.00    0.00    0.00
    338 0 2011 364  1.000 -780.40   10.88    0.00    0.00    0.00
    339 0 2011 364  2.000 -776.30    7.77    0.00    0.00    0.00
    340 0 2011 364  3.000 -766.70    5.12    0.00    0.00    0.00
    341 0 2011 364  4.000 -748.80    7.50    0.00    0.00    0.00
    342 0 2011 364  5.000 -735.10    6.34    0.00    0.00    0.00
    343 0 2011 364  6.000 -730.70    1.60    0.00    0.00    0.00
    344 0 2011 364  7.000 -734.20   -2.60    0.00    0.00    0.00
    345 0 2011 364  8.000 -745.90   -7.58    0.00    0.00    0.00
    346 0 2011 364  9.000 -755.20   -5.32    0.00    0.00    0.00
    347 0 2011 364 10.000 -765.90   -2.34    0.00    0.00    0.00
    348 0 2011 364 11.000 -781.20   -5.45    0.00    0.00    0.00
    349 0 2011 364 12.000 -790.20   -7.96    0.00    0.00    0.00
    350 0 2011 364 13.000 -786.40   -5.55    0.00    0.00    0.00
    351 0 2011 364 14.000 -778.40   -5.62    0.00    0.00    0.00
    352 0 2011 364 15.000 -763.20   -2.68    0.00    0.00    0.00
    353 0 2011 364 16.000 -747.70   -1.75    0.00    0.00    0.00
    354 0 2011 364 17.000 -731.50    0.18    0.00    0.00    0.00
    355 1 2011 364 18.000 9999.99    0.00    0.00    0.00    0.00
    356 0 2011 364 19.000 -720.80    0.51    0.00    0.00    0.00
    357 0 2011 364 20.000 -729.70   -0.64    0.00    0.00    0.00
    358 0 2011 364 21.000 -742.20    0.19    0.00    0.00    0.00
    359 0 2011 364 22.000 -760.90   -2.70    0.00    0.00    0.00
    360 0 2011 364 23.000 -775.70   -1.95    0.00    0.00    0.00
    361 0 2011 365  0.000 -787.55   -2.14    0.00    0.00    0.00
    362 0 2011 365  1.000 -791.20   -1.32    0.00    0.00    0.00
    363 0 2011 365  2.000 -790.90   -4.01    0.00    0.00    0.00
    364 0 2011 365  3.000 -778.80   -0.09    0.00    0.00    0.00
    365 0 2011 365  4.000 -765.95    1.33    0.00    0.00    0.00
    366 0 2011 365  5.000 -752.10    1.82    0.00    0.00    0.00
    367 0 2011 365  6.000 -741.70   -0.01    0.00    0.00    0.00
    368 0 2011 365  7.000 -735.05   -0.08    0.00    0.00    0.00
    369 0 2011 365  8.000 -735.90   -0.25    0.00    0.00    0.00
    370 0 2011 365  9.000 -740.00    1.87    0.00    0.00    0.00
    371 0 2011 365 10.000 -750.40    0.53    0.00    0.00    0.00
    372 0 2011 365 11.000 -761.30   -0.09    0.00    0.00    0.00
    373 0 2011 365 12.000 -771.00   -0.66    0.00    0.00    0.00
    374 0 2011 365 13.000 -774.50    0.28    0.00    0.00    0.00
    375 0 2011 365 14.000 -773.60   -0.92    0.00    0.00    0.00
    376 0 2011 365 15.000 -765.40    0.20    0.00    0.00    0.00
    377 0 2011 365 16.000 -754.40    1.50    0.00    0.00    0.00
    378 0 2011 365 17.000 -742.40    2.51    0.00    0.00    0.00
    379 1 2011 365 18.000 9999.99    0.00    0.00    0.00    0.00
    380 0 2011 365 19.000 -732.60   -2.75    0.00    0.00    0.00
    381 0 2011 365 20.000 -734.10   -1.40    0.00    0.00    0.00
    382 0 2011 365 21.000 -744.20   -2.30    0.00    0.00    0.00
    383 0 2011 365 22.000 -758.00   -3.99    0.00    0.00    0.00
    384 0 2011 365 23.000 -773.90   -6.99    0.00    0.00    0.00
    385 0 2012   1  0.000 -783.50   -4.61    0.00    0.00    0.00
    386 0 2012   1  1.000 -794.60   -7.75    0.00    0.00    0.00
    387 0 2012   1  2.000 -796.20   -7.88    0.00    0.00    0.00
    388 0 2012   1  3.000 -794.40  -10.36    0.00    0.00    0.00
    389 0 2012   1  4.000 -785.30   -9.04    0.00    0.00    0.00
    390 0 2012   1  5.000 -772.40   -6.37    0.00    0.00    0.00
    391 0 2012   1  6.000 -760.40   -5.96    0.00    0.00    0.00
    392 0 2012   1  7.000 -754.10   -9.30    0.00    0.00    0.00
    393 0 2012   1  8.000 -748.00   -7.45    0.00    0.00    0.00
    394 0 2012   1  9.000 -746.70   -4.96    0.00    0.00    0.00
    395 0 2012   1 10.000 -752.70   -6.60    0.00    0.00    0.00
    396 0 2012   1 11.000 -758.25   -5.83    0.00    0.00    0.00
    397 0 2012   1 12.000 -763.80   -3.61    0.00    0.00    0.00
    398 0 2012   1 13.000 -767.70   -0.63    0.00    0.00    0.00
    399 0 2012   1 14.000 -772.20   -2.21    0.00    0.00    0.00
    400 0 2012   1 15.000 -767.80    0.52    0.00    0.00    0.00
    401 0 2012   1 16.000 -763.30    0.19    0.00    0.00    0.00
    402 0 2012   1 17.000 -755.60    0.79    0.00    0.00    0.00
    403 0 2012   1 18.000 -747.20    0.76    0.00    0.00    0.00
    404 0 2012   1 19.000 -740.70    0.77    0.00    0.00    0.00
    405 0 2012   1 20.000 -742.10   -1.42    0.00    0.00    0.00
    406 0 2012   1 21.000 -743.30    2.59    0.00    0.00    0.00
    407 0 2012   1 22.000 -751.60    2.80    0.00    0.00    0.00
    408 0 2012   1 23.000 -760.10    4.13    0.00    0.00    0.00
    409 0 2012   2  0.000 -772.10    2.51    0.00    0.00    0.00
    410 0 2012   2  1.000 -784.20   -0.75    0.00    0.00    0.00
    411 0 2012   2  2.000 -789.50   -1.57    0.00    0.00    0.00
    412 0 2012   2  3.000 -782.90    4.64    0.00    0.00    0.00
    413 0 2012   2  4.000 -782.50    1.25    0.00    0.00    0.00
    414 0 2012   2  5.000 -775.90    1.13    0.00    0.00    0.00
    415 0 2012   2  6.000 -765.80    1.63    0.00    0.00    0.00
    416 0 2012   2  7.000 -755.10    2.43    0.00    0.00    0.00
    417 0 2012   2  8.000 -748.80    2.36    0.00    0.00    0.00
    418 0 2012   2  9.000 -743.50    5.62    0.00    0.00    0.00
    419 0 2012   2 10.000 -744.10    5.32    0.00    0.00    0.00
    420 0 2012   2 11.000 -748.10    3.31    0.00    0.00    0.00
    421 0 2012   2 12.000 -752.40    3.66    0.00    0.00    0.00
    422 0 2012   2 13.000 -760.60    1.70    0.00    0.00    0.00
    423 0 2012   2 14.000 -767.40   -0.36    0.00    0.00    0.00
    424 0 2012   2 15.000 -767.00    2.06    0.00    0.00    0.00
    425 0 2012   2 16.000 -770.30   -1.19    0.00    0.00    0.00
    426 0 2012   2 17.000 -765.00    1.59    0.00    0.00    0.00
    427 0 2012   2 18.000 -761.30   -0.92    0.00    0.00    0.00
    428 0 2012   2 19.000 -756.25   -3.11    0.00    0.00    0.00
    429 0 2012   2 20.000 -749.30    0.76    0.00    0.00    0.00
    430 1 2012   2 21.000 9999.99    0.00    0.00    0.00    0.00
    431 1 2012   2 22.000 -751.30    0.00    0.00    0.00    0.00
    432 1 2012   2 23.000 9999.99    0.00    0.00    0.00    0.00
    433 1 2012   3  0.000 9999.99    0.00    0.00    0.00    0.00
    434 1 2012   3  1.000 9999.99    0.00    0.00    0.00    0.00
    435 1 2012   3  2.000 9999.99    0.00    0.00    0.00    0.00
    436 1 2012   3  3.000 9999.99    0.00    0.00    0.00    0.00
    437 1 2012   3  4.000 9999.99    0.00    0.00    0.00    0.00
    438 0 2012   3  5.000 -781.40    5.34    0.00    0.00    0.00
    439 0 2012   3  6.000 -780.20    0.19    0.00    0.00    0.00
    440 0 2012   3  7.000 -772.30   -1.60    0.00    0.00    0.00
    441 0 2012   3  8.000 -760.90    2.47    0.00    0.00    0.00
    442 1 2012   3  9.000 9999.99    0.00    0.00    0.00    0.00
    443 1 2012   3 10.000 9999.99    0.00    0.00    0.00    0.00
    444 1 2012   3 11.000 9999.99    0.00    0.00    0.00    0.00
    445 1 2012   3 12.000 9999.99    0.00    0.00    0.00    0.00
    446 1 2012   3 13.000 9999.99    0.00    0.00    0.00    0.00
    447 1 2012   3 14.000 9999.99    0.00    0.00    0.00    0.00
    448 0 2012   3 15.000 -766.10    4.28    0.00    0.00    0.00
    449 0 2012   3 16.000 -774.50   -1.85    0.00    0.00    0.00
    450 0 2012   3 17.000 -773.40    1.61    0.00    0.00    0.00
    451 0 2012   3 18.000 -773.50   -0.61    0.00    0.00    0.00
    452 0 2012   3 19.000 -767.20   -2.10    0.00    0.00    0.00
    453 0 2012   3 20.000 -758.00    0.50    0.00    0.00    0.00
    454 0 2012   3 21.000 -757.65    1.18    0.00    0.00    0.00
    455 1 2012   3 22.000 9999.99    0.00    0.00    0.00    0.00
    456 1 2012   3 23.000 9999.99    0.00    0.00    0.00    0.00
    457 1 2012   4  0.000 9999.99    0.00    0.00    0.00    0.00
    458 1 2012   4  1.000 -765.40    0.00    0.00    0.00    0.00
    459 1 2012   4  2.000 9999.99    0.00    0.00    0.00    0.00
    460 0 2012   4  3.000 -784.50    5.25    0.00    0.00    0.00
    461 0 2012   4  4.000 -789.70    1.01    0.00    0.00    0.00
    462 0 2012   4  5.000 -794.10   -1.04    0.00    0.00    0.00
    463 0 2012   4  6.000 -790.10    2.58    0.00    0.00    0.00
    464 0 2012   4  7.000 -785.50   -0.43    0.00    0.00    0.00
    465 1 2012   4  8.000 9999.99    0.00    0.00    0.00    0.00
    466 1 2012   4  9.000 9999.99    0.00    0.00    0.00    0.00
    467 1 2012   4 10.000 9999.99    0.00    0.00    0.00    0.00
    468 1 2012   4 11.000 9999.99    0.00    0.00    0.00    0.00
    469 1 2012   4 12.000 9999.99    0.00    0.00    0.00    0.00
    470 1 2012   4 13.000 9999.99    0.00    0.00    0.00    0.00
    471 1 2012   4 14.000 9999.99    0.00    0.00    0.00    0.00
    472 1 2012   4 15.000 9999.99    0.00    0.00    0.00    0.00
    473 1 2012   4 16.000 9999.99    0.00    0.00    0.00    0.00
    474 1 2012   4 17.000 9999.99    0.00    0.00    0.00    0.00
    475 1 2012   4 18.000 9999.99    0.00    0.00    0.00    0.00
    476 1 2012   4 19.000 9999.99    0.00    0.00    0.00    0.00
    477 1 2012   4 20.000 9999.99    0.00    0.00    0.00    0.00
    478 1 2012   4 21.000 9999.99    0.00    0.00    0.00    0.00
    479 1 2012   4 22.000 9999.99    0.00    0.00    0.00    0.00
