                                                                                
                                                                                
                                                                                
                                                                                
                                                                                
                                                                                
                                                                                
                                                                                
                                                                                
                                                                                
                                                                                
                                                                                
                                                                                
                                                                                
                                                                                
                                                                                
                                                                                
                                                                                
                                                                                
                                                                                
      1 1 2011 349  0.000 9999.99    0.00    0.00    0.00    0.00
      2 0 2011 349  1.000   61.60    0.08    0.00    0.00    0.00
      3 0 2011 349  2.000   82.70    2.29    0.00    0.00    0.00
      4 0 2011 349  3.000  104.60   -0.57    0.00    0.00    0.00
      5 0 2011 349  4.000  129.50    0.30    0.00    0.00    0.00
      6 0 2011 349  5.000  144.90   -0.41    0.00    0.00    0.00
      7 0 2011 349  6.000  148.05   -0.98    0.00    0.00    0.00
      8 0 2011 349  7.000  138.10   -2.07    0.00    0.00    0.00
      9 0 2011 349  8.000  120.10   -1.21    0.00    0.00    0.00
     10 0 2011 349  9.000   95.60   -1.15    0.00    0.00    0.00
     11 0 2011 349 10.000   72.90    0.02    0.00    0.00    0.00
     12 0 2011 349 11.000   56.50   -0.63    0.00    0.00    0.00
     13 0 2011 349 12.000   58.70    4.18    0.00    0.00    0.00
     14 0 2011 349 13.000   68.50    2.84    0.00    0.00    0.00
     15 0 2011 349 14.000   90.00    2.16    0.00    0.00    0.00
     16 1 2011 349 15.000 9999.99    0.00    0.00    0.00    0.00
     17 1 2011 349 16.000 9999.99    0.00    0.00    0.00    0.00
     18 1 2011 349 17.000 9999.99    0.00    0.00    0.00    0.00
     19 1 2011 349 18.000 9999.99    0.00    0.00    0.00    0.00
     20 1 2011 349 19.000 9999.99    0.00    0.00    0.00    0.00
     21 1 2011 349 20.000 9999.99    0.00    0.00    0.00    0.00
     22 1 2011 349 21.000 9999.99    0.00    0.00    0.00    0.00
     23 1 2011 349 22.000 9999.99    0.00    0.00    0.00    0.00
     24 1 2011 349 23.000 9999.99    0.00    0.00    0.00    0.00
     25 0 2011 350  0.000   56.60    1.59    0.00    0.00    0.00
     26 0 2011 350  1.000   52.20   -1.52    0.00    0.00    0.00
     27 0 2011 350  2.000   63.50   -1.15    0.00    0.00    0.00
     28 0 2011 350  3.000   84.90    0.08    0.00    0.00    0.00
     29 0 2011 350  4.000  110.80    1.71    0.00    0.00    0.00
     30 0 2011 350  5.000  132.80    2.14    0.00    0.00    0.00
     31 0 2011 350  6.000  143.90    0.19    0.00    0.00    0.00
     32 0 2011 350  7.000  146.20    0.64    0.00    0.00    0.00
     33 0 2011 350  8.000  136.20   -0.19    0.00    0.00    0.00
     34 0 2011 350  9.000  118.40    0.06    0.00    0.00    0.00
     35 0 2011 350 10.000   96.00    0.14    0.00    0.00    0.00
     36 0 2011 350 11.000   73.70   -1.88    0.00    0.00    0.00
     37 0 2011 350 12.000   63.40   -0.44    0.00    0.00    0.00
     38 0 2011 350 13.000   64.30    0.31    0.00    0.00    0.00
     39 0 2011 350 14.000   73.80   -2.18    0.00    0.00    0.00
     40 0 2011 350 15.000   94.70   -2.62    0.00    0.00    0.00
     41 0 2011 350 16.000  119.60   -3.59    0.00    0.00    0.00
     42 0 2011 350 17.000  145.20   -1.75    0.00    0.00    0.00
     43 0 2011 350 18.000  158.90   -3.50    0.00    0.00    0.00
     44 0 2011 350 19.000  162.70   -3.49    0.00    0.00    0.00
     45 0 2011 350 20.000  155.50   -2.36    0.00    0.00    0.00
     46 0 2011 350 21.000  139.50    0.61    0.00    0.00    0.00
     47 0 2011 350 22.000  113.70    0.79    0.00    0.00    0.00
     48 0 2011 350 23.000   85.20   -0.75    0.00    0.00    0.00
     49 0 2011 351  0.000   66.20    1.52    0.00    0.00    0.00
     50 0 2011 351  1.000   53.90    0.25    0.00    0.00    0.00
     51 0 2011 351  2.000   53.40   -1.05    0.00    0.00    0.00
     52 0 2011 351  3.000   63.10   -3.31    0.00    0.00    0.00
     53 0 2011 351  4.000   86.40   -0.11    0.00    0.00    0.00
     54 0 2011 351  5.000  108.90   -0.44    0.00    0.00    0.00
     55 0 2011 351  6.000  128.70   -0.13    0.00    0.00    0.00
     56 0 2011 351  7.000  139.00   -1.65    0.00    0.00    0.00
     57 0 2011 351  8.000  139.80   -3.04    0.00    0.00    0.00
     58 0 2011 351  9.000  133.60   -1.46    0.00    0.00    0.00
     59 0 2011 351 10.000  117.00   -2.03    0.00    0.00    0.00
     60 0 2011 351 11.000   98.50   -0.77    0.00    0.00    0.00
     61 0 2011 351 12.000   80.60   -1.39    0.00    0.00    0.00
     62 0 2011 351 13.000   71.30   -1.00    0.00    0.00    0.00
     63 0 2011 351 14.000   72.50   -0.18    0.00    0.00    0.00
     64 0 2011 351 15.000   83.60    0.38    0.00    0.00    0.00
     65 0 2011 351 16.000  102.90    1.16    0.00    0.00    0.00
     66 0 2011 351 17.000  122.70   -0.79    0.00    0.00    0.00
     67 0 2011 351 18.000  141.40   -1.13    0.00    0.00    0.00
     68 0 2011 351 19.000  155.30    1.12    0.00    0.00    0.00
     69 0 2011 351 20.000  157.60    1.51    0.00    0.00    0.00
     70 0 2011 351 21.000  149.00    1.42    0.00    0.00    0.00
     71 0 2011 351 22.000  130.70    1.13    0.00    0.00    0.00
     72 0 2011 351 23.000  106.90    1.30    0.00    0.00    0.00
     73 0 2011 352  0.000   82.60    1.17    0.00    0.00    0.00
     74 0 2011 352  1.000   61.60   -1.16    0.00    0.00    0.00
     75 0 2011 352  2.000   53.20   -0.05    0.00    0.00    0.00
     76 0 2011 352  3.000   51.80   -2.66    0.00    0.00    0.00
     77 0 2011 352  4.000   65.90   -0.09    0.00    0.00    0.00
     78 0 2011 352  5.000   84.30   -0.68    0.00    0.00    0.00
     79 0 2011 352  6.000  104.70   -1.73    0.00    0.00    0.00
     80 0 2011 352  7.000  123.00   -2.31    0.00    0.00    0.00
     81 0 2011 352  8.000  138.00   -0.09    0.00    0.00    0.00
     82 0 2011 352  9.000  144.70    2.23    0.00    0.00    0.00
     83 0 2011 352 10.000  138.80    1.49    0.00    0.00    0.00
     84 0 2011 352 11.000  125.00    1.16    0.00    0.00    0.00
     85 0 2011 352 12.000  109.90    3.58    0.00    0.00    0.00
     86 0 2011 352 13.000   91.70    1.40    0.00    0.00    0.00
     87 0 2011 352 14.000   80.00   -0.20    0.00    0.00    0.00
     88 0 2011 352 15.000   79.70    1.24    0.00    0.00    0.00
     89 0 2011 352 16.000   88.50    2.84    0.00    0.00    0.00
     90 0 2011 352 17.000  102.60    2.50    0.00    0.00    0.00
     91 0 2011 352 18.000  117.10   -0.62    0.00    0.00    0.00
     92 0 2011 352 19.000  132.00   -1.64    0.00    0.00    0.00
     93 0 2011 352 20.000  145.80    1.71    0.00    0.00    0.00
     94 0 2011 352 21.000  149.00    2.28    0.00    0.00    0.00
     95 0 2011 352 22.000  139.10   -0.97    0.00    0.00    0.00
     96 0 2011 352 23.000  123.50   -0.85    0.00    0.00    0.00
     97 0 2011 353  0.000  104.40    1.69    0.00    0.00    0.00
     98 0 2011 353  1.000   84.80    4.37    0.00    0.00    0.00
     99 0 2011 353  2.000   65.20    2.56    0.00    0.00    0.00
    100 0 2011 353  3.000   51.90   -0.93    0.00    0.00    0.00
    101 0 2011 353  4.000   56.35    3.46    0.00    0.00    0.00
    102 0 2011 353  5.000   66.50    3.55    0.00    0.00    0.00
    103 0 2011 353  6.000   83.00    2.28    0.00    0.00    0.00
    104 0 2011 353  7.000  103.20    1.24    0.00    0.00    0.00
    105 0 2011 353  8.000  122.20   -0.04    0.00    0.00    0.00
    106 0 2011 353  9.000  140.80    2.91    0.00    0.00    0.00
    107 0 2011 353 10.000  149.10    3.38    0.00    0.00    0.00
    108 0 2011 353 11.000  145.60    2.00    0.00    0.00    0.00
    109 0 2011 353 12.000  135.00    2.86    0.00    0.00    0.00
    110 0 2011 353 13.000  116.10    0.84    0.00    0.00    0.00
    111 0 2011 353 14.000   98.40    0.14    0.00    0.00    0.00
    112 0 2011 353 15.000   87.60    2.07    0.00    0.00    0.00
    113 0 2011 353 16.000   80.20    0.29    0.00    0.00    0.00
    114 0 2011 353 17.000   84.10    1.38    0.00    0.00    0.00
    115 0 2011 353 18.000   92.80   -0.39    0.00    0.00    0.00
    116 0 2011 353 19.000  109.20    1.03    0.00    0.00    0.00
    117 0 2011 353 20.000  128.70    5.25    0.00    0.00    0.00
    118 0 2011 353 21.000  138.90    3.56    0.00    0.00    0.00
    119 0 2011 353 22.000  142.30    1.53    0.00    0.00    0.00
    120 0 2011 353 23.000  137.70    0.50    0.00    0.00    0.00
    121 0 2011 354  0.000  123.40   -0.55    0.00    0.00    0.00
    122 0 2011 354  1.000  103.30   -0.41    0.00    0.00    0.00
    123 0 2011 354  2.000   80.50   -1.18    0.00    0.00    0.00
    124 0 2011 354  3.000   60.90   -2.09    0.00    0.00    0.00
    125 0 2011 354  4.000   52.40    1.05    0.00    0.00    0.00
    126 0 2011 354  5.000   49.00   -0.27    0.00    0.00    0.00
    127 0 2011 354  6.000   57.50   -0.28    0.00    0.00    0.00
    128 0 2011 354  7.000   75.10   -0.29    0.00    0.00    0.00
    129 0 2011 354  8.000   97.50   -0.72    0.00    0.00    0.00
    130 0 2011 354  9.000  122.50    0.80    0.00    0.00    0.00
    131 0 2011 354 10.000  141.40   -0.04    0.00    0.00    0.00
    132 0 2011 354 11.000  152.80   -0.27    0.00    0.00    0.00
    133 0 2011 354 12.000  153.10   -0.19    0.00    0.00    0.00
    134 0 2011 354 13.000  140.30   -1.90    0.00    0.00    0.00
    135 0 2011 354 14.000  121.60   -2.28    0.00    0.00    0.00
    136 0 2011 354 15.000  100.90   -3.05    0.00    0.00    0.00
    137 0 2011 354 16.000   84.40   -2.68    0.00    0.00    0.00
    138 0 2011 354 17.000   72.70   -4.05    0.00    0.00    0.00
    139 0 2011 354 18.000   72.30   -3.16    0.00    0.00    0.00
    140 0 2011 354 19.000   81.70   -1.80    0.00    0.00    0.00
    141 0 2011 354 20.000   97.50   -0.71    0.00    0.00    0.00
    142 0 2011 354 21.000  116.10    0.79    0.00    0.00    0.00
    143 0 2011 354 22.000  130.20   -0.40    0.00    0.00    0.00
    144 0 2011 354 23.000  136.30   -3.63    0.00    0.00    0.00
    145 0 2011 355  0.000  138.10   -1.26    0.00    0.00    0.00
    146 0 2011 355  1.000  128.10    0.72    0.00    0.00    0.00
    147 0 2011 355  2.000  106.00   -0.86    0.00    0.00    0.00
    148 0 2011 355  3.000   80.30   -3.16    0.00    0.00    0.00
    149 0 2011 355  4.000   63.20    0.66    0.00    0.00    0.00
    150 0 2011 355  5.000   48.40    0.19    0.00    0.00    0.00
    151 0 2011 355  6.000   43.50   -0.54    0.00    0.00    0.00
    152 0 2011 355  7.000   52.30    0.15    0.00    0.00    0.00
    153 0 2011 355  8.000   72.80    1.45    0.00    0.00    0.00
    154 0 2011 355  9.000   97.90    0.48    0.00    0.00    0.00
    155 0 2011 355 10.000  125.30    0.09    0.00    0.00    0.00
    156 0 2011 355 11.000  151.20    1.87    0.00    0.00    0.00
    157 0 2011 355 12.000  165.60    1.68    0.00    0.00    0.00
    158 0 2011 355 13.000  165.70    1.07    0.00    0.00    0.00
    159 0 2011 355 14.000  150.40   -1.37    0.00    0.00    0.00
    160 0 2011 355 15.000  132.20    1.91    0.00    0.00    0.00
    161 0 2011 355 16.000  108.50    2.24    0.00    0.00    0.00
    162 0 2011 355 17.000   86.60    1.92    0.00    0.00    0.00
    163 0 2011 355 18.000   70.60    0.49    0.00    0.00    0.00
    164 0 2011 355 19.000   67.50    1.10    0.00    0.00    0.00
    165 0 2011 355 20.000   75.10    0.72    0.00    0.00    0.00
    166 0 2011 355 21.000   92.40    1.33    0.00    0.00    0.00
    167 0 2011 355 22.000  112.10    0.41    0.00    0.00    0.00
    168 0 2011 355 23.000  129.50   -1.79    0.00    0.00    0.00
    169 0 2011 356  0.000  143.50   -0.72    0.00    0.00    0.00
    170 0 2011 356  1.000  143.10   -2.03    0.00    0.00    0.00
    171 0 2011 356  2.000  130.90   -1.58    0.00    0.00    0.00
    172 0 2011 356  3.000  108.70   -1.41    0.00    0.00    0.00
    173 0 2011 356  4.000   84.00   -0.29    0.00    0.00    0.00
    174 0 2011 356  5.000   60.60    0.07    0.00    0.00    0.00
    175 0 2011 356  6.000   44.10    0.37    0.00    0.00    0.00
    176 0 2011 356  7.000   37.80   -1.01    0.00    0.00    0.00
    177 0 2011 356  8.000   49.70    1.27    0.00    0.00    0.00
    178 0 2011 356  9.000   72.40    1.56    0.00    0.00    0.00
    179 0 2011 356 10.000  101.60    0.49    0.00    0.00    0.00
    180 0 2011 356 11.000  134.00    0.58    0.00    0.00    0.00
    181 0 2011 356 12.000  163.30    2.27    0.00    0.00    0.00
    182 0 2011 356 13.000  178.70    2.21    0.00    0.00    0.00
    183 0 2011 356 14.000  174.30   -0.96    0.00    0.00    0.00
    184 0 2011 356 15.000  160.30    1.38    0.00    0.00    0.00
    185 0 2011 356 16.000  135.90    2.49    0.00    0.00    0.00
    186 0 2011 356 17.000  107.20    2.23    0.00    0.00    0.00
    187 0 2011 356 18.000   78.90   -0.35    0.00    0.00    0.00
    188 0 2011 356 19.000   62.60    0.36    0.00    0.00    0.00
    189 0 2011 356 20.000   58.50   -0.12    0.00    0.00    0.00
    190 0 2011 356 21.000   71.00    2.27    0.00    0.00    0.00
    191 0 2011 356 22.000   91.00    2.18    0.00    0.00    0.00
    192 0 2011 356 23.000  115.30    1.64    0.00    0.00    0.00
    193 0 2011 357  0.000  137.50    0.33    0.00    0.00    0.00
    194 0 2011 357  1.000  155.00    3.07    0.00    0.00    0.00
    195 0 2011 357  2.000  154.30    2.34    0.00    0.00    0.00
    196 0 2011 357  3.000  139.60    2.69    0.00    0.00    0.00
    197 0 2011 357  4.000  113.10    1.20    0.00    0.00    0.00
    198 0 2011 357  5.000   82.60   -0.77    0.00    0.00    0.00
    199 0 2011 357  6.000   57.40    0.31    0.00    0.00    0.00
    200 0 2011 357  7.000   39.90    0.61    0.00    0.00    0.00
    201 0 2011 357  8.000   36.30    0.46    0.00    0.00    0.00
    202 0 2011 357  9.000   49.90    1.11    0.00    0.00    0.00
    203 0 2011 357 10.000   74.70   -0.57    0.00    0.00    0.00
    204 0 2011 357 11.000  107.50   -2.34    0.00    0.00    0.00
    205 0 2011 357 12.000  144.70   -1.14    0.00    0.00    0.00
    206 0 2011 357 13.000  174.70   -0.08    0.00    0.00    0.00
    207 0 2011 357 14.000  185.30   -3.01    0.00    0.00    0.00
    208 0 2011 357 15.000  181.40   -1.70    0.00    0.00    0.00
    209 0 2011 357 16.000  161.20   -1.31    0.00    0.00    0.00
    210 0 2011 357 17.000  132.10   -0.82    0.00    0.00    0.00
    211 0 2011 357 18.000  100.40   -0.27    0.00    0.00    0.00
    212 0 2011 357 19.000   74.10    1.56    0.00    0.00    0.00
    213 0 2011 357 20.000   57.50    1.76    0.00    0.00    0.00
    214 0 2011 357 21.000   55.00    0.44    0.00    0.00    0.00
    215 0 2011 357 22.000   67.10   -1.00    0.00    0.00    0.00
    216 0 2011 357 23.000   91.50   -0.56    0.00    0.00    0.00
    217 0 2011 358  0.000  119.30   -1.43    0.00    0.00    0.00
    218 0 2011 358  1.000  144.10   -2.32    0.00    0.00    0.00
    219 0 2011 358  2.000  158.40   -1.95    0.00    0.00    0.00
    220 0 2011 358  3.000  156.30   -1.07    0.00    0.00    0.00
    221 0 2011 358  4.000  140.50    1.36    0.00    0.00    0.00
    222 0 2011 358  5.000  110.40   -1.09    0.00    0.00    0.00
    223 0 2011 358  6.000   78.10   -2.60    0.00    0.00    0.00
    224 0 2011 358  7.000   50.00   -3.35    0.00    0.00    0.00
    225 0 2011 358  8.000   35.40   -1.57    0.00    0.00    0.00
    226 0 2011 358  9.000   34.70   -2.44    0.00    0.00    0.00
    227 0 2011 358 10.000   52.30   -2.07    0.00    0.00    0.00
    228 0 2011 358 11.000   81.70   -3.23    0.00    0.00    0.00
    229 0 2011 358 12.000  119.20   -3.86    0.00    0.00    0.00
    230 0 2011 358 13.000  155.50   -5.28    0.00    0.00    0.00
    231 0 2011 358 14.000  187.40   -0.63    0.00    0.00    0.00
    232 0 2011 358 15.000  193.00   -4.05    0.00    0.00    0.00
    233 0 2011 358 16.000  184.40   -2.47    0.00    0.00    0.00
    234 0 2011 358 17.000  159.10   -3.03    0.00    0.00    0.00
    235 0 2011 358 18.000  125.90   -3.17    0.00    0.00    0.00
    236 0 2011 358 19.000   91.30   -3.19    0.00    0.00    0.00
    237 0 2011 358 20.000   66.10   -0.48    0.00    0.00    0.00
    238 0 2011 358 21.000   50.00   -2.61    0.00    0.00    0.00
    239 0 2011 358 22.000   51.00   -4.28    0.00    0.00    0.00
    240 0 2011 358 23.000   69.50   -3.07    0.00    0.00    0.00
    241 0 2011 359  0.000   99.20   -0.89    0.00    0.00    0.00
    242 0 2011 359  1.000  129.80   -1.39    0.00    0.00    0.00
    243 0 2011 359  2.000  155.40   -0.97    0.00    0.00    0.00
    244 0 2011 359  3.000  165.00   -1.87    0.00    0.00    0.00
    245 0 2011 359  4.000  160.20    0.36    0.00    0.00    0.00
    246 0 2011 359  5.000  139.40    0.77    0.00    0.00    0.00
    247 0 2011 359  6.000  110.40    1.45    0.00    0.00    0.00
    248 0 2011 359  7.000   77.90    0.77    0.00    0.00    0.00
    249 0 2011 359  8.000   52.80    1.75    0.00    0.00    0.00
    250 0 2011 359  9.000   43.30    4.72    0.00    0.00    0.00
    251 0 2011 359 10.000   44.00    0.37    0.00    0.00    0.00
    252 0 2011 359 11.000   66.00    0.90    0.00    0.00    0.00
    253 0 2011 359 12.000   99.70    0.66    0.00    0.00    0.00
    254 0 2011 359 13.000  139.20    0.07    0.00    0.00    0.00
    255 0 2011 359 14.000  175.20   -0.44    0.00    0.00    0.00
    256 0 2011 359 15.000  198.40    0.28    0.00    0.00    0.00
    257 0 2011 359 16.000  199.90   -1.21    0.00    0.00    0.00
    258 0 2011 359 17.000  187.20    1.16    0.00    0.00    0.00
    259 0 2011 359 18.000  159.40    1.60    0.00    0.00    0.00
    260 0 2011 359 19.000  123.80    1.36    0.00    0.00    0.00
    261 0 2011 359 20.000   89.80    1.93    0.00    0.00    0.00
    262 0 2011 359 21.000   63.40    0.42    0.00    0.00    0.00
    263 0 2011 359 22.000   52.40   -1.20    0.00    0.00    0.00
    264 0 2011 359 23.000   59.90   -0.57    0.00    0.00    0.00
    265 0 2011 360  0.000   81.40    0.15    0.00    0.00    0.00
    266 0 2011 360  1.000  111.90    0.53    0.00    0.00    0.00
    267 0 2011 360  2.000  140.30   -2.28    0.00    0.00    0.00
    268 0 2011 360  3.000  163.40   -1.03    0.00    0.00    0.00
    269 0 2011 360  4.000  171.90    1.93    0.00    0.00    0.00
    270 0 2011 360  5.000  160.00    0.96    0.00    0.00    0.00
    271 0 2011 360  6.000  135.00   -0.63    0.00    0.00    0.00
    272 0 2011 360  7.000  103.60   -1.33    0.00    0.00    0.00
    273 0 2011 360  8.000   72.10   -1.96    0.00    0.00    0.00
    274 0 2011 360  9.000   50.60   -1.24    0.00    0.00    0.00
    275 0 2011 360 10.000   43.40   -1.52    0.00    0.00    0.00
    276 0 2011 360 11.000   54.00   -0.90    0.00    0.00    0.00
    277 0 2011 360 12.000   83.00    3.13    0.00    0.00    0.00
    278 0 2011 360 13.000  112.40   -3.51    0.00    0.00    0.00
    279 0 2011 360 14.000  151.80   -3.64    0.00    0.00    0.00
    280 0 2011 360 15.000  187.50    0.02    0.00    0.00    0.00
    281 0 2011 360 16.000  203.40    0.35    0.00    0.00    0.00
    282 0 2011 360 17.000  198.80   -1.02    0.00    0.00    0.00
    283 0 2011 360 18.000  178.10   -2.48    0.00    0.00    0.00
    284 0 2011 360 19.000  150.10    0.28    0.00    0.00    0.00
    285 0 2011 360 20.000  114.15    0.15    0.00    0.00    0.00
    286 0 2011 360 21.000   82.00   -0.18    0.00    0.00    0.00
    287 0 2011 360 22.000   60.50   -1.99    0.00    0.00    0.00
    288 0 2011 360 23.000   55.50   -2.79    0.00    0.00    0.00
    289 0 2011 361  0.000   68.50   -0.61    0.00    0.00    0.00
    290 0 2011 361  1.000   94.30    1.55    0.00    0.00    0.00
    291 0 2011 361  2.000  125.30    1.51    0.00    0.00    0.00
    292 0 2011 361  3.000  152.00   -0.42    0.00    0.00    0.00
    293 0 2011 361  4.000  168.70   -0.22    0.00    0.00    0.00
    294 0 2011 361  5.000  170.90    1.54    0.00    0.00    0.00
    295 0 2011 361  6.000  152.80   -2.64    0.00    0.00    0.00
    296 0 2011 361  7.000  127.80   -2.97    0.00    0.00    0.00
    297 0 2011 361  8.000   96.80   -3.74    0.00    0.00    0.00
    298 0 2011 361  9.000   70.30   -2.64    0.00    0.00    0.00
    299 0 2011 361 10.000   54.90   -1.61    0.00    0.00    0.00
    300 0 2011 361 11.000   54.50   -0.95    0.00    0.00    0.00
    301 0 2011 361 12.000   71.40    1.87    0.00    0.00    0.00
    302 0 2011 361 13.000   97.80    0.97    0.00    0.00    0.00
    303 0 2011 361 14.000  130.30   -2.71    0.00    0.00    0.00
    304 0 2011 361 15.000  168.10   -0.85    0.00    0.00    0.00
    305 0 2011 361 16.000  196.80    2.91    0.00    0.00    0.00
    306 0 2011 361 17.000  203.20    1.36    0.00    0.00    0.00
    307 0 2011 361 18.000  192.40   -0.77    0.00    0.00    0.00
    308 0 2011 361 19.000  172.50    1.71    0.00    0.00    0.00
    309 0 2011 361 20.000  142.20    3.26    0.00    0.00    0.00
    310 0 2011 361 21.000  107.80    2.72    0.00    0.00    0.00
    311 0 2011 361 22.000   80.60    2.16    0.00    0.00    0.00
    312 0 2011 361 23.000   68.70    3.75    0.00    0.00    0.00
    313 0 2011 362  0.000   68.50    2.78    0.00    0.00    0.00
    314 0 2011 362  1.000   80.40    0.45    0.00    0.00    0.00
    315 0 2011 362  2.000  105.90    0.55    0.00    0.00    0.00
    316 0 2011 362  3.000  137.70    2.61    0.00    0.00    0.00
    317 0 2011 362  4.000  160.70    1.83    0.00    0.00    0.00
    318 0 2011 362  5.000  168.70   -0.66    0.00    0.00    0.00
    319 0 2011 362  6.000  165.70    0.12    0.00    0.00    0.00
    320 0 2011 362  7.000  152.10    2.33    0.00    0.00    0.00
    321 0 2011 362  8.000  129.70    4.73    0.00    0.00    0.00
    322 0 2011 362  9.000  103.90    6.86    0.00    0.00    0.00
    323 0 2011 362 10.000   80.50    5.80    0.00    0.00    0.00
    324 0 2011 362 11.000   70.40    5.71    0.00    0.00    0.00
    325 1 2011 362 12.000   79.00    0.00    0.00    0.00    0.00
    326 1 2011 362 13.000   95.00    0.00    0.00    0.00    0.00
    327 1 2011 362 14.000  123.90    0.00    0.00    0.00    0.00
    328 0 2011 362 15.000  154.00    6.66    0.00    0.00    0.00
    329 0 2011 362 16.000  182.90    5.98    0.00    0.00    0.00
    330 0 2011 362 17.000  197.30    3.77    0.00    0.00    0.00
    331 1 2011 362 18.000 9999.99    0.00    0.00    0.00    0.00
    332 1 2011 362 19.000 9999.99    0.00    0.00    0.00    0.00
    333 1 2011 362 20.000 9999.99    0.00    0.00    0.00    0.00
    334 1 2011 362 21.000 9999.99    0.00    0.00    0.00    0.00
    335 1 2011 362 22.000 9999.99    0.00    0.00    0.00    0.00
    336 1 2011 362 23.000 9999.99    0.00    0.00    0.00    0.00
    337 1 2011 363  0.000   76.70    0.00    0.00    0.00    0.00
    338 1 2011 363  1.000   87.20    0.00    0.00    0.00    0.00
    339 1 2011 363  2.000  104.10    0.00    0.00    0.00    0.00
    340 1 2011 363  3.000  129.80    0.00    0.00    0.00    0.00
    341 1 2011 363  4.000  154.30    0.00    0.00    0.00    0.00
    342 1 2011 363  5.000  170.20    0.00    0.00    0.00    0.00
    343 1 2011 363  6.000  175.60    0.00    0.00    0.00    0.00
    344 1 2011 363  7.000  173.80    0.00    0.00    0.00    0.00
    345 1 2011 363  8.000  161.40    0.00    0.00    0.00    0.00
    346 1 2011 363  9.000  133.90    0.00    0.00    0.00    0.00
    347 1 2011 363 10.000  107.60    0.00    0.00    0.00    0.00
    348 1 2011 363 11.000   89.10    0.00    0.00    0.00    0.00
    349 1 2011 363 12.000   87.00    0.00    0.00    0.00    0.00
    350 1 2011 363 13.000   93.90    0.00    0.00    0.00    0.00
    351 0 2011 363 14.000  107.10    6.48    0.00    0.00    0.00
    352 0 2011 363 15.000  131.00    3.67    0.00    0.00    0.00
    353 0 2011 363 16.000  159.50    3.37    0.00    0.00    0.00
    354 0 2011 363 17.000  184.70    6.93    0.00    0.00    0.00
    355 0 2011 363 18.000  190.30    3.80    0.00    0.00    0.00
    356 0 2011 363 19.000  185.10    2.92    0.00    0.00    0.00
    357 0 2011 363 20.000  171.70    4.96    0.00    0.00    0.00
    358 0 2011 363 21.000  146.90    4.40    0.00    0.00    0.00
    359 0 2011 363 22.000  114.60   -0.09    0.00    0.00    0.00
    360 0 2011 363 23.000   88.70   -2.57    0.00    0.00    0.00
    361 0 2011 364  0.000   78.70    0.76    0.00    0.00    0.00
    362 0 2011 364  1.000   74.00   -1.78    0.00    0.00    0.00
    363 0 2011 364  2.000   81.60   -2.53    0.00    0.00    0.00
    364 0 2011 364  3.000  102.00   -0.16    0.00    0.00    0.00
    365 0 2011 364  4.000  126.70    0.91    0.00    0.00    0.00
    366 0 2011 364  5.000  147.00   -0.03    0.00    0.00    0.00
    367 0 2011 364  6.000  157.80   -1.28    0.00    0.00    0.00
    368 0 2011 364  7.000  160.00   -0.35    0.00    0.00    0.00
    369 0 2011 364  8.000  153.50    1.33    0.00    0.00    0.00
    370 0 2011 364  9.000  139.30    3.30    0.00    0.00    0.00
    371 0 2011 364 10.000  115.80    0.62    0.00    0.00    0.00
    372 0 2011 364 11.000   96.00   -0.36    0.00    0.00    0.00
    373 0 2011 364 12.000   84.70   -1.14    0.00    0.00    0.00
    374 0 2011 364 13.000   83.90   -1.70    0.00    0.00    0.00
    375 0 2011 364 14.000   95.10    0.33    0.00    0.00    0.00
    376 0 2011 364 15.000  108.60   -3.75    0.00    0.00    0.00
    377 0 2011 364 16.000  129.30   -6.27    0.00    0.00    0.00
    378 0 2011 364 17.000  153.00   -4.75    0.00    0.00    0.00
    379 0 2011 364 18.000  168.00   -3.59    0.00    0.00    0.00
    380 0 2011 364 19.000  170.20   -3.96    0.00    0.00    0.00
    381 0 2011 364 20.000  165.10   -1.43    0.00    0.00    0.00
    382 0 2011 364 21.000  147.60   -2.76    0.00    0.00    0.00
    383 0 2011 364 22.000  125.70   -2.35    0.00    0.00    0.00
    384 0 2011 364 23.000  103.80   -1.22    0.00    0.00    0.00
    385 0 2011 365  0.000   90.60    2.65    0.00    0.00    0.00
    386 0 2011 365  1.000   82.10    1.78    0.00    0.00    0.00
    387 0 2011 365  2.000   83.50    1.50    0.00    0.00    0.00
    388 0 2011 365  3.000   94.40    2.15    0.00    0.00    0.00
    389 0 2011 365  4.000  113.90    4.12    0.00    0.00    0.00
    390 0 2011 365  5.000  132.60    2.56    0.00    0.00    0.00
    391 0 2011 365  6.000  146.70    0.49    0.00    0.00    0.00
    392 0 2011 365  7.000  155.40    1.44    0.00    0.00    0.00
    393 0 2011 365  8.000  154.90    1.78    0.00    0.00    0.00
    394 0 2011 365  9.000  147.20    2.34    0.00    0.00    0.00
    395 0 2011 365 10.000  130.40    0.00    0.00    0.00    0.00
    396 0 2011 365 11.000  113.30    0.11    0.00    0.00    0.00
    397 0 2011 365 12.000   98.60   -0.54    0.00    0.00    0.00
    398 0 2011 365 13.000   90.20   -2.47    0.00    0.00    0.00
    399 0 2011 365 14.000   92.50   -1.95    0.00    0.00    0.00
    400 0 2011 365 15.000  102.30   -1.15    0.00    0.00    0.00
    401 0 2011 365 16.000  115.90   -2.70    0.00    0.00    0.00
    402 0 2011 365 17.000  133.40   -3.45    0.00    0.00    0.00
    403 0 2011 365 18.000  150.40   -1.97    0.00    0.00    0.00
    404 0 2011 365 19.000  160.10   -0.01    0.00    0.00    0.00
    405 0 2011 365 20.000  160.80    1.84    0.00    0.00    0.00
    406 0 2011 365 21.000  150.80    0.56    0.00    0.00    0.00
    407 0 2011 365 22.000  135.90    0.65    0.00    0.00    0.00
    408 0 2011 365 23.000  116.15   -0.20    0.00    0.00    0.00
    409 0 2012   1  0.000   96.20   -2.24    0.00    0.00    0.00
    410 0 2012   1  1.000   85.70   -0.95    0.00    0.00    0.00
    411 0 2012   1  2.000   79.10   -3.86    0.00    0.00    0.00
    412 0 2012   1  3.000   84.30   -2.46    0.00    0.00    0.00
    413 0 2012   1  4.000   97.60    0.36    0.00    0.00    0.00
    414 0 2012   1  5.000  115.50    2.65    0.00    0.00    0.00
    415 0 2012   1  6.000  129.20   -0.23    0.00    0.00    0.00
    416 0 2012   1  7.000  139.10   -2.67    0.00    0.00    0.00
    417 0 2012   1  8.000  144.70   -2.55    0.00    0.00    0.00
    418 0 2012   1  9.000  145.60   -0.53    0.00    0.00    0.00
    419 0 2012   1 10.000  135.90   -3.24    0.00    0.00    0.00
    420 0 2012   1 11.000  123.10   -4.09    0.00    0.00    0.00
    421 0 2012   1 12.000  108.40   -4.99    0.00    0.00    0.00
    422 0 2012   1 13.000   99.50   -3.12    0.00    0.00    0.00
    423 0 2012   1 14.000   98.80    0.76    0.00    0.00    0.00
    424 0 2012   1 15.000  100.20    0.44    0.00    0.00    0.00
    425 0 2012   1 16.000  107.90    1.06    0.00    0.00    0.00
    426 0 2012   1 17.000  118.10   -0.23    0.00    0.00    0.00
    427 0 2012   1 18.000  130.90   -0.67    0.00    0.00    0.00
    428 0 2012   1 19.000  142.00   -0.02    0.00    0.00    0.00
    429 0 2012   1 20.000  147.00    0.73    0.00    0.00    0.00
    430 0 2012   1 21.000  142.90   -1.09    0.00    0.00    0.00
    431 0 2012   1 22.000  136.20   -0.02    0.00    0.00    0.00
    432 0 2012   1 23.000  121.90   -1.83    0.00    0.00    0.00
    433 0 2012   2  0.000  106.00   -2.44    0.00    0.00    0.00
    434 0 2012   2  1.000   94.30   -0.24    0.00    0.00    0.00
    435 0 2012   2  2.000   84.40   -1.65    0.00    0.00    0.00
    436 0 2012   2  3.000   84.10   -0.11    0.00    0.00    0.00
    437 0 2012   2  4.000   89.30    1.01    0.00    0.00    0.00
    438 0 2012   2  5.000   99.70    2.06    0.00    0.00    0.00
    439 0 2012   2  6.000  112.00    0.98    0.00    0.00    0.00
    440 0 2012   2  7.000  125.00   -0.02    0.00    0.00    0.00
    441 0 2012   2  8.000  135.70    0.07    0.00    0.00    0.00
    442 0 2012   2  9.000  142.40    1.40    0.00    0.00    0.00
    443 0 2012   2 10.000  140.60   -0.62    0.00    0.00    0.00
    444 0 2012   2 11.000  137.70    1.39    0.00    0.00    0.00
    445 0 2012   2 12.000  128.60    1.99    0.00    0.00    0.00
    446 0 2012   2 13.000  116.30    1.46    0.00    0.00    0.00
    447 0 2012   2 14.000  105.00   -0.22    0.00    0.00    0.00
    448 0 2012   2 15.000  103.30    2.95    0.00    0.00    0.00
    449 0 2012   2 16.000  103.40    3.17    0.00    0.00    0.00
    450 0 2012   2 17.000  102.30   -2.02    0.00    0.00    0.00
    451 0 2012   2 18.000  112.00   -0.23    0.00    0.00    0.00
    452 0 2012   2 19.000  124.90    2.92    0.00    0.00    0.00
    453 0 2012   2 20.000  131.60    1.67    0.00    0.00    0.00
    454 0 2012   2 21.000  132.20   -1.25    0.00    0.00    0.00
    455 0 2012   2 22.000  129.00   -3.29    0.00    0.00    0.00
    456 0 2012   2 23.000  122.50   -4.22    0.00    0.00    0.00
    457 0 2012   3  0.000  116.70   -0.02    0.00    0.00    0.00
    458 0 2012   3  1.000  103.10   -0.69    0.00    0.00    0.00
    459 0 2012   3  2.000   92.10    0.29    0.00    0.00    0.00
    460 0 2012   3  3.000   85.95    1.60    0.00    0.00    0.00
    461 0 2012   3  4.000   85.30    2.96    0.00    0.00    0.00
    462 0 2012   3  5.000   84.80   -0.55    0.00    0.00    0.00
    463 0 2012   3  6.000   90.10   -3.26    0.00    0.00    0.00
    464 0 2012   3  7.000  100.10   -5.49    0.00    0.00    0.00
    465 0 2012   3  8.000  116.90   -2.17    0.00    0.00    0.00
    466 0 2012   3  9.000  129.70   -0.56    0.00    0.00    0.00
    467 0 2012   3 10.000  134.40   -3.00    0.00    0.00    0.00
    468 0 2012   3 11.000  136.70   -3.19    0.00    0.00    0.00
    469 0 2012   3 12.000  134.90   -1.85    0.00    0.00    0.00
    470 0 2012   3 13.000  125.30   -2.58    0.00    0.00    0.00
    471 0 2012   3 14.000  113.20   -2.85    0.00    0.00    0.00
    472 0 2012   3 15.000  102.80   -2.66    0.00    0.00    0.00
    473 0 2012   3 16.000   96.50   -1.99    0.00    0.00    0.00
    474 0 2012   3 17.000   93.50   -1.99    0.00    0.00    0.00
    475 0 2012   3 18.000   94.90   -1.89    0.00    0.00    0.00
    476 0 2012   3 19.000  102.30   -0.38    0.00    0.00    0.00
    477 0 2012   3 20.000  108.50   -2.92    0.00    0.00    0.00
    478 0 2012   3 21.000  118.20   -1.36    0.00    0.00    0.00
    479 0 2012   3 22.000  122.60   -2.06    0.00    0.00    0.00
    480 0 2012   3 23.000  124.40   -1.50    0.00    0.00    0.00
    481 0 2012   4  0.000  122.70    0.32    0.00    0.00    0.00
    482 0 2012   4  1.000  114.50    1.11    0.00    0.00    0.00
    483 0 2012   4  2.000  100.50   -0.15    0.00    0.00    0.00
    484 0 2012   4  3.000   86.00   -2.32    0.00    0.00    0.00
    485 0 2012   4  4.000   79.90    0.04    0.00    0.00    0.00
    486 0 2012   4  5.000   76.20   -0.11    0.00    0.00    0.00
    487 0 2012   4  6.000   77.60   -0.52    0.00    0.00    0.00
    488 0 2012   4  7.000   83.60   -2.42    0.00    0.00    0.00
    489 0 2012   4  8.000   96.00   -3.20    0.00    0.00    0.00
    490 0 2012   4  9.000  113.30   -1.13    0.00    0.00    0.00
    491 0 2012   4 10.000  127.50   -0.63    0.00    0.00    0.00
    492 0 2012   4 11.000  137.20   -0.92    0.00    0.00    0.00
    493 0 2012   4 12.000  142.40   -0.19    0.00    0.00    0.00
    494 0 2012   4 13.000  139.30   -0.34    0.00    0.00    0.00
    495 0 2012   4 14.000  129.50    0.05    0.00    0.00    0.00
    496 0 2012   4 15.000  118.50    2.97    0.00    0.00    0.00
    497 0 2012   4 16.000  103.90    1.63    0.00    0.00    0.00
    498 0 2012   4 17.000   91.80   -0.38    0.00    0.00    0.00
    499 0 2012   4 18.000   85.70   -0.80    0.00    0.00    0.00
    500 0 2012   4 19.000   88.10    1.46    0.00    0.00    0.00
    501 0 2012   4 20.000   93.80    0.83    0.00    0.00    0.00
    502 0 2012   4 21.000  103.30    0.10    0.00    0.00    0.00
    503 0 2012   4 22.000  112.90   -0.79    0.00    0.00    0.00
    504 0 2012   4 23.000  120.50   -1.17    0.00    0.00    0.00
    505 0 2012   5  0.000  123.50   -1.63    0.00    0.00    0.00
    506 0 2012   5  1.000  119.60   -2.40    0.00    0.00    0.00
    507 0 2012   5  2.000  107.80   -3.88    0.00    0.00    0.00
    508 0 2012   5  3.000   97.50    0.56    0.00    0.00    0.00
    509 0 2012   5  4.000   83.00    0.55    0.00    0.00    0.00
    510 0 2012   5  5.000   69.20   -2.52    0.00    0.00    0.00
    511 0 2012   5  6.000   62.60   -3.98    0.00    0.00    0.00
    512 0 2012   5  7.000   65.70   -2.89    0.00    0.00    0.00
    513 0 2012   5  8.000   76.70   -1.89    0.00    0.00    0.00
    514 0 2012   5  9.000   94.90   -0.02    0.00    0.00    0.00
    515 0 2012   5 10.000  111.20   -2.50    0.00    0.00    0.00
    516 0 2012   5 11.000  131.30    0.28    0.00    0.00    0.00
    517 0 2012   5 12.000  147.30    3.66    0.00    0.00    0.00
    518 0 2012   5 13.000  151.00    2.63    0.00    0.00    0.00
    519 0 2012   5 14.000  143.50    0.28    0.00    0.00    0.00
    520 0 2012   5 15.000  131.30    1.64    0.00    0.00    0.00
    521 0 2012   5 16.000  116.10    3.94    0.00    0.00    0.00
    522 0 2012   5 17.000   95.70    0.42    0.00    0.00    0.00
    523 0 2012   5 18.000   81.50   -0.69    0.00    0.00    0.00
    524 0 2012   5 19.000   77.55    2.08    0.00    0.00    0.00
    525 0 2012   5 20.000   82.20    5.25    0.00    0.00    0.00
    526 0 2012   5 21.000   88.50    2.40    0.00    0.00    0.00
    527 0 2012   5 22.000  100.20    0.51    0.00    0.00    0.00
    528 0 2012   5 23.000  116.50    2.78    0.00    0.00    0.00
    529 0 2012   6  0.000  129.05    4.56    0.00    0.00    0.00
    530 0 2012   6  1.000  131.10    2.63    0.00    0.00    0.00
    531 0 2012   6  2.000  125.10    1.90    0.00    0.00    0.00
    532 0 2012   6  3.000  112.70    3.32    0.00    0.00    0.00
    533 0 2012   6  4.000   96.20    5.05    0.00    0.00    0.00
    534 0 2012   6  5.000   75.70    2.17    0.00    0.00    0.00
    535 0 2012   6  6.000   61.30    0.76    0.00    0.00    0.00
    536 0 2012   6  7.000   58.00    2.73    0.00    0.00    0.00
    537 0 2012   6  8.000   63.90    4.00    0.00    0.00    0.00
    538 0 2012   6  9.000   78.10    3.84    0.00    0.00    0.00
    539 0 2012   6 10.000   98.60    3.28    0.00    0.00    0.00
    540 0 2012   6 11.000  124.50    5.91    0.00    0.00    0.00
    541 1 2012   6 12.000  148.10    0.00    0.00    0.00    0.00
    542 0 2012   6 13.000  157.40    4.57    0.00    0.00    0.00
    543 0 2012   6 14.000  159.30    4.18    0.00    0.00    0.00
    544 0 2012   6 15.000  150.50    4.97    0.00    0.00    0.00
    545 1 2012   6 16.000  135.20    0.00    0.00    0.00    0.00
    546 0 2012   6 17.000  110.60    5.24    0.00    0.00    0.00
    547 0 2012   6 18.000   86.30    1.39    0.00    0.00    0.00
    548 0 2012   6 19.000   72.90    2.56    0.00    0.00    0.00
    549 0 2012   6 20.000   68.20    3.06    0.00    0.00    0.00
    550 0 2012   6 21.000   72.50    2.12    0.00    0.00    0.00
    551 0 2012   6 22.000   85.20    1.24    0.00    0.00    0.00
    552 0 2012   6 23.000  101.70   -0.19    0.00    0.00    0.00
    553 0 2012   7  0.000  121.00    1.56    0.00    0.00    0.00
    554 0 2012   7  1.000  133.40    1.96    0.00    0.00    0.00
    555 0 2012   7  2.000  135.10    1.78    0.00    0.00    0.00
    556 0 2012   7  3.000  126.00    2.37    0.00    0.00    0.00
    557 0 2012   7  4.000  110.90    5.81    0.00    0.00    0.00
    558 0 2012   7  5.000   85.40    2.59    0.00    0.00    0.00
    559 0 2012   7  6.000   64.30    2.10    0.00    0.00    0.00
    560 0 2012   7  7.000   51.40    3.01    0.00    0.00    0.00
    561 0 2012   7  8.000   47.60    2.03    0.00    0.00    0.00
    562 0 2012   7  9.000   56.90    1.66    0.00    0.00    0.00
    563 0 2012   7 10.000   77.40    2.01    0.00    0.00    0.00
    564 0 2012   7 11.000  105.40    3.58    0.00    0.00    0.00
    565 0 2012   7 12.000  130.70    1.36    0.00    0.00    0.00
    566 0 2012   7 13.000  152.10    0.27    0.00    0.00    0.00
    567 0 2012   7 14.000  160.90   -2.35    0.00    0.00    0.00
    568 0 2012   7 15.000  159.40   -1.08    0.00    0.00    0.00
    569 0 2012   7 16.000  144.20   -0.81    0.00    0.00    0.00
    570 0 2012   7 17.000  118.30   -3.10    0.00    0.00    0.00
    571 0 2012   7 18.000   92.70   -2.52    0.00    0.00    0.00
    572 0 2012   7 19.000   69.60   -2.88    0.00    0.00    0.00
    573 0 2012   7 20.000   57.70   -1.26    0.00    0.00    0.00
    574 0 2012   7 21.000   56.25   -1.60    0.00    0.00    0.00
    575 0 2012   7 22.000   66.40   -2.00    0.00    0.00    0.00
    576 0 2012   7 23.000   85.10   -2.04    0.00    0.00    0.00
    577 0 2012   8  0.000  109.10   -0.31    0.00    0.00    0.00
    578 0 2012   8  1.000  128.40   -0.82    0.00    0.00    0.00
    579 0 2012   8  2.000  139.60   -0.29    0.00    0.00    0.00
    580 0 2012   8  3.000  137.50    0.28    0.00    0.00    0.00
    581 0 2012   8  4.000  123.50    1.53    0.00    0.00    0.00
    582 0 2012   8  5.000   97.90   -0.64    0.00    0.00    0.00
    583 0 2012   8  6.000   70.00   -2.57    0.00    0.00    0.00
    584 0 2012   8  7.000   48.40   -1.92    0.00    0.00    0.00
    585 0 2012   8  8.000   37.40   -0.85    0.00    0.00    0.00
    586 0 2012   8  9.000   38.50   -1.99    0.00    0.00    0.00
    587 0 2012   8 10.000   53.90   -2.73    0.00    0.00    0.00
    588 0 2012   8 11.000   82.10   -0.80    0.00    0.00    0.00
    589 0 2012   8 12.000  111.30   -3.00    0.00    0.00    0.00
    590 0 2012   8 13.000  142.80   -1.67    0.00    0.00    0.00
    591 0 2012   8 14.000  164.30   -1.42    0.00    0.00    0.00
    592 0 2012   8 15.000  170.90   -1.14    0.00    0.00    0.00
    593 0 2012   8 16.000  159.30   -3.21    0.00    0.00    0.00
    594 0 2012   8 17.000  136.70   -4.02    0.00    0.00    0.00
    595 0 2012   8 18.000  108.90   -3.05    0.00    0.00    0.00
    596 0 2012   8 19.000   81.90   -0.63    0.00    0.00    0.00
    597 0 2012   8 20.000   58.60   -1.29    0.00    0.00    0.00
    598 0 2012   8 21.000   49.25   -0.90    0.00    0.00    0.00
    599 0 2012   8 22.000   51.20   -3.64    0.00    0.00    0.00
    600 0 2012   8 23.000   69.50   -1.78    0.00    0.00    0.00
    601 0 2012   9  0.000   94.90   -0.24    0.00    0.00    0.00
    602 0 2012   9  1.000  120.50   -0.29    0.00    0.00    0.00
    603 0 2012   9  2.000  138.90   -1.65    0.00    0.00    0.00
    604 0 2012   9  3.000  146.30   -1.01    0.00    0.00    0.00
    605 0 2012   9  4.000  138.05   -0.73    0.00    0.00    0.00
    606 0 2012   9  5.000  117.20   -0.82    0.00    0.00    0.00
    607 0 2012   9  6.000   85.40   -4.94    0.00    0.00    0.00
    608 0 2012   9  7.000   59.20   -2.74    0.00    0.00    0.00
    609 0 2012   9  8.000   38.10   -2.32    0.00    0.00    0.00
    610 0 2012   9  9.000   30.90   -1.94    0.00    0.00    0.00
    611 0 2012   9 10.000   40.30   -1.44    0.00    0.00    0.00
    612 0 2012   9 11.000   66.40    1.89    0.00    0.00    0.00
    613 0 2012   9 12.000   95.90   -0.34    0.00    0.00    0.00
    614 0 2012   9 13.000  131.10    0.02    0.00    0.00    0.00
    615 0 2012   9 14.000  163.40    2.34    0.00    0.00    0.00
    616 0 2012   9 15.000  177.40   -0.34    0.00    0.00    0.00
    617 0 2012   9 16.000  175.50   -1.35    0.00    0.00    0.00
    618 0 2012   9 17.000  161.45    1.36    0.00    0.00    0.00
    619 0 2012   9 18.000  131.40   -0.91    0.00    0.00    0.00
    620 0 2012   9 19.000  101.10    1.76    0.00    0.00    0.00
    621 0 2012   9 20.000   70.20    1.39    0.00    0.00    0.00
    622 0 2012   9 21.000   50.80    1.68    0.00    0.00    0.00
    623 0 2012   9 22.000   45.50    0.30    0.00    0.00    0.00
