                                                                                
                                                                                
                                                                                
                                                                                
                                                                                
                                                                                
                                                                                
                                                                                
                                                                                
                                                                                
                                                                                
                                                                                
                                                                                
                                                                                
                                                                                
                                                                                
                                                                                
                                                                                
                                                                                
                                                                                
      1 1 2011 349  0.000 9999.99    0.00    0.00    0.00    0.00
      2 0 2011 349  1.000   59.10   -0.01    0.00    0.00    0.00
      3 0 2011 349  2.000   80.00   -0.14    0.00    0.00    0.00
      4 0 2011 349  3.000  107.70    2.53    0.00    0.00    0.00
      5 0 2011 349  4.000  128.60    1.91    0.00    0.00    0.00
      6 0 2011 349  5.000  140.90    1.51    0.00    0.00    0.00
      7 0 2011 349  6.000  140.10   -0.45    0.00    0.00    0.00
      8 0 2011 349  7.000  129.40   -0.05    0.00    0.00    0.00
      9 0 2011 349  8.000  107.30   -1.19    0.00    0.00    0.00
     10 0 2011 349  9.000   84.20    0.35    0.00    0.00    0.00
     11 0 2011 349 10.000   61.00   -2.14    0.00    0.00    0.00
     12 0 2011 349 11.000   49.60   -2.37    0.00    0.00    0.00
     13 0 2011 349 12.000   54.50    1.59    0.00    0.00    0.00
     14 0 2011 349 13.000   69.50    3.16    0.00    0.00    0.00
     15 0 2011 349 14.000   94.00    3.99    0.00    0.00    0.00
     16 1 2011 349 15.000 9999.99    0.00    0.00    0.00    0.00
     17 1 2011 349 16.000 9999.99    0.00    0.00    0.00    0.00
     18 1 2011 349 17.000 9999.99    0.00    0.00    0.00    0.00
     19 1 2011 349 18.000 9999.99    0.00    0.00    0.00    0.00
     20 1 2011 349 19.000 9999.99    0.00    0.00    0.00    0.00
     21 1 2011 349 20.000 9999.99    0.00    0.00    0.00    0.00
     22 1 2011 349 21.000 9999.99    0.00    0.00    0.00    0.00
     23 1 2011 349 22.000 9999.99    0.00    0.00    0.00    0.00
     24 1 2011 349 23.000 9999.99    0.00    0.00    0.00    0.00
     25 0 2011 350  0.000   48.40   -1.00    0.00    0.00    0.00
     26 0 2011 350  1.000   50.50    0.14    0.00    0.00    0.00
     27 0 2011 350  2.000   63.40   -0.03    0.00    0.00    0.00
     28 0 2011 350  3.000   86.50    1.34    0.00    0.00    0.00
     29 0 2011 350  4.000  111.10    2.04    0.00    0.00    0.00
     30 0 2011 350  5.000  129.30    1.02    0.00    0.00    0.00
     31 0 2011 350  6.000  138.40    0.06    0.00    0.00    0.00
     32 0 2011 350  7.000  138.80    1.45    0.00    0.00    0.00
     33 0 2011 350  8.000  125.00   -0.42    0.00    0.00    0.00
     34 0 2011 350  9.000  105.00   -0.45    0.00    0.00    0.00
     35 0 2011 350 10.000   85.40    1.92    0.00    0.00    0.00
     36 0 2011 350 11.000   66.40   -0.05    0.00    0.00    0.00
     37 0 2011 350 12.000   59.20    0.22    0.00    0.00    0.00
     38 0 2011 350 13.000   61.80   -0.81    0.00    0.00    0.00
     39 0 2011 350 14.000   77.80    1.01    0.00    0.00    0.00
     40 0 2011 350 15.000  100.50    1.60    0.00    0.00    0.00
     41 0 2011 350 16.000  125.80    2.13    0.00    0.00    0.00
     42 0 2011 350 17.000  145.40    0.85    0.00    0.00    0.00
     43 0 2011 350 18.000  158.40    1.79    0.00    0.00    0.00
     44 0 2011 350 19.000  157.40   -0.26    0.00    0.00    0.00
     45 0 2011 350 20.000  147.20   -0.08    0.00    0.00    0.00
     46 0 2011 350 21.000  127.30    0.44    0.00    0.00    0.00
     47 0 2011 350 22.000  100.60   -0.08    0.00    0.00    0.00
     48 0 2011 350 23.000   76.20    0.79    0.00    0.00    0.00
     49 0 2011 351  0.000   56.70   -0.40    0.00    0.00    0.00
     50 0 2011 351  1.000   49.30    0.25    0.00    0.00    0.00
     51 0 2011 351  2.000   52.80    0.49    0.00    0.00    0.00
     52 0 2011 351  3.000   67.30    1.09    0.00    0.00    0.00
     53 0 2011 351  4.000   90.60    3.25    0.00    0.00    0.00
     54 0 2011 351  5.000  109.70   -0.01    0.00    0.00    0.00
     55 0 2011 351  6.000  125.30   -1.85    0.00    0.00    0.00
     56 0 2011 351  7.000  135.40   -0.57    0.00    0.00    0.00
     57 0 2011 351  8.000  136.00    1.15    0.00    0.00    0.00
     58 0 2011 351  9.000  122.30   -1.78    0.00    0.00    0.00
     59 0 2011 351 10.000  106.90    0.49    0.00    0.00    0.00
     60 0 2011 351 11.000   86.60   -0.90    0.00    0.00    0.00
     61 0 2011 351 12.000   74.10    0.61    0.00    0.00    0.00
     62 0 2011 351 13.000   70.70    2.70    0.00    0.00    0.00
     63 0 2011 351 14.000   71.70   -0.08    0.00    0.00    0.00
     64 0 2011 351 15.000   84.00   -0.15    0.00    0.00    0.00
     65 0 2011 351 16.000  103.10    0.27    0.00    0.00    0.00
     66 0 2011 351 17.000  123.80    0.56    0.00    0.00    0.00
     67 0 2011 351 18.000  138.80   -0.95    0.00    0.00    0.00
     68 0 2011 351 19.000  148.50    0.09    0.00    0.00    0.00
     69 0 2011 351 20.000  147.20   -0.48    0.00    0.00    0.00
     70 0 2011 351 21.000  138.80    1.59    0.00    0.00    0.00
     71 0 2011 351 22.000  119.40    1.29    0.00    0.00    0.00
     72 0 2011 351 23.000   95.50    1.14    0.00    0.00    0.00
     73 0 2011 352  0.000   72.90    0.84    0.00    0.00    0.00
     74 0 2011 352  1.000   58.60    2.25    0.00    0.00    0.00
     75 0 2011 352  2.000   49.70   -0.09    0.00    0.00    0.00
     76 0 2011 352  3.000   52.20   -1.08    0.00    0.00    0.00
     77 0 2011 352  4.000   66.30   -0.14    0.00    0.00    0.00
     78 0 2011 352  5.000   84.60   -1.71    0.00    0.00    0.00
     79 0 2011 352  6.000  104.40   -3.00    0.00    0.00    0.00
     80 0 2011 352  7.000  121.80   -2.54    0.00    0.00    0.00
     81 0 2011 352  8.000  134.50    0.54    0.00    0.00    0.00
     82 0 2011 352  9.000  135.50    0.72    0.00    0.00    0.00
     83 0 2011 352 10.000  127.70    1.08    0.00    0.00    0.00
     84 0 2011 352 11.000  113.80    1.98    0.00    0.00    0.00
     85 0 2011 352 12.000   97.90    2.42    0.00    0.00    0.00
     86 0 2011 352 13.000   85.80    2.91    0.00    0.00    0.00
     87 0 2011 352 14.000   80.70    3.85    0.00    0.00    0.00
     88 0 2011 352 15.000   80.20    2.07    0.00    0.00    0.00
     89 0 2011 352 16.000   88.10    1.41    0.00    0.00    0.00
     90 0 2011 352 17.000  102.60    1.55    0.00    0.00    0.00
     91 0 2011 352 18.000  116.40   -0.98    0.00    0.00    0.00
     92 0 2011 352 19.000  132.40    1.39    0.00    0.00    0.00
     93 0 2011 352 20.000  140.60    1.85    0.00    0.00    0.00
     94 0 2011 352 21.000  140.70    1.83    0.00    0.00    0.00
     95 0 2011 352 22.000  130.80    0.44    0.00    0.00    0.00
     96 0 2011 352 23.000  116.20    2.45    0.00    0.00    0.00
     97 0 2011 353  0.000   95.10    2.46    0.00    0.00    0.00
     98 0 2011 353  1.000   78.80    6.41    0.00    0.00    0.00
     99 0 2011 353  2.000   60.10    2.74    0.00    0.00    0.00
    100 0 2011 353  3.000   52.50    2.45    0.00    0.00    0.00
    101 0 2011 353  4.000   54.20    2.14    0.00    0.00    0.00
    102 0 2011 353  5.000   65.30    1.63    0.00    0.00    0.00
    103 0 2011 353  6.000   83.70    1.33    0.00    0.00    0.00
    104 0 2011 353  7.000  106.60    3.27    0.00    0.00    0.00
    105 0 2011 353  8.000  123.20    1.43    0.00    0.00    0.00
    106 0 2011 353  9.000  137.10    2.79    0.00    0.00    0.00
    107 0 2011 353 10.000  139.00    0.45    0.00    0.00    0.00
    108 0 2011 353 11.000  137.90    4.37    0.00    0.00    0.00
    109 0 2011 353 12.000  122.95    1.78    0.00    0.00    0.00
    110 0 2011 353 13.000  107.00    1.05    0.00    0.00    0.00
    111 0 2011 353 14.000   94.20    1.87    0.00    0.00    0.00
    112 0 2011 353 15.000   84.70    1.63    0.00    0.00    0.00
    113 0 2011 353 16.000   79.30   -0.58    0.00    0.00    0.00
    114 0 2011 353 17.000   85.30    1.49    0.00    0.00    0.00
    115 0 2011 353 18.000   92.10   -2.05    0.00    0.00    0.00
    116 0 2011 353 19.000  109.10    1.23    0.00    0.00    0.00
    117 0 2011 353 20.000  121.00   -0.15    0.00    0.00    0.00
    118 0 2011 353 21.000  131.20    0.50    0.00    0.00    0.00
    119 0 2011 353 22.000  133.10   -0.68    0.00    0.00    0.00
    120 0 2011 353 23.000  128.20   -0.08    0.00    0.00    0.00
    121 0 2011 354  0.000  112.80   -1.50    0.00    0.00    0.00
    122 0 2011 354  1.000   94.10   -0.83    0.00    0.00    0.00
    123 0 2011 354  2.000   72.00   -2.83    0.00    0.00    0.00
    124 0 2011 354  3.000   55.70   -2.49    0.00    0.00    0.00
    125 0 2011 354  4.000   48.30   -0.12    0.00    0.00    0.00
    126 0 2011 354  5.000   45.30   -2.91    0.00    0.00    0.00
    127 0 2011 354  6.000   55.90   -2.51    0.00    0.00    0.00
    128 0 2011 354  7.000   75.70   -1.30    0.00    0.00    0.00
    129 0 2011 354  8.000   98.90   -0.83    0.00    0.00    0.00
    130 0 2011 354  9.000  121.30   -0.48    0.00    0.00    0.00
    131 0 2011 354 10.000  135.20   -3.44    0.00    0.00    0.00
    132 0 2011 354 11.000  144.90   -1.71    0.00    0.00    0.00
    133 0 2011 354 12.000  141.80   -2.35    0.00    0.00    0.00
    134 0 2011 354 13.000  131.10   -1.69    0.00    0.00    0.00
    135 0 2011 354 14.000  113.60   -2.78    0.00    0.00    0.00
    136 0 2011 354 15.000   94.40   -4.75    0.00    0.00    0.00
    137 0 2011 354 16.000   80.30   -4.53    0.00    0.00    0.00
    138 0 2011 354 17.000   72.00   -4.57    0.00    0.00    0.00
    139 0 2011 354 18.000   72.80   -3.60    0.00    0.00    0.00
    140 0 2011 354 19.000   81.30   -2.95    0.00    0.00    0.00
    141 0 2011 354 20.000   93.90   -3.94    0.00    0.00    0.00
    142 0 2011 354 21.000  111.60   -1.91    0.00    0.00    0.00
    143 0 2011 354 22.000  123.10   -3.81    0.00    0.00    0.00
    144 0 2011 354 23.000  131.60   -2.13    0.00    0.00    0.00
    145 0 2011 355  0.000  127.60   -3.46    0.00    0.00    0.00
    146 0 2011 355  1.000  115.60   -3.09    0.00    0.00    0.00
    147 0 2011 355  2.000   96.00   -3.23    0.00    0.00    0.00
    148 0 2011 355  3.000   74.50   -2.53    0.00    0.00    0.00
    149 0 2011 355  4.000   54.90   -2.24    0.00    0.00    0.00
    150 0 2011 355  5.000   41.40   -3.01    0.00    0.00    0.00
    151 0 2011 355  6.000   39.50   -2.92    0.00    0.00    0.00
    152 0 2011 355  7.000   50.60   -1.78    0.00    0.00    0.00
    153 0 2011 355  8.000   72.20   -0.49    0.00    0.00    0.00
    154 0 2011 355  9.000   97.50   -1.72    0.00    0.00    0.00
    155 0 2011 355 10.000  124.50   -1.66    0.00    0.00    0.00
    156 0 2011 355 11.000  147.25   -0.09    0.00    0.00    0.00
    157 0 2011 355 12.000  156.50   -1.57    0.00    0.00    0.00
    158 0 2011 355 13.000  155.90   -0.66    0.00    0.00    0.00
    159 0 2011 355 14.000  142.10   -1.92    0.00    0.00    0.00
    160 0 2011 355 15.000  123.50   -0.49    0.00    0.00    0.00
    161 0 2011 355 16.000  100.80   -0.64    0.00    0.00    0.00
    162 0 2011 355 17.000   82.30    0.57    0.00    0.00    0.00
    163 0 2011 355 18.000   69.10   -0.22    0.00    0.00    0.00
    164 0 2011 355 19.000   65.20   -1.59    0.00    0.00    0.00
    165 0 2011 355 20.000   74.80    0.23    0.00    0.00    0.00
    166 0 2011 355 21.000   91.50    0.79    0.00    0.00    0.00
    167 0 2011 355 22.000  109.00   -1.71    0.00    0.00    0.00
    168 0 2011 355 23.000  127.80   -0.65    0.00    0.00    0.00
    169 0 2011 356  0.000  137.20   -1.17    0.00    0.00    0.00
    170 0 2011 356  1.000  136.30   -0.91    0.00    0.00    0.00
    171 0 2011 356  2.000  124.00   -0.60    0.00    0.00    0.00
    172 0 2011 356  3.000  101.90   -0.99    0.00    0.00    0.00
    173 0 2011 356  4.000   76.20   -0.85    0.00    0.00    0.00
    174 0 2011 356  5.000   54.60    0.93    0.00    0.00    0.00
    175 0 2011 356  6.000   39.30    0.45    0.00    0.00    0.00
    176 0 2011 356  7.000   35.90   -0.65    0.00    0.00    0.00
    177 0 2011 356  8.000   47.50   -0.62    0.00    0.00    0.00
    178 0 2011 356  9.000   70.60   -1.50    0.00    0.00    0.00
    179 0 2011 356 10.000  103.50   -0.15    0.00    0.00    0.00
    180 0 2011 356 11.000  134.30   -0.93    0.00    0.00    0.00
    181 0 2011 356 12.000  159.70    0.40    0.00    0.00    0.00
    182 0 2011 356 13.000  172.30    1.46    0.00    0.00    0.00
    183 0 2011 356 14.000  165.90   -2.17    0.00    0.00    0.00
    184 0 2011 356 15.000  150.40   -1.64    0.00    0.00    0.00
    185 0 2011 356 16.000  125.20   -1.57    0.00    0.00    0.00
    186 0 2011 356 17.000   97.40   -1.41    0.00    0.00    0.00
    187 0 2011 356 18.000   74.30   -0.73    0.00    0.00    0.00
    188 0 2011 356 19.000   59.85   -0.66    0.00    0.00    0.00
    189 0 2011 356 20.000   57.15   -0.91    0.00    0.00    0.00
    190 0 2011 356 21.000   70.10    1.75    0.00    0.00    0.00
    191 0 2011 356 22.000   89.30    0.41    0.00    0.00    0.00
    192 0 2011 356 23.000  115.50    1.97    0.00    0.00    0.00
    193 0 2011 357  0.000  134.60    0.07    0.00    0.00    0.00
    194 0 2011 357  1.000  149.00    3.21    0.00    0.00    0.00
    195 0 2011 357  2.000  146.10    1.92    0.00    0.00    0.00
    196 0 2011 357  3.000  133.40    4.13    0.00    0.00    0.00
    197 0 2011 357  4.000  105.90    2.05    0.00    0.00    0.00
    198 0 2011 357  5.000   76.80    2.50    0.00    0.00    0.00
    199 0 2011 357  6.000   50.30    1.61    0.00    0.00    0.00
    200 0 2011 357  7.000   35.70    2.04    0.00    0.00    0.00
    201 0 2011 357  8.000   36.40    3.34    0.00    0.00    0.00
    202 0 2011 357  9.000   49.10    0.94    0.00    0.00    0.00
    203 0 2011 357 10.000   77.90    0.89    0.00    0.00    0.00
    204 0 2011 357 11.000  116.60    3.37    0.00    0.00    0.00
    205 0 2011 357 12.000  148.30    0.62    0.00    0.00    0.00
    206 0 2011 357 13.000  170.90   -1.37    0.00    0.00    0.00
    207 0 2011 357 14.000  181.20   -1.04    0.00    0.00    0.00
    208 0 2011 357 15.000  174.00   -1.97    0.00    0.00    0.00
    209 0 2011 357 16.000  154.75   -0.14    0.00    0.00    0.00
    210 0 2011 357 17.000  123.20   -1.15    0.00    0.00    0.00
    211 0 2011 357 18.000   90.10   -2.40    0.00    0.00    0.00
    212 0 2011 357 19.000   67.80    0.81    0.00    0.00    0.00
    213 0 2011 357 20.000   52.80   -0.10    0.00    0.00    0.00
    214 0 2011 357 21.000   53.90    0.89    0.00    0.00    0.00
    215 0 2011 357 22.000   66.50   -1.11    0.00    0.00    0.00
    216 0 2011 357 23.000   92.30   -0.54    0.00    0.00    0.00
    217 0 2011 358  0.000  120.90    0.11    0.00    0.00    0.00
    218 0 2011 358  1.000  142.60   -0.35    0.00    0.00    0.00
    219 0 2011 358  2.000  150.90   -2.51    0.00    0.00    0.00
    220 0 2011 358  3.000  148.90   -0.43    0.00    0.00    0.00
    221 0 2011 358  4.000  127.10   -3.61    0.00    0.00    0.00
    222 0 2011 358  5.000  100.10   -1.43    0.00    0.00    0.00
    223 0 2011 358  6.000   66.00   -3.73    0.00    0.00    0.00
    224 0 2011 358  7.000   40.20   -3.91    0.00    0.00    0.00
    225 0 2011 358  8.000   27.50   -3.57    0.00    0.00    0.00
    226 0 2011 358  9.000   30.30   -3.79    0.00    0.00    0.00
    227 0 2011 358 10.000   53.10   -0.86    0.00    0.00    0.00
    228 0 2011 358 11.000   86.70   -0.73    0.00    0.00    0.00
    229 0 2011 358 12.000  125.40   -1.06    0.00    0.00    0.00
    230 0 2011 358 13.000  161.10   -0.02    0.00    0.00    0.00
    231 0 2011 358 14.000  184.30    0.65    0.00    0.00    0.00
    232 0 2011 358 15.000  189.90    0.08    0.00    0.00    0.00
    233 0 2011 358 16.000  178.70    0.23    0.00    0.00    0.00
    234 0 2011 358 17.000  152.30    0.12    0.00    0.00    0.00
    235 0 2011 358 18.000  117.90    0.04    0.00    0.00    0.00
    236 0 2011 358 19.000   84.75    0.16    0.00    0.00    0.00
    237 0 2011 358 20.000   61.40    1.44    0.00    0.00    0.00
    238 0 2011 358 21.000   48.90    0.21    0.00    0.00    0.00
    239 0 2011 358 22.000   54.20    1.05    0.00    0.00    0.00
    240 0 2011 358 23.000   73.90    1.40    0.00    0.00    0.00
    241 0 2011 359  0.000  104.45    3.29    0.00    0.00    0.00
    242 0 2011 359  1.000  132.60    2.43    0.00    0.00    0.00
    243 0 2011 359  2.000  153.10    1.90    0.00    0.00    0.00
    244 0 2011 359  3.000  161.90    3.00    0.00    0.00    0.00
    245 0 2011 359  4.000  153.40    2.44    0.00    0.00    0.00
    246 0 2011 359  5.000  127.40   -1.04    0.00    0.00    0.00
    247 0 2011 359  6.000   99.80    2.92    0.00    0.00    0.00
    248 0 2011 359  7.000   64.90   -0.25    0.00    0.00    0.00
    249 0 2011 359  8.000   44.80    2.93    0.00    0.00    0.00
    250 0 2011 359  9.000   35.60    2.83    0.00    0.00    0.00
    251 0 2011 359 10.000   42.80    2.11    0.00    0.00    0.00
    252 0 2011 359 11.000   68.50    3.20    0.00    0.00    0.00
    253 0 2011 359 12.000  104.90    3.19    0.00    0.00    0.00
    254 0 2011 359 13.000  143.60    2.76    0.00    0.00    0.00
    255 0 2011 359 14.000  175.70    2.68    0.00    0.00    0.00
    256 0 2011 359 15.000  192.90    1.66    0.00    0.00    0.00
    257 0 2011 359 16.000  195.00    3.00    0.00    0.00    0.00
    258 0 2011 359 17.000  178.60    3.42    0.00    0.00    0.00
    259 0 2011 359 18.000  148.60    3.72    0.00    0.00    0.00
    260 0 2011 359 19.000  113.10    3.95    0.00    0.00    0.00
    261 0 2011 359 20.000   80.75    3.70    0.00    0.00    0.00
    262 0 2011 359 21.000   60.40    4.81    0.00    0.00    0.00
    263 0 2011 359 22.000   50.60    1.69    0.00    0.00    0.00
    264 0 2011 359 23.000   60.80    2.42    0.00    0.00    0.00
    265 0 2011 360  0.000   82.90    1.38    0.00    0.00    0.00
    266 0 2011 360  1.000  110.80   -0.68    0.00    0.00    0.00
    267 0 2011 360  2.000  137.90   -1.38    0.00    0.00    0.00
    268 1 2011 360  3.000  148.20    0.00    0.00    0.00    0.00
    269 0 2011 360  4.000  161.30    0.45    0.00    0.00    0.00
    270 0 2011 360  5.000  148.20   -0.50    0.00    0.00    0.00
    271 0 2011 360  6.000  120.70   -2.69    0.00    0.00    0.00
    272 0 2011 360  7.000   94.00    2.37    0.00    0.00    0.00
    273 0 2011 360  8.000   62.90    0.60    0.00    0.00    0.00
    274 0 2011 360  9.000   44.90    1.65    0.00    0.00    0.00
    275 0 2011 360 10.000   39.70    0.33    0.00    0.00    0.00
    276 0 2011 360 11.000   54.40    1.97    0.00    0.00    0.00
    277 0 2011 360 12.000   83.30    2.84    0.00    0.00    0.00
    278 0 2011 360 13.000  117.00   -0.29    0.00    0.00    0.00
    279 0 2011 360 14.000  154.00    0.14    0.00    0.00    0.00
    280 0 2011 360 15.000  179.90   -1.43    0.00    0.00    0.00
    281 0 2011 360 16.000  190.20   -3.45    0.00    0.00    0.00
    282 0 2011 360 17.000  187.80   -0.56    0.00    0.00    0.00
    283 0 2011 360 18.000  167.50    0.62    0.00    0.00    0.00
    284 0 2011 360 19.000  136.75    2.10    0.00    0.00    0.00
    285 0 2011 360 20.000  102.35    2.42    0.00    0.00    0.00
    286 1 2011 360 21.000   55.40    0.00    0.00    0.00    0.00
    287 0 2011 360 22.000   55.40    0.83    0.00    0.00    0.00
    288 0 2011 360 23.000   49.60   -3.76    0.00    0.00    0.00
    289 0 2011 361  0.000   67.20   -0.11    0.00    0.00    0.00
    290 0 2011 361  1.000   89.10   -3.35    0.00    0.00    0.00
    291 0 2011 361  2.000  121.10   -0.50    0.00    0.00    0.00
    292 0 2011 361  3.000  145.90   -0.52    0.00    0.00    0.00
    293 0 2011 361  4.000  161.00    0.90    0.00    0.00    0.00
    294 0 2011 361  5.000  157.60   -1.42    0.00    0.00    0.00
    295 0 2011 361  6.000  138.30   -5.07    0.00    0.00    0.00
    296 0 2011 361  7.000  118.30    1.18    0.00    0.00    0.00
    297 0 2011 361  8.000   85.10   -2.23    0.00    0.00    0.00
    298 0 2011 361  9.000   61.45   -0.74    0.00    0.00    0.00
    299 0 2011 361 10.000   49.10    0.52    0.00    0.00    0.00
    300 0 2011 361 11.000   56.10    5.76    0.00    0.00    0.00
    301 0 2011 361 12.000   65.60   -2.01    0.00    0.00    0.00
    302 0 2011 361 13.000   93.80   -3.11    0.00    0.00    0.00
    303 0 2011 361 14.000  130.00   -1.65    0.00    0.00    0.00
    304 0 2011 361 15.000  163.30   -0.22    0.00    0.00    0.00
    305 0 2011 361 16.000  185.70    0.95    0.00    0.00    0.00
    306 0 2011 361 17.000  189.00   -1.37    0.00    0.00    0.00
    307 0 2011 361 18.000  180.10    0.63    0.00    0.00    0.00
    308 0 2011 361 19.000  158.40    3.39    0.00    0.00    0.00
    309 0 2011 361 20.000  123.80    0.75    0.00    0.00    0.00
    310 0 2011 361 21.000   91.20   -0.14    0.00    0.00    0.00
    311 0 2011 361 22.000   66.90   -0.60    0.00    0.00    0.00
    312 0 2011 361 23.000   57.90    1.10    0.00    0.00    0.00
    313 0 2011 362  0.000   59.10   -1.83    0.00    0.00    0.00
    314 0 2011 362  1.000   76.20   -1.79    0.00    0.00    0.00
    315 0 2011 362  2.000  105.20    1.94    0.00    0.00    0.00
    316 0 2011 362  3.000  131.90    1.94    0.00    0.00    0.00
    317 0 2011 362  4.000  150.10   -0.53    0.00    0.00    0.00
    318 0 2011 362  5.000  164.70    5.31    0.00    0.00    0.00
    319 0 2011 362  6.000  155.30    1.26    0.00    0.00    0.00
    320 0 2011 362  7.000  138.70    2.34    0.00    0.00    0.00
    321 0 2011 362  8.000  112.50    1.38    0.00    0.00    0.00
    322 0 2011 362  9.000   86.10    1.16    0.00    0.00    0.00
    323 0 2011 362 10.000   67.30    2.21    0.00    0.00    0.00
    324 0 2011 362 11.000   56.30   -1.11    0.00    0.00    0.00
    325 0 2011 362 12.000   66.30    2.09    0.00    0.00    0.00
    326 0 2011 362 13.000   82.90   -0.99    0.00    0.00    0.00
    327 0 2011 362 14.000  113.80    1.68    0.00    0.00    0.00
    328 0 2011 362 15.000  144.50    1.75    0.00    0.00    0.00
    329 0 2011 362 16.000  168.80    0.31    0.00    0.00    0.00
    330 0 2011 362 17.000  182.90    0.25    0.00    0.00    0.00
    331 1 2011 362 18.000 9999.99    0.00    0.00    0.00    0.00
    332 1 2011 362 19.000 9999.99    0.00    0.00    0.00    0.00
    333 1 2011 362 20.000 9999.99    0.00    0.00    0.00    0.00
    334 1 2011 362 21.000 9999.99    0.00    0.00    0.00    0.00
    335 1 2011 362 22.000 9999.99    0.00    0.00    0.00    0.00
    336 1 2011 362 23.000 9999.99    0.00    0.00    0.00    0.00
    337 0 2011 363  0.000   64.00    2.34    0.00    0.00    0.00
    338 0 2011 363  1.000   72.70    2.58    0.00    0.00    0.00
    339 0 2011 363  2.000   93.30    4.68    0.00    0.00    0.00
    340 0 2011 363  3.000  113.50    1.03    0.00    0.00    0.00
    341 1 2011 363  4.000  139.70    0.00    0.00    0.00    0.00
    342 0 2011 363  5.000  153.10    1.57    0.00    0.00    0.00
    343 0 2011 363  6.000  154.40   -1.13    0.00    0.00    0.00
    344 0 2011 363  7.000  151.00    3.93    0.00    0.00    0.00
    345 0 2011 363  8.000  130.30    1.19    0.00    0.00    0.00
    346 0 2011 363  9.000  106.90    0.48    0.00    0.00    0.00
    347 0 2011 363 10.000   89.60    4.71    0.00    0.00    0.00
    348 0 2011 363 11.000   72.80    2.01    0.00    0.00    0.00
    349 0 2011 363 12.000   70.00    1.37    0.00    0.00    0.00
    350 0 2011 363 13.000   80.40    1.47    0.00    0.00    0.00
    351 0 2011 363 14.000   97.80   -1.04    0.00    0.00    0.00
    352 0 2011 363 15.000  122.30   -1.71    0.00    0.00    0.00
    353 0 2011 363 16.000  145.80   -3.33    0.00    0.00    0.00
    354 0 2011 363 17.000  168.10    0.13    0.00    0.00    0.00
    355 0 2011 363 18.000  175.70    0.56    0.00    0.00    0.00
    356 0 2011 363 19.000  168.70   -0.18    0.00    0.00    0.00
    357 0 2011 363 20.000  149.20   -2.18    0.00    0.00    0.00
    358 0 2011 363 21.000  123.10   -3.81    0.00    0.00    0.00
    359 0 2011 363 22.000   97.10   -3.68    0.00    0.00    0.00
    360 0 2011 363 23.000   73.50   -5.66    0.00    0.00    0.00
    361 0 2011 364  0.000   63.40   -4.14    0.00    0.00    0.00
    362 1 2011 364  1.000   58.30    0.00    0.00    0.00    0.00
    363 1 2011 364  2.000   69.80    0.00    0.00    0.00    0.00
    364 0 2011 364  3.000   93.30   -4.36    0.00    0.00    0.00
    365 0 2011 364  4.000  117.20   -1.78    0.00    0.00    0.00
    366 0 2011 364  5.000  134.90   -3.11    0.00    0.00    0.00
    367 0 2011 364  6.000  147.60   -1.59    0.00    0.00    0.00
    368 0 2011 364  7.000  146.70   -2.70    0.00    0.00    0.00
    369 0 2011 364  8.000  139.70    0.20    0.00    0.00    0.00
    370 0 2011 364  9.000  121.60   -1.27    0.00    0.00    0.00
    371 0 2011 364 10.000  102.10   -1.69    0.00    0.00    0.00
    372 0 2011 364 11.000   86.70   -0.62    0.00    0.00    0.00
    373 0 2011 364 12.000   76.00   -2.64    0.00    0.00    0.00
    374 0 2011 364 13.000   76.70   -3.90    0.00    0.00    0.00
    375 0 2011 364 14.000   87.10   -5.15    0.00    0.00    0.00
    376 0 2011 364 15.000  106.60   -3.69    0.00    0.00    0.00
    377 0 2011 364 16.000  130.70   -0.26    0.00    0.00    0.00
    378 0 2011 364 17.000  144.80   -5.07    0.00    0.00    0.00
    379 0 2011 364 18.000  160.70   -1.22    0.00    0.00    0.00
    380 1 2011 364 19.000 9999.99    0.00    0.00    0.00    0.00
    381 1 2011 364 20.000 9999.99    0.00    0.00    0.00    0.00
    382 1 2011 364 21.000 9999.99    0.00    0.00    0.00    0.00
    383 1 2011 364 22.000 9999.99    0.00    0.00    0.00    0.00
    384 1 2011 364 23.000 9999.99    0.00    0.00    0.00    0.00
    385 1 2011 365  0.000 9999.99    0.00    0.00    0.00    0.00
    386 1 2011 365  1.000 9999.99    0.00    0.00    0.00    0.00
    387 1 2011 365  2.000 9999.99    0.00    0.00    0.00    0.00
    388 1 2011 365  3.000 9999.99    0.00    0.00    0.00    0.00
    389 1 2011 365  4.000  102.60    0.00    0.00    0.00    0.00
    390 1 2011 365  5.000   53.30    0.00    0.00    0.00    0.00
    391 0 2011 365  6.000  136.10   -0.83    0.00    0.00    0.00
    392 0 2011 365  7.000  143.70   -0.63    0.00    0.00    0.00
    393 0 2011 365  8.000  141.70   -0.76    0.00    0.00    0.00
    394 0 2011 365  9.000  132.90    0.03    0.00    0.00    0.00
    395 0 2011 365 10.000  118.90    0.15    0.00    0.00    0.00
    396 0 2011 365 11.000  104.40    0.65    0.00    0.00    0.00
    397 0 2011 365 12.000   87.80   -4.22    0.00    0.00    0.00
    398 0 2011 365 13.000   84.50   -2.89    0.00    0.00    0.00
    399 1 2011 365 14.000 9999.99    0.00    0.00    0.00    0.00
    400 1 2011 365 15.000 9999.99    0.00    0.00    0.00    0.00
    401 1 2011 365 16.000 9999.99    0.00    0.00    0.00    0.00
    402 1 2011 365 17.000 9999.99    0.00    0.00    0.00    0.00
    403 1 2011 365 18.000 9999.99    0.00    0.00    0.00    0.00
    404 1 2011 365 19.000 9999.99    0.00    0.00    0.00    0.00
    405 1 2011 365 20.000 9999.99    0.00    0.00    0.00    0.00
    406 1 2011 365 21.000 9999.99    0.00    0.00    0.00    0.00
    407 1 2011 365 22.000 9999.99    0.00    0.00    0.00    0.00
    408 1 2011 365 23.000 9999.99    0.00    0.00    0.00    0.00
    409 1 2012   1  0.000 9999.99    0.00    0.00    0.00    0.00
    410 1 2012   1  1.000 9999.99    0.00    0.00    0.00    0.00
    411 0 2012   1  2.000   69.30   -4.89    0.00    0.00    0.00
    412 0 2012   1  3.000   76.20   -3.73    0.00    0.00    0.00
    413 0 2012   1  4.000   88.90   -2.59    0.00    0.00    0.00
    414 0 2012   1  5.000  106.55    0.35    0.00    0.00    0.00
    415 0 2012   1  6.000  120.00   -1.22    0.00    0.00    0.00
    416 0 2012   1  7.000  130.00   -3.06    0.00    0.00    0.00
    417 0 2012   1  8.000  136.70   -1.80    0.00    0.00    0.00
    418 0 2012   1  9.000  133.90   -2.63    0.00    0.00    0.00
    419 0 2012   1 10.000  126.40   -2.28    0.00    0.00    0.00
    420 0 2012   1 11.000  115.20   -2.45    0.00    0.00    0.00
    421 0 2012   1 12.000  105.50   -0.89    0.00    0.00    0.00
    422 0 2012   1 13.000   98.40    0.39    0.00    0.00    0.00
    423 0 2012   1 14.000   95.80    0.67    0.00    0.00    0.00
    424 0 2012   1 15.000   97.90   -0.53    0.00    0.00    0.00
    425 0 2012   1 16.000  106.60    0.21    0.00    0.00    0.00
    426 0 2012   1 17.000  116.50   -0.21    0.00    0.00    0.00
    427 0 2012   1 18.000  129.30    2.07    0.00    0.00    0.00
    428 0 2012   1 19.000  139.20    3.67    0.00    0.00    0.00
    429 0 2012   1 20.000  142.70    3.90    0.00    0.00    0.00
    430 0 2012   1 21.000  137.40    2.11    0.00    0.00    0.00
    431 0 2012   1 22.000  126.30    0.72    0.00    0.00    0.00
    432 0 2012   1 23.000  112.50    0.44    0.00    0.00    0.00
    433 0 2012   2  0.000   97.90    0.31    0.00    0.00    0.00
    434 0 2012   2  1.000   84.20   -0.88    0.00    0.00    0.00
    435 0 2012   2  2.000   77.80    0.39    0.00    0.00    0.00
    436 0 2012   2  3.000   77.60    1.17    0.00    0.00    0.00
    437 0 2012   2  4.000   82.90    1.02    0.00    0.00    0.00
    438 0 2012   2  5.000   93.10    1.16    0.00    0.00    0.00
    439 0 2012   2  6.000  106.30    1.78    0.00    0.00    0.00
    440 0 2012   2  7.000  117.60    0.09    0.00    0.00    0.00
    441 0 2012   2  8.000  127.30   -0.91    0.00    0.00    0.00
    442 0 2012   2  9.000  134.60    0.70    0.00    0.00    0.00
    443 0 2012   2 10.000  134.20    0.72    0.00    0.00    0.00
    444 0 2012   2 11.000  129.20    1.15    0.00    0.00    0.00
    445 0 2012   2 12.000  119.00   -0.78    0.00    0.00    0.00
    446 0 2012   2 13.000  112.05    1.22    0.00    0.00    0.00
    447 0 2012   2 14.000  102.60   -0.80    0.00    0.00    0.00
    448 0 2012   2 15.000  100.90    1.29    0.00    0.00    0.00
    449 0 2012   2 16.000  100.00   -0.31    0.00    0.00    0.00
    450 0 2012   2 17.000  104.20   -0.46    0.00    0.00    0.00
    451 0 2012   2 18.000  110.70   -0.37    0.00    0.00    0.00
    452 0 2012   2 19.000  118.10   -0.10    0.00    0.00    0.00
    453 0 2012   2 20.000  125.30    0.89    0.00    0.00    0.00
    454 0 2012   2 21.000  125.40   -1.86    0.00    0.00    0.00
    455 0 2012   2 22.000  122.30   -2.54    0.00    0.00    0.00
    456 0 2012   2 23.000  114.90   -2.40    0.00    0.00    0.00
    457 0 2012   3  0.000  104.20   -2.37    0.00    0.00    0.00
    458 0 2012   3  1.000   94.30   -0.53    0.00    0.00    0.00
    459 0 2012   3  2.000   84.10   -0.10    0.00    0.00    0.00
    460 0 2012   3  3.000   77.30    0.22    0.00    0.00    0.00
    461 0 2012   3  4.000   74.90   -0.56    0.00    0.00    0.00
    462 0 2012   3  5.000   78.60   -1.04    0.00    0.00    0.00
    463 0 2012   3  6.000   90.00    1.70    0.00    0.00    0.00
    464 0 2012   3  7.000   99.60   -0.34    0.00    0.00    0.00
    465 0 2012   3  8.000  112.70   -0.31    0.00    0.00    0.00
    466 0 2012   3  9.000  122.60   -2.37    0.00    0.00    0.00
    467 0 2012   3 10.000  132.70    0.00    0.00    0.00    0.00
    468 0 2012   3 11.000  136.00    1.46    0.00    0.00    0.00
    469 0 2012   3 12.000  130.10   -1.06    0.00    0.00    0.00
    470 0 2012   3 13.000  123.60   -0.58    0.00    0.00    0.00
    471 0 2012   3 14.000  112.10   -2.98    0.00    0.00    0.00
    472 0 2012   3 15.000  102.20   -3.63    0.00    0.00    0.00
    473 0 2012   3 16.000   98.20   -0.80    0.00    0.00    0.00
    474 0 2012   3 17.000   94.10   -2.14    0.00    0.00    0.00
    475 0 2012   3 18.000   94.40   -2.99    0.00    0.00    0.00
    476 0 2012   3 19.000  102.50    0.95    0.00    0.00    0.00
    477 0 2012   3 20.000  109.40    1.44    0.00    0.00    0.00
    478 0 2012   3 21.000  114.95   -0.07    0.00    0.00    0.00
    479 0 2012   3 22.000  120.00    0.26    0.00    0.00    0.00
    480 0 2012   3 23.000  119.15   -0.36    0.00    0.00    0.00
    481 0 2012   4  0.000  115.35    1.26    0.00    0.00    0.00
    482 0 2012   4  1.000  106.00    1.06    0.00    0.00    0.00
    483 0 2012   4  2.000   95.30    1.60    0.00    0.00    0.00
    484 0 2012   4  3.000   83.10    0.81    0.00    0.00    0.00
    485 0 2012   4  4.000   76.70    3.10    0.00    0.00    0.00
    486 0 2012   4  5.000   70.70    0.30    0.00    0.00    0.00
    487 0 2012   4  6.000   76.90    3.40    0.00    0.00    0.00
    488 0 2012   4  7.000   82.30    0.24    0.00    0.00    0.00
    489 0 2012   4  8.000   97.50    2.49    0.00    0.00    0.00
    490 0 2012   4  9.000  110.70    0.02    0.00    0.00    0.00
    491 0 2012   4 10.000  126.30    0.58    0.00    0.00    0.00
    492 0 2012   4 11.000  136.50    0.39    0.00    0.00    0.00
    493 0 2012   4 12.000  139.30   -0.41    0.00    0.00    0.00
    494 0 2012   4 13.000  136.70   -0.13    0.00    0.00    0.00
    495 0 2012   4 14.000  130.20    1.57    0.00    0.00    0.00
    496 0 2012   4 15.000  116.00   -0.57    0.00    0.00    0.00
    497 0 2012   4 16.000  104.00    0.62    0.00    0.00    0.00
    498 0 2012   4 17.000   94.00    1.27    0.00    0.00    0.00
    499 0 2012   4 18.000   88.40    1.33    0.00    0.00    0.00
    500 0 2012   4 19.000   87.80    1.02    0.00    0.00    0.00
    501 0 2012   4 20.000   93.20    1.78    0.00    0.00    0.00
    502 0 2012   4 21.000   99.25   -0.86    0.00    0.00    0.00
    503 0 2012   4 22.000  108.30   -2.00    0.00    0.00    0.00
    504 0 2012   4 23.000  116.40   -1.42    0.00    0.00    0.00
    505 0 2012   5  0.000  117.60   -1.90    0.00    0.00    0.00
    506 0 2012   5  1.000  113.60   -1.23    0.00    0.00    0.00
    507 0 2012   5  2.000  103.70   -1.27    0.00    0.00    0.00
    508 0 2012   5  3.000   93.30    1.76    0.00    0.00    0.00
    509 0 2012   5  4.000   76.60   -0.67    0.00    0.00    0.00
    510 0 2012   5  5.000   67.05    0.83    0.00    0.00    0.00
    511 0 2012   5  6.000   60.60   -1.26    0.00    0.00    0.00
    512 0 2012   5  7.000   66.30    0.95    0.00    0.00    0.00
    513 0 2012   5  8.000   75.70   -0.43    0.00    0.00    0.00
    514 0 2012   5  9.000   94.10    1.16    0.00    0.00    0.00
    515 0 2012   5 10.000  113.00   -0.02    0.00    0.00    0.00
    516 0 2012   5 11.000  135.70    4.10    0.00    0.00    0.00
    517 0 2012   5 12.000  145.30    1.42    0.00    0.00    0.00
    518 0 2012   5 13.000  149.80    2.27    0.00    0.00    0.00
    519 0 2012   5 14.000  145.80    3.17    0.00    0.00    0.00
    520 0 2012   5 15.000  135.70    5.31    0.00    0.00    0.00
    521 0 2012   5 16.000  116.00    2.73    0.00    0.00    0.00
    522 0 2012   5 17.000  100.20    4.69    0.00    0.00    0.00
    523 0 2012   5 18.000   87.10    5.27    0.00    0.00    0.00
    524 0 2012   5 19.000   80.70    5.57    0.00    0.00    0.00
    525 0 2012   5 20.000   80.30    4.18    0.00    0.00    0.00
    526 0 2012   5 21.000   90.10    5.84    0.00    0.00    0.00
    527 0 2012   5 22.000  100.75    3.27    0.00    0.00    0.00
    528 0 2012   5 23.000  114.40    2.86    0.00    0.00    0.00
    529 0 2012   6  0.000  122.90    1.65    0.00    0.00    0.00
    530 0 2012   6  1.000  126.10    2.82    0.00    0.00    0.00
    531 0 2012   6  2.000  113.00   -4.06    0.00    0.00    0.00
    532 0 2012   6  3.000  109.60    5.75    0.00    0.00    0.00
    533 0 2012   6  4.000   89.00    2.76    0.00    0.00    0.00
    534 0 2012   6  5.000   70.90    2.37    0.00    0.00    0.00
    535 0 2012   6  6.000   59.20    3.33    0.00    0.00    0.00
    536 0 2012   6  7.000   53.90    1.87    0.00    0.00    0.00
    537 0 2012   6  8.000   59.30    1.07    0.00    0.00    0.00
    538 0 2012   6  9.000   75.80    2.02    0.00    0.00    0.00
    539 0 2012   6 10.000   98.70    2.45    0.00    0.00    0.00
    540 0 2012   6 11.000  125.30    4.30    0.00    0.00    0.00
    541 0 2012   6 12.000  145.30    3.31    0.00    0.00    0.00
    542 0 2012   6 13.000  158.70    4.50    0.00    0.00    0.00
    543 0 2012   6 14.000  157.40    2.04    0.00    0.00    0.00
    544 0 2012   6 15.000  147.70    2.02    0.00    0.00    0.00
    545 0 2012   6 16.000  129.35    2.02    0.00    0.00    0.00
    546 0 2012   6 17.000  106.55    1.92    0.00    0.00    0.00
    547 0 2012   6 18.000   82.40   -0.93    0.00    0.00    0.00
    548 0 2012   6 19.000   71.50    2.86    0.00    0.00    0.00
    549 0 2012   6 20.000   62.80   -0.78    0.00    0.00    0.00
    550 0 2012   6 21.000   67.40   -1.39    0.00    0.00    0.00
    551 0 2012   6 22.000   81.50   -1.14    0.00    0.00    0.00
    552 0 2012   6 23.000   99.25   -1.77    0.00    0.00    0.00
    553 0 2012   7  0.000  118.60    0.58    0.00    0.00    0.00
    554 0 2012   7  1.000  127.80   -0.34    0.00    0.00    0.00
    555 0 2012   7  2.000  131.00    2.75    0.00    0.00    0.00
    556 0 2012   7  3.000  118.70    0.70    0.00    0.00    0.00
    557 0 2012   7  4.000  102.90    3.36    0.00    0.00    0.00
    558 0 2012   7  5.000   77.20   -0.11    0.00    0.00    0.00
    559 0 2012   7  6.000   59.60    2.36    0.00    0.00    0.00
    560 0 2012   7  7.000   45.55    0.64    0.00    0.00    0.00
    561 0 2012   7  8.000   42.40   -1.52    0.00    0.00    0.00
    562 0 2012   7  9.000   55.50    0.21    0.00    0.00    0.00
    563 0 2012   7 10.000   76.90   -0.46    0.00    0.00    0.00
    564 0 2012   7 11.000  103.30   -2.36    0.00    0.00    0.00
    565 0 2012   7 12.000  132.80   -0.84    0.00    0.00    0.00
    566 0 2012   7 13.000  152.50   -2.26    0.00    0.00    0.00
    567 0 2012   7 14.000  160.90   -3.42    0.00    0.00    0.00
    568 0 2012   7 15.000  158.40   -1.93    0.00    0.00    0.00
    569 0 2012   7 16.000  139.70   -4.09    0.00    0.00    0.00
    570 0 2012   7 17.000  114.70   -4.13    0.00    0.00    0.00
    571 0 2012   7 18.000   90.10   -1.64    0.00    0.00    0.00
    572 0 2012   7 19.000   68.50   -0.60    0.00    0.00    0.00
    573 0 2012   7 20.000   53.00   -3.03    0.00    0.00    0.00
    574 0 2012   7 21.000   52.00   -3.39    0.00    0.00    0.00
    575 0 2012   7 22.000   62.10   -4.92    0.00    0.00    0.00
    576 0 2012   7 23.000   82.40   -4.83    0.00    0.00    0.00
    577 0 2012   8  0.000  107.35   -2.32    0.00    0.00    0.00
    578 0 2012   8  1.000  123.50   -4.12    0.00    0.00    0.00
    579 0 2012   8  2.000  134.30   -1.61    0.00    0.00    0.00
    580 0 2012   8  3.000  130.90   -0.92    0.00    0.00    0.00
    581 0 2012   8  4.000  116.40    0.66    0.00    0.00    0.00
    582 0 2012   8  5.000   92.10    0.45    0.00    0.00    0.00
    583 0 2012   8  6.000   64.10   -1.97    0.00    0.00    0.00
    584 0 2012   8  7.000   43.50   -2.32    0.00    0.00    0.00
    585 0 2012   8  8.000   33.40   -2.77    0.00    0.00    0.00
    586 0 2012   8  9.000   37.50   -2.81    0.00    0.00    0.00
    587 0 2012   8 10.000   55.10   -3.45    0.00    0.00    0.00
    588 0 2012   8 11.000   84.00   -3.34    0.00    0.00    0.00
    589 0 2012   8 12.000  117.60   -2.25    0.00    0.00    0.00
    590 0 2012   8 13.000  144.90   -3.60    0.00    0.00    0.00
    591 0 2012   8 14.000  164.60   -2.48    0.00    0.00    0.00
    592 0 2012   8 15.000  169.25   -2.20    0.00    0.00    0.00
    593 0 2012   8 16.000  157.40   -2.87    0.00    0.00    0.00
    594 0 2012   8 17.000  132.60   -3.67    0.00    0.00    0.00
    595 0 2012   8 18.000  104.40   -1.49    0.00    0.00    0.00
    596 0 2012   8 19.000   74.60   -2.16    0.00    0.00    0.00
    597 0 2012   8 20.000   55.50    0.12    0.00    0.00    0.00
    598 0 2012   8 21.000   45.70   -0.81    0.00    0.00    0.00
    599 0 2012   8 22.000   52.70    0.27    0.00    0.00    0.00
    600 0 2012   8 23.000   69.10   -2.16    0.00    0.00    0.00
    601 0 2012   9  0.000   95.90   -0.88    0.00    0.00    0.00
    602 0 2012   9  1.000  121.60    0.44    0.00    0.00    0.00
    603 0 2012   9  2.000  139.80    2.00    0.00    0.00    0.00
    604 0 2012   9  3.000  143.15    0.96    0.00    0.00    0.00
    605 0 2012   9  4.000  132.70    0.43    0.00    0.00    0.00
    606 0 2012   9  5.000  107.10   -2.85    0.00    0.00    0.00
    607 0 2012   9  6.000   76.80   -4.68    0.00    0.00    0.00
    608 0 2012   9  7.000   53.00   -1.88    0.00    0.00    0.00
    609 0 2012   9  8.000   33.70   -3.14    0.00    0.00    0.00
    610 0 2012   9  9.000   28.60   -3.38    0.00    0.00    0.00
    611 0 2012   9 10.000   42.00   -0.83    0.00    0.00    0.00
    612 0 2012   9 11.000   67.00   -1.21    0.00    0.00    0.00
    613 0 2012   9 12.000  102.80    0.65    0.00    0.00    0.00
    614 0 2012   9 13.000  137.20    1.04    0.00    0.00    0.00
    615 0 2012   9 14.000  162.90    0.22    0.00    0.00    0.00
    616 0 2012   9 15.000  176.30    0.02    0.00    0.00    0.00
    617 0 2012   9 16.000  174.70    1.17    0.00    0.00    0.00
    618 0 2012   9 17.000  155.50    1.08    0.00    0.00    0.00
    619 0 2012   9 18.000  125.40    1.42    0.00    0.00    0.00
    620 0 2012   9 19.000   89.70   -0.82    0.00    0.00    0.00
    621 0 2012   9 20.000   61.60   -0.37    0.00    0.00    0.00
    622 0 2012   9 21.000   44.10   -0.19    0.00    0.00    0.00
    623 0 2012   9 22.000   41.30   -0.35    0.00    0.00    0.00
