



















      1 1 2019 107  0.000 9999.99    0.00    0.00    0.00    0.00
      2 0 2019 107  1.000  124.34    0.00    0.00    0.00    0.00
      3 0 2019 107  2.000  124.85    0.00    0.00    0.00    0.00
      4 0 2019 107  3.000  112.89    0.00    0.00    0.00    0.00
      5 0 2019 107  4.000   86.73    0.00    0.00    0.00    0.00
      6 0 2019 107  5.000   55.27    0.00    0.00    0.00    0.00
      7 0 2019 107  6.000   26.31    0.00    0.00    0.00    0.00
      8 0 2019 107  7.000    8.39    0.00    0.00    0.00    0.00
      9 0 2019 107  8.000    7.21    0.00    0.00    0.00    0.00
     10 0 2019 107  9.000   23.06    0.00    0.00    0.00    0.00
     11 0 2019 107 10.000   48.22    0.00    0.00    0.00    0.00
     12 0 2019 107 11.000   83.99    0.00    0.00    0.00    0.00
     13 0 2019 107 12.000  114.06    0.00    0.00    0.00    0.00
     14 0 2019 107 13.000  135.17    0.00    0.00    0.00    0.00
     15 0 2019 107 14.000  138.98    0.00    0.00    0.00    0.00
     16 0 2019 107 15.000  125.14    0.00    0.00    0.00    0.00
     17 0 2019 107 16.000   98.75    0.00    0.00    0.00    0.00
     18 0 2019 107 17.000   62.62    0.00    0.00    0.00    0.00
     19 0 2019 107 18.000   26.39    0.00    0.00    0.00    0.00
     20 0 2019 107 19.000   -0.05    0.00    0.00    0.00    0.00
     21 0 2019 107 20.000  -11.89    0.00    0.00    0.00    0.00
     22 0 2019 107 21.000   -3.63    0.00    0.00    0.00    0.00
     23 0 2019 107 22.000   19.91    0.00    0.00    0.00    0.00
     24 0 2019 107 23.000   56.95    0.00    0.00    0.00    0.00
     25 0 2019 108  0.000   93.26    0.00    0.00    0.00    0.00
     26 0 2019 108  1.000  123.92    0.00    0.00    0.00    0.00
     27 0 2019 108  2.000  136.77    0.00    0.00    0.00    0.00
     28 0 2019 108  3.000  133.11    0.00    0.00    0.00    0.00
     29 0 2019 108  4.000  113.75    0.00    0.00    0.00    0.00
     30 0 2019 108  5.000   81.99    0.00    0.00    0.00    0.00
     31 0 2019 108  6.000   45.17    0.00    0.00    0.00    0.00
     32 0 2019 108  7.000   16.00    0.00    0.00    0.00    0.00
     33 0 2019 108  8.000    0.93    0.00    0.00    0.00    0.00
     34 0 2019 108  9.000    4.27    0.00    0.00    0.00    0.00
     35 0 2019 108 10.000   25.98    0.00    0.00    0.00    0.00
     36 0 2019 108 11.000   59.24    0.00    0.00    0.00    0.00
     37 0 2019 108 12.000   96.20    0.00    0.00    0.00    0.00
     38 0 2019 108 13.000  127.19    0.00    0.00    0.00    0.00
     39 0 2019 108 14.000  142.58    0.00    0.00    0.00    0.00
     40 0 2019 108 15.000  143.01    0.00    0.00    0.00    0.00
     41 0 2019 108 16.000  122.95    0.00    0.00    0.00    0.00
     42 0 2019 108 17.000   87.21    0.00    0.00    0.00    0.00
     43 0 2019 108 18.000   50.17    0.00    0.00    0.00    0.00
     44 0 2019 108 19.000   10.29    0.00    0.00    0.00    0.00
     45 0 2019 108 20.000   -8.37    0.00    0.00    0.00    0.00
     46 0 2019 108 21.000  -10.45    0.00    0.00    0.00    0.00
     47 0 2019 108 22.000    4.78    0.00    0.00    0.00    0.00
     48 0 2019 108 23.000   39.16    0.00    0.00    0.00    0.00
     49 0 2019 109  0.000   79.04    0.00    0.00    0.00    0.00
     50 0 2019 109  1.000  117.12    0.00    0.00    0.00    0.00
     51 0 2019 109  2.000  146.39    0.00    0.00    0.00    0.00
     52 0 2019 109  3.000  154.33    0.00    0.00    0.00    0.00
     53 0 2019 109  4.000  143.90    0.00    0.00    0.00    0.00
     54 0 2019 109  5.000  116.72    0.00    0.00    0.00    0.00
     55 0 2019 109  6.000   75.16    0.00    0.00    0.00    0.00
     56 0 2019 109  7.000   42.22    0.00    0.00    0.00    0.00
     57 0 2019 109  8.000   13.60    0.00    0.00    0.00    0.00
     58 0 2019 109  9.000    1.43    0.00    0.00    0.00    0.00
     59 0 2019 109 10.000   12.27    0.00    0.00    0.00    0.00
     60 0 2019 109 11.000   41.65    0.00    0.00    0.00    0.00
     61 0 2019 109 12.000   76.89    0.00    0.00    0.00    0.00
     62 0 2019 109 13.000  113.71    0.00    0.00    0.00    0.00
     63 0 2019 109 14.000  140.10    0.00    0.00    0.00    0.00
     64 0 2019 109 15.000  153.28    0.00    0.00    0.00    0.00
     65 0 2019 109 16.000  142.28    0.00    0.00    0.00    0.00
     66 0 2019 109 17.000  116.15    0.00    0.00    0.00    0.00
     67 0 2019 109 18.000   77.18    0.00    0.00    0.00    0.00
     68 0 2019 109 19.000   35.25    0.00    0.00    0.00    0.00
     69 0 2019 109 20.000    2.90    0.00    0.00    0.00    0.00
     70 0 2019 109 21.000  -11.64    0.00    0.00    0.00    0.00
     71 0 2019 109 22.000   -8.23    0.00    0.00    0.00    0.00
     72 0 2019 109 23.000   21.11    0.00    0.00    0.00    0.00
     73 0 2019 110  0.000   56.26    0.00    0.00    0.00    0.00
     74 0 2019 110  1.000  106.05    0.00    0.00    0.00    0.00
     75 0 2019 110  2.000  134.72    0.00    0.00    0.00    0.00
     76 0 2019 110  3.000  153.63    0.00    0.00    0.00    0.00
     77 0 2019 110  4.000  156.56    0.00    0.00    0.00    0.00
     78 0 2019 110  5.000  139.12    0.00    0.00    0.00    0.00
     79 0 2019 110  6.000  107.47    0.00    0.00    0.00    0.00
     80 0 2019 110  7.000   66.40    0.00    0.00    0.00    0.00
     81 0 2019 110  8.000   36.07    0.00    0.00    0.00    0.00
     82 0 2019 110  9.000   11.21    0.00    0.00    0.00    0.00
     83 0 2019 110 10.000   10.20    0.00    0.00    0.00    0.00
     84 0 2019 110 11.000   20.19    0.00    0.00    0.00    0.00
     85 0 2019 110 12.000   51.16    0.00    0.00    0.00    0.00
     86 0 2019 110 13.000   90.27    0.00    0.00    0.00    0.00
     87 0 2019 110 14.000  125.09    0.00    0.00    0.00    0.00
     88 0 2019 110 15.000  144.01    0.00    0.00    0.00    0.00
     89 0 2019 110 16.000  147.10    0.00    0.00    0.00    0.00
     90 0 2019 110 17.000  132.00    0.00    0.00    0.00    0.00
     91 0 2019 110 18.000  100.35    0.00    0.00    0.00    0.00
     92 0 2019 110 19.000   58.64    0.00    0.00    0.00    0.00
     93 0 2019 110 20.000   22.20    0.00    0.00    0.00    0.00
     94 0 2019 110 21.000   -7.83    0.00    0.00    0.00    0.00
     95 0 2019 110 22.000   -8.81    0.00    0.00    0.00    0.00
     96 0 2019 110 23.000    6.73    0.00    0.00    0.00    0.00
     97 0 2019 111  0.000   37.78    0.00    0.00    0.00    0.00
     98 0 2019 111  1.000   78.86    0.00    0.00    0.00    0.00
     99 0 2019 111  2.000  110.52    0.00    0.00    0.00    0.00
    100 0 2019 111  3.000  143.65    0.00    0.00    0.00    0.00
    101 0 2019 111  4.000  154.37    0.00    0.00    0.00    0.00
    102 0 2019 111  5.000  149.09    0.00    0.00    0.00    0.00
    103 0 2019 111  6.000  119.40    0.00    0.00    0.00    0.00
    104 0 2019 111  7.000   89.57    0.00    0.00    0.00    0.00
    105 0 2019 111  8.000   55.07    0.00    0.00    0.00    0.00
    106 0 2019 111  9.000   23.77    0.00    0.00    0.00    0.00
    107 0 2019 111 10.000   10.60    0.00    0.00    0.00    0.00
    108 0 2019 111 11.000   13.31    0.00    0.00    0.00    0.00
    109 0 2019 111 12.000   29.20    0.00    0.00    0.00    0.00
    110 0 2019 111 13.000   64.14    0.00    0.00    0.00    0.00
    111 0 2019 111 14.000   96.41    0.00    0.00    0.00    0.00
    112 0 2019 111 15.000  124.19    0.00    0.00    0.00    0.00
    113 0 2019 111 16.000  133.02    0.00    0.00    0.00    0.00
    114 0 2019 111 17.000  128.05    0.00    0.00    0.00    0.00
    115 0 2019 111 18.000  113.27    0.00    0.00    0.00    0.00
    116 0 2019 111 19.000   75.16    0.00    0.00    0.00    0.00
    117 0 2019 111 20.000   42.40    0.00    0.00    0.00    0.00
    118 0 2019 111 21.000   14.37    0.00    0.00    0.00    0.00
    119 0 2019 111 22.000    3.89    0.00    0.00    0.00    0.00
    120 0 2019 111 23.000   -4.82    0.00    0.00    0.00    0.00
    121 0 2019 112  0.000   14.79    0.00    0.00    0.00    0.00
    122 0 2019 112  1.000   48.69    0.00    0.00    0.00    0.00
    123 0 2019 112  2.000   85.28    0.00    0.00    0.00    0.00
    124 0 2019 112  3.000  118.81    0.00    0.00    0.00    0.00
    125 0 2019 112  4.000  146.62    0.00    0.00    0.00    0.00
    126 0 2019 112  5.000  143.67    0.00    0.00    0.00    0.00
    127 0 2019 112  6.000  134.48    0.00    0.00    0.00    0.00
    128 1 2019 112  7.000   74.98    0.00    0.00    0.00    0.00
    129 0 2019 112  8.000   76.92    0.00    0.00    0.00    0.00
    130 0 2019 112  9.000   45.10    0.00    0.00    0.00    0.00
    131 0 2019 112 10.000   20.78    0.00    0.00    0.00    0.00
    132 0 2019 112 11.000   12.64    0.00    0.00    0.00    0.00
    133 0 2019 112 12.000   21.17    0.00    0.00    0.00    0.00
    134 0 2019 112 13.000   44.24    0.00    0.00    0.00    0.00
    135 0 2019 112 14.000   68.71    0.00    0.00    0.00    0.00
    136 0 2019 112 15.000   95.51    0.00    0.00    0.00    0.00
    137 0 2019 112 16.000  120.88    0.00    0.00    0.00    0.00
    138 0 2019 112 17.000  118.54    0.00    0.00    0.00    0.00
    139 0 2019 112 18.000  112.77    0.00    0.00    0.00    0.00
    140 0 2019 112 19.000   86.51    0.00    0.00    0.00    0.00
    141 0 2019 112 20.000   62.28    0.00    0.00    0.00    0.00
    142 0 2019 112 21.000   32.98    0.00    0.00    0.00    0.00
    143 0 2019 112 22.000   13.17    0.00    0.00    0.00    0.00
    144 0 2019 112 23.000    4.62    0.00    0.00    0.00    0.00
    145 0 2019 113  0.000   12.01    0.00    0.00    0.00    0.00
    146 0 2019 113  1.000   35.75    0.00    0.00    0.00    0.00
    147 0 2019 113  2.000   64.71    0.00    0.00    0.00    0.00
    148 0 2019 113  3.000   96.40    0.00    0.00    0.00    0.00
    149 0 2019 113  4.000  124.47    0.00    0.00    0.00    0.00
    150 0 2019 113  5.000  135.13    0.00    0.00    0.00    0.00
    151 0 2019 113  6.000  134.62    0.00    0.00    0.00    0.00
    152 0 2019 113  7.000  119.88    0.00    0.00    0.00    0.00
    153 0 2019 113  8.000   90.43    0.00    0.00    0.00    0.00
    154 0 2019 113  9.000   63.81    0.00    0.00    0.00    0.00
    155 0 2019 113 10.000   38.02    0.00    0.00    0.00    0.00
    156 0 2019 113 11.000   22.31    0.00    0.00    0.00    0.00
    157 0 2019 113 12.000   19.28    0.00    0.00    0.00    0.00
    158 0 2019 113 13.000   26.51    0.00    0.00    0.00    0.00
    159 0 2019 113 14.000   51.29    0.00    0.00    0.00    0.00
    160 0 2019 113 15.000   79.32    0.00    0.00    0.00    0.00
    161 0 2019 113 16.000   95.60    0.00    0.00    0.00    0.00
    162 0 2019 113 17.000  108.53    0.00    0.00    0.00    0.00
    163 0 2019 113 18.000  112.02    0.00    0.00    0.00    0.00
    164 0 2019 113 19.000   95.11    0.00    0.00    0.00    0.00
    165 0 2019 113 20.000   75.43    0.00    0.00    0.00    0.00
    166 0 2019 113 21.000   49.83    0.00    0.00    0.00    0.00
    167 0 2019 113 22.000   27.46    0.00    0.00    0.00    0.00
    168 0 2019 113 23.000   16.91    0.00    0.00    0.00    0.00
    169 0 2019 114  0.000   15.99    0.00    0.00    0.00    0.00
    170 0 2019 114  1.000   24.55    0.00    0.00    0.00    0.00
    171 0 2019 114  2.000   48.82    0.00    0.00    0.00    0.00
    172 0 2019 114  3.000   76.37    0.00    0.00    0.00    0.00
    173 0 2019 114  4.000  101.39    0.00    0.00    0.00    0.00
    174 0 2019 114  5.000  118.64    0.00    0.00    0.00    0.00
    175 0 2019 114  6.000  125.72    0.00    0.00    0.00    0.00
    176 0 2019 114  7.000  124.13    0.00    0.00    0.00    0.00
    177 0 2019 114  8.000  107.86    0.00    0.00    0.00    0.00
    178 0 2019 114  9.000   84.70    0.00    0.00    0.00    0.00
    179 0 2019 114 10.000   60.79    0.00    0.00    0.00    0.00
    180 0 2019 114 11.000   43.62    0.00    0.00    0.00    0.00
    181 0 2019 114 12.000   35.82    0.00    0.00    0.00    0.00
    182 0 2019 114 13.000   33.03    0.00    0.00    0.00    0.00
    183 0 2019 114 14.000   47.00    0.00    0.00    0.00    0.00
    184 0 2019 114 15.000   63.12    0.00    0.00    0.00    0.00
    185 0 2019 114 16.000   83.11    0.00    0.00    0.00    0.00
    186 0 2019 114 17.000   96.57    0.00    0.00    0.00    0.00
    187 0 2019 114 18.000  100.36    0.00    0.00    0.00    0.00
    188 0 2019 114 19.000   95.15    0.00    0.00    0.00    0.00
    189 0 2019 114 20.000   82.10    0.00    0.00    0.00    0.00
    190 0 2019 114 21.000   67.09    0.00    0.00    0.00    0.00
    191 0 2019 114 22.000   44.95    0.00    0.00    0.00    0.00
    192 0 2019 114 23.000   31.94    0.00    0.00    0.00    0.00
    193 0 2019 115  0.000   27.15    0.00    0.00    0.00    0.00
    194 0 2019 115  1.000   28.74    0.00    0.00    0.00    0.00
    195 0 2019 115  2.000   39.00    0.00    0.00    0.00    0.00
    196 0 2019 115  3.000   59.54    0.00    0.00    0.00    0.00
    197 0 2019 115  4.000   81.17    0.00    0.00    0.00    0.00
    198 0 2019 115  5.000   98.49    0.00    0.00    0.00    0.00
    199 0 2019 115  6.000  111.14    0.00    0.00    0.00    0.00
    200 0 2019 115  7.000  115.91    0.00    0.00    0.00    0.00
    201 0 2019 115  8.000  110.63    0.00    0.00    0.00    0.00
    202 0 2019 115  9.000   94.90    0.00    0.00    0.00    0.00
    203 0 2019 115 10.000   78.93    0.00    0.00    0.00    0.00
    204 0 2019 115 11.000   59.12    0.00    0.00    0.00    0.00
    205 0 2019 115 12.000   46.14    0.00    0.00    0.00    0.00
    206 0 2019 115 13.000   38.94    0.00    0.00    0.00    0.00
    207 0 2019 115 14.000   39.52    0.00    0.00    0.00    0.00
    208 0 2019 115 15.000   50.16    0.00    0.00    0.00    0.00
    209 0 2019 115 16.000   63.56    0.00    0.00    0.00    0.00
    210 0 2019 115 17.000   75.71    0.00    0.00    0.00    0.00
    211 0 2019 115 18.000   84.25    0.00    0.00    0.00    0.00
    212 0 2019 115 19.000   85.01    0.00    0.00    0.00    0.00
    213 0 2019 115 20.000   83.30    0.00    0.00    0.00    0.00
    214 0 2019 115 21.000   73.53    0.00    0.00    0.00    0.00
    215 0 2019 115 22.000   60.78    0.00    0.00    0.00    0.00
    216 0 2019 115 23.000   45.77    0.00    0.00    0.00    0.00
    217 0 2019 116  0.000   38.13    0.00    0.00    0.00    0.00
    218 0 2019 116  1.000   36.65    0.00    0.00    0.00    0.00
    219 0 2019 116  2.000   41.59    0.00    0.00    0.00    0.00
    220 1 2019 116  3.000 9999.99    0.00    0.00    0.00    0.00
    221 0 2019 116  4.000   64.79    0.00    0.00    0.00    0.00
    222 0 2019 116  5.000   81.49    0.00    0.00    0.00    0.00
    223 0 2019 116  6.000   95.88    0.00    0.00    0.00    0.00
    224 0 2019 116  7.000  107.84    0.00    0.00    0.00    0.00
    225 0 2019 116  8.000  107.81    0.00    0.00    0.00    0.00
    226 0 2019 116  9.000   99.63    0.00    0.00    0.00    0.00
    227 0 2019 116 10.000   89.22    0.00    0.00    0.00    0.00
    228 0 2019 116 11.000   74.97    0.00    0.00    0.00    0.00
    229 0 2019 116 12.000   59.54    0.00    0.00    0.00    0.00
    230 0 2019 116 13.000   53.43    0.00    0.00    0.00    0.00
    231 0 2019 116 14.000   50.66    0.00    0.00    0.00    0.00
    232 0 2019 116 15.000   47.10    0.00    0.00    0.00    0.00
    233 0 2019 116 16.000   53.79    0.00    0.00    0.00    0.00
    234 0 2019 116 17.000   62.42    0.00    0.00    0.00    0.00
    235 0 2019 116 18.000   70.42    0.00    0.00    0.00    0.00
    236 0 2019 116 19.000   76.03    0.00    0.00    0.00    0.00
    237 0 2019 116 20.000   78.43    0.00    0.00    0.00    0.00
    238 0 2019 116 21.000   77.52    0.00    0.00    0.00    0.00
    239 0 2019 116 22.000   70.17    0.00    0.00    0.00    0.00
    240 0 2019 116 23.000   64.07    0.00    0.00    0.00    0.00
    241 0 2019 117  0.000   56.76    0.00    0.00    0.00    0.00
    242 0 2019 117  1.000   51.83    0.00    0.00    0.00    0.00
    243 0 2019 117  2.000   46.85    0.00    0.00    0.00    0.00
    244 0 2019 117  3.000   51.78    0.00    0.00    0.00    0.00
    245 0 2019 117  4.000   56.86    0.00    0.00    0.00    0.00
    246 0 2019 117  5.000   67.91    0.00    0.00    0.00    0.00
    247 0 2019 117  6.000   81.62    0.00    0.00    0.00    0.00
    248 0 2019 117  7.000   91.98    0.00    0.00    0.00    0.00
    249 0 2019 117  8.000  100.50    0.00    0.00    0.00    0.00
    250 0 2019 117  9.000  102.76    0.00    0.00    0.00    0.00
    251 0 2019 117 10.000   98.42    0.00    0.00    0.00    0.00
    252 0 2019 117 11.000   93.13    0.00    0.00    0.00    0.00
    253 0 2019 117 12.000   82.22    0.00    0.00    0.00    0.00
    254 0 2019 117 13.000   67.49    0.00    0.00    0.00    0.00
    255 0 2019 117 14.000   61.81    0.00    0.00    0.00    0.00
    256 0 2019 117 15.000   52.01    0.00    0.00    0.00    0.00
    257 0 2019 117 16.000   50.22    0.00    0.00    0.00    0.00
    258 0 2019 117 17.000   50.50    0.00    0.00    0.00    0.00
    259 0 2019 117 18.000   55.55    0.00    0.00    0.00    0.00
    260 0 2019 117 19.000   63.91    0.00    0.00    0.00    0.00
    261 0 2019 117 20.000   71.61    0.00    0.00    0.00    0.00
    262 0 2019 117 21.000   77.10    0.00    0.00    0.00    0.00
    263 0 2019 117 22.000   79.57    0.00    0.00    0.00    0.00
    264 0 2019 117 23.000   74.92    0.00    0.00    0.00    0.00
    265 0 2019 118  0.000   73.76    0.00    0.00    0.00    0.00
    266 0 2019 118  1.000   67.42    0.00    0.00    0.00    0.00
    267 0 2019 118  2.000   59.71    0.00    0.00    0.00    0.00
    268 0 2019 118  3.000   56.47    0.00    0.00    0.00    0.00
    269 0 2019 118  4.000   55.55    0.00    0.00    0.00    0.00
    270 0 2019 118  5.000   55.01    0.00    0.00    0.00    0.00
    271 0 2019 118  6.000   64.17    0.00    0.00    0.00    0.00
    272 0 2019 118  7.000   72.44    0.00    0.00    0.00    0.00
    273 0 2019 118  8.000   85.68    0.00    0.00    0.00    0.00
    274 0 2019 118  9.000   95.30    0.00    0.00    0.00    0.00
    275 0 2019 118 10.000   98.89    0.00    0.00    0.00    0.00
    276 0 2019 118 11.000  101.33    0.00    0.00    0.00    0.00
    277 0 2019 118 12.000   94.14    0.00    0.00    0.00    0.00
    278 0 2019 118 13.000   84.75    0.00    0.00    0.00    0.00
    279 0 2019 118 14.000   73.76    0.00    0.00    0.00    0.00
    280 0 2019 118 15.000   62.20    0.00    0.00    0.00    0.00
    281 0 2019 118 16.000   53.06    0.00    0.00    0.00    0.00
    282 0 2019 118 17.000   45.31    0.00    0.00    0.00    0.00
    283 0 2019 118 18.000   47.43    0.00    0.00    0.00    0.00
    284 0 2019 118 19.000   51.32    0.00    0.00    0.00    0.00
    285 0 2019 118 20.000   59.77    0.00    0.00    0.00    0.00
    286 0 2019 118 21.000   70.33    0.00    0.00    0.00    0.00
    287 0 2019 118 22.000   79.94    0.00    0.00    0.00    0.00
    288 0 2019 118 23.000   85.54    0.00    0.00    0.00    0.00
    289 0 2019 119  0.000   88.72    0.00    0.00    0.00    0.00
    290 0 2019 119  1.000   85.15    0.00    0.00    0.00    0.00
    291 0 2019 119  2.000   79.69    0.00    0.00    0.00    0.00
    292 0 2019 119  3.000   68.98    0.00    0.00    0.00    0.00
    293 0 2019 119  4.000   61.91    0.00    0.00    0.00    0.00
    294 0 2019 119  5.000   56.27    0.00    0.00    0.00    0.00
    295 0 2019 119  6.000   61.06    0.00    0.00    0.00    0.00
    296 0 2019 119  7.000   61.82    0.00    0.00    0.00    0.00
    297 0 2019 119  8.000   70.88    0.00    0.00    0.00    0.00
    298 0 2019 119  9.000   84.48    0.00    0.00    0.00    0.00
    299 0 2019 119 10.000   95.74    0.00    0.00    0.00    0.00
    300 0 2019 119 11.000  107.19    0.00    0.00    0.00    0.00
    301 0 2019 119 12.000  106.43    0.00    0.00    0.00    0.00
    302 0 2019 119 13.000  102.72    0.00    0.00    0.00    0.00
    303 0 2019 119 14.000   90.59    0.00    0.00    0.00    0.00
    304 0 2019 119 15.000   75.74    0.00    0.00    0.00    0.00
    305 0 2019 119 16.000   62.08    0.00    0.00    0.00    0.00
    306 0 2019 119 17.000   49.46    0.00    0.00    0.00    0.00
    307 0 2019 119 18.000   38.81    0.00    0.00    0.00    0.00
    308 0 2019 119 19.000   41.57    0.00    0.00    0.00    0.00
    309 0 2019 119 20.000   48.40    0.00    0.00    0.00    0.00
    310 0 2019 119 21.000   62.25    0.00    0.00    0.00    0.00
    311 0 2019 119 22.000   76.76    0.00    0.00    0.00    0.00
    312 0 2019 119 23.000   92.79    0.00    0.00    0.00    0.00
    313 0 2019 120  0.000  100.73    0.00    0.00    0.00    0.00
    314 0 2019 120  1.000  101.77    0.00    0.00    0.00    0.00
    315 0 2019 120  2.000   94.40    0.00    0.00    0.00    0.00
    316 0 2019 120  3.000   82.88    0.00    0.00    0.00    0.00
    317 0 2019 120  4.000   66.74    0.00    0.00    0.00    0.00
    318 0 2019 120  5.000   54.52    0.00    0.00    0.00    0.00
    319 0 2019 120  6.000   49.53    0.00    0.00    0.00    0.00
    320 0 2019 120  7.000   45.79    0.00    0.00    0.00    0.00
    321 0 2019 120  8.000   60.29    0.00    0.00    0.00    0.00
    322 0 2019 120  9.000   72.81    0.00    0.00    0.00    0.00
    323 0 2019 120 10.000   92.70    0.00    0.00    0.00    0.00
    324 0 2019 120 11.000  110.48    0.00    0.00    0.00    0.00
    325 0 2019 120 12.000  118.54    0.00    0.00    0.00    0.00
    326 0 2019 120 13.000  116.29    0.00    0.00    0.00    0.00
    327 0 2019 120 14.000  110.53    0.00    0.00    0.00    0.00
    328 0 2019 120 15.000   91.77    0.00    0.00    0.00    0.00
    329 0 2019 120 16.000   76.79    0.00    0.00    0.00    0.00
    330 0 2019 120 17.000   53.25    0.00    0.00    0.00    0.00
    331 0 2019 120 18.000   40.99    0.00    0.00    0.00    0.00
    332 0 2019 120 19.000   37.20    0.00    0.00    0.00    0.00
    333 0 2019 120 20.000   34.06    0.00    0.00    0.00    0.00
    334 0 2019 120 21.000   62.25    0.00    0.00    0.00    0.00
    335 0 2019 120 22.000   76.28    0.00    0.00    0.00    0.00
    336 0 2019 120 23.000   88.42    0.00    0.00    0.00    0.00
    337 0 2019 121  0.000  110.44    0.00    0.00    0.00    0.00
    338 0 2019 121  1.000  131.88    0.00    0.00    0.00    0.00
    339 0 2019 121  2.000  118.14    0.00    0.00    0.00    0.00
    340 0 2019 121  3.000  106.33    0.00    0.00    0.00    0.00
    341 0 2019 121  4.000   93.14    0.00    0.00    0.00    0.00
    342 0 2019 121  5.000   75.43    0.00    0.00    0.00    0.00
    343 0 2019 121  6.000   56.71    0.00    0.00    0.00    0.00
    344 0 2019 121  7.000   52.36    0.00    0.00    0.00    0.00
    345 0 2019 121  8.000   56.46    0.00    0.00    0.00    0.00
    346 0 2019 121  9.000   65.54    0.00    0.00    0.00    0.00
    347 0 2019 121 10.000   87.41    0.00    0.00    0.00    0.00
    348 0 2019 121 11.000  112.71    0.00    0.00    0.00    0.00
    349 0 2019 121 12.000  129.02    0.00    0.00    0.00    0.00
    350 0 2019 121 13.000  134.67    0.00    0.00    0.00    0.00
    351 0 2019 121 14.000  132.03    0.00    0.00    0.00    0.00
    352 0 2019 121 15.000  120.02    0.00    0.00    0.00    0.00
    353 0 2019 121 16.000   91.58    0.00    0.00    0.00    0.00
    354 0 2019 121 17.000   69.20    0.00    0.00    0.00    0.00
    355 0 2019 121 18.000   51.05    0.00    0.00    0.00    0.00
    356 0 2019 121 19.000   43.40    0.00    0.00    0.00    0.00
    357 0 2019 121 20.000   35.27    0.00    0.00    0.00    0.00
    358 0 2019 121 21.000   58.76    0.00    0.00    0.00    0.00
    359 0 2019 121 22.000   73.06    0.00    0.00    0.00    0.00
    360 0 2019 121 23.000  104.45    0.00    0.00    0.00    0.00
    361 0 2019 122  0.000  128.67    0.00    0.00    0.00    0.00
    362 0 2019 122  1.000  145.09    0.00    0.00    0.00    0.00
    363 0 2019 122  2.000  150.04    0.00    0.00    0.00    0.00
    364 0 2019 122  3.000  139.86    0.00    0.00    0.00    0.00
    365 0 2019 122  4.000  120.11    0.00    0.00    0.00    0.00
    366 0 2019 122  5.000   97.06    0.00    0.00    0.00    0.00
    367 0 2019 122  6.000   72.92    0.00    0.00    0.00    0.00
    368 0 2019 122  7.000   55.44    0.00    0.00    0.00    0.00
    369 0 2019 122  8.000   56.56    0.00    0.00    0.00    0.00
    370 0 2019 122  9.000   65.25    0.00    0.00    0.00    0.00
    371 0 2019 122 10.000   86.84    0.00    0.00    0.00    0.00
    372 0 2019 122 11.000  107.25    0.00    0.00    0.00    0.00
    373 1 2019 122 12.000  148.76    0.00    0.00    0.00    0.00
    374 0 2019 122 13.000  148.33    0.00    0.00    0.00    0.00
    375 0 2019 122 14.000  147.26    0.00    0.00    0.00    0.00
    376 0 2019 122 15.000  140.10    0.00    0.00    0.00    0.00
    377 0 2019 122 16.000  118.32    0.00    0.00    0.00    0.00
    378 0 2019 122 17.000   87.67    0.00    0.00    0.00    0.00
    379 1 2019 122 18.000   69.42    0.00    0.00    0.00    0.00
    380 1 2019 122 19.000   53.09    0.00    0.00    0.00    0.00
    381 1 2019 122 20.000   42.52    0.00    0.00    0.00    0.00
    382 1 2019 122 21.000   51.99    0.00    0.00    0.00    0.00
    383 1 2019 122 22.000   82.21    0.00    0.00    0.00    0.00
    384 1 2019 122 23.000   99.39    0.00    0.00    0.00    0.00
    385 1 2019 123  0.000 9999.99    0.00    0.00    0.00    0.00
    386 1 2019 123  1.000 9999.99    0.00    0.00    0.00    0.00
    387 0 2019 123  2.000  163.14    0.00    0.00    0.00    0.00
    388 0 2019 123  3.000  156.76    0.00    0.00    0.00    0.00
    389 1 2019 123  4.000  148.69    0.00    0.00    0.00    0.00
    390 1 2019 123  5.000  120.18    0.00    0.00    0.00    0.00
    391 0 2019 123  6.000   88.87    0.00    0.00    0.00    0.00
    392 0 2019 123  7.000   61.60    0.00    0.00    0.00    0.00
    393 1 2019 123  8.000   60.19    0.00    0.00    0.00    0.00
    394 1 2019 123  9.000   61.99    0.00    0.00    0.00    0.00
    395 0 2019 123 10.000   77.85    0.00    0.00    0.00    0.00
    396 0 2019 123 11.000   98.22    0.00    0.00    0.00    0.00
    397 0 2019 123 12.000  121.23    0.00    0.00    0.00    0.00
    398 0 2019 123 13.000  142.41    0.00    0.00    0.00    0.00
    399 0 2019 123 14.000  152.88    0.00    0.00    0.00    0.00
    400 0 2019 123 15.000  147.86    0.00    0.00    0.00    0.00
    401 0 2019 123 16.000  127.03    0.00    0.00    0.00    0.00
    402 0 2019 123 17.000  100.27    0.00    0.00    0.00    0.00
    403 0 2019 123 18.000   72.82    0.00    0.00    0.00    0.00
    404 0 2019 123 19.000   40.50    0.00    0.00    0.00    0.00
    405 0 2019 123 20.000   26.41    0.00    0.00    0.00    0.00
    406 0 2019 123 21.000   28.88    0.00    0.00    0.00    0.00
    407 0 2019 123 22.000   42.00    0.00    0.00    0.00    0.00
    408 0 2019 123 23.000   70.88    0.00    0.00    0.00    0.00
    409 0 2019 124  0.000  111.80    0.00    0.00    0.00    0.00
    410 0 2019 124  1.000  135.85    0.00    0.00    0.00    0.00
    411 0 2019 124  2.000  153.28    0.00    0.00    0.00    0.00
    412 0 2019 124  3.000  146.89    0.00    0.00    0.00    0.00
    413 0 2019 124  4.000  142.68    0.00    0.00    0.00    0.00
    414 0 2019 124  5.000  115.33    0.00    0.00    0.00    0.00
    415 0 2019 124  6.000   82.48    0.00    0.00    0.00    0.00
    416 0 2019 124  7.000   56.03    0.00    0.00    0.00    0.00
    417 1 2019 124  8.000 9999.99    0.00    0.00    0.00    0.00
    418 0 2019 124  9.000   32.65    0.00    0.00    0.00    0.00
    419 0 2019 124 10.000   42.92    0.00    0.00    0.00    0.00
    420 0 2019 124 11.000   70.50    0.00    0.00    0.00    0.00
    421 0 2019 124 12.000   99.82    0.00    0.00    0.00    0.00
    422 0 2019 124 13.000  124.85    0.00    0.00    0.00    0.00
    423 0 2019 124 14.000  145.31    0.00    0.00    0.00    0.00
    424 0 2019 124 15.000  147.68    0.00    0.00    0.00    0.00
    425 0 2019 124 16.000  133.27    0.00    0.00    0.00    0.00
    426 0 2019 124 17.000  104.31    0.00    0.00    0.00    0.00
    427 0 2019 124 18.000   73.88    0.00    0.00    0.00    0.00
    428 0 2019 124 19.000   40.54    0.00    0.00    0.00    0.00
    429 0 2019 124 20.000   16.03    0.00    0.00    0.00    0.00
    430 0 2019 124 21.000    6.52    0.00    0.00    0.00    0.00
    431 0 2019 124 22.000   20.47    0.00    0.00    0.00    0.00
    432 0 2019 124 23.000   45.68    0.00    0.00    0.00    0.00
    433 1 2019 125  0.000   78.21    0.00    0.00    0.00    0.00
    434 0 2019 125  1.000  116.60    0.00    0.00    0.00    0.00
    435 0 2019 125  2.000  143.38    0.00    0.00    0.00    0.00
    436 0 2019 125  3.000  154.35    0.00    0.00    0.00    0.00
    437 0 2019 125  4.000  148.71    0.00    0.00    0.00    0.00
    438 0 2019 125  5.000  129.44    0.00    0.00    0.00    0.00
    439 0 2019 125  6.000   99.27    0.00    0.00    0.00    0.00
    440 0 2019 125  7.000   64.88    0.00    0.00    0.00    0.00
    441 0 2019 125  8.000   40.95    0.00    0.00    0.00    0.00
    442 0 2019 125  9.000   30.48    0.00    0.00    0.00    0.00
    443 0 2019 125 10.000   31.55    0.00    0.00    0.00    0.00
    444 0 2019 125 11.000   51.21    0.00    0.00    0.00    0.00
    445 0 2019 125 12.000   83.51    0.00    0.00    0.00    0.00
    446 0 2019 125 13.000  112.58    0.00    0.00    0.00    0.00
    447 0 2019 125 14.000  138.77    0.00    0.00    0.00    0.00
    448 0 2019 125 15.000  148.70    0.00    0.00    0.00    0.00
    449 0 2019 125 16.000  147.27    0.00    0.00    0.00    0.00
    450 0 2019 125 17.000  122.59    0.00    0.00    0.00    0.00
    451 0 2019 125 18.000   91.91    0.00    0.00    0.00    0.00
    452 0 2019 125 19.000   54.91    0.00    0.00    0.00    0.00
    453 0 2019 125 20.000   26.75    0.00    0.00    0.00    0.00
    454 0 2019 125 21.000    7.37    0.00    0.00    0.00    0.00
    455 0 2019 125 22.000   10.00    0.00    0.00    0.00    0.00
    456 0 2019 125 23.000   33.89    0.00    0.00    0.00    0.00
    457 0 2019 126  0.000   64.51    0.00    0.00    0.00    0.00
    458 0 2019 126  1.000  104.27    0.00    0.00    0.00    0.00
    459 0 2019 126  2.000  137.97    0.00    0.00    0.00    0.00
    460 0 2019 126  3.000  159.65    0.00    0.00    0.00    0.00
    461 0 2019 126  4.000  162.32    0.00    0.00    0.00    0.00
    462 0 2019 126  5.000  153.19    0.00    0.00    0.00    0.00
    463 0 2019 126  6.000  123.36    0.00    0.00    0.00    0.00
    464 0 2019 126  7.000   96.30    0.00    0.00    0.00    0.00
    465 0 2019 126  8.000   59.76    0.00    0.00    0.00    0.00
    466 0 2019 126  9.000   38.65    0.00    0.00    0.00    0.00
    467 0 2019 126 10.000   29.89    0.00    0.00    0.00    0.00
    468 0 2019 126 11.000   42.68    0.00    0.00    0.00    0.00
    469 0 2019 126 12.000   66.50    0.00    0.00    0.00    0.00
    470 0 2019 126 13.000   95.39    0.00    0.00    0.00    0.00
    471 0 2019 126 14.000  129.59    0.00    0.00    0.00    0.00
    472 0 2019 126 15.000  149.78    0.00    0.00    0.00    0.00
    473 0 2019 126 16.000  153.53    0.00    0.00    0.00    0.00
    474 0 2019 126 17.000  143.55    0.00    0.00    0.00    0.00
    475 0 2019 126 18.000  119.43    0.00    0.00    0.00    0.00
    476 0 2019 126 19.000   85.36    0.00    0.00    0.00    0.00
    477 0 2019 126 20.000   53.27    0.00    0.00    0.00    0.00
    478 0 2019 126 21.000   30.64    0.00    0.00    0.00    0.00
    479 0 2019 126 22.000   26.50    0.00    0.00    0.00    0.00
    480 0 2019 126 23.000   35.80    0.00    0.00    0.00    0.00
    481 0 2019 127  0.000   62.19    0.00    0.00    0.00    0.00
    482 0 2019 127  1.000   96.68    0.00    0.00    0.00    0.00
    483 0 2019 127  2.000  133.11    0.00    0.00    0.00    0.00
    484 0 2019 127  3.000  162.22    0.00    0.00    0.00    0.00
    485 0 2019 127  4.000  174.24    0.00    0.00    0.00    0.00
    486 0 2019 127  5.000  170.11    0.00    0.00    0.00    0.00
    487 0 2019 127  6.000  150.63    0.00    0.00    0.00    0.00
    488 0 2019 127  7.000  122.01    0.00    0.00    0.00    0.00
    489 0 2019 127  8.000   85.79    0.00    0.00    0.00    0.00
    490 0 2019 127  9.000   59.04    0.00    0.00    0.00    0.00
    491 0 2019 127 10.000   39.86    0.00    0.00    0.00    0.00
    492 0 2019 127 11.000   38.70    0.00    0.00    0.00    0.00
    493 0 2019 127 12.000   49.18    0.00    0.00    0.00    0.00
    494 0 2019 127 13.000   77.39    0.00    0.00    0.00    0.00
    495 0 2019 127 14.000  107.42    0.00    0.00    0.00    0.00
    496 0 2019 127 15.000  132.62    0.00    0.00    0.00    0.00
    497 0 2019 127 16.000  145.10    0.00    0.00    0.00    0.00
    498 0 2019 127 17.000  147.10    0.00    0.00    0.00    0.00
    499 0 2019 127 18.000  127.76    0.00    0.00    0.00    0.00
    500 0 2019 127 19.000  103.25    0.00    0.00    0.00    0.00
    501 0 2019 127 20.000   67.08    0.00    0.00    0.00    0.00
    502 0 2019 127 21.000   42.60    0.00    0.00    0.00    0.00
    503 0 2019 127 22.000   27.92    0.00    0.00    0.00    0.00
    504 0 2019 127 23.000   26.06    0.00    0.00    0.00    0.00
    505 0 2019 128  0.000   42.38    0.00    0.00    0.00    0.00
    506 0 2019 128  1.000   73.52    0.00    0.00    0.00    0.00
    507 0 2019 128  2.000  108.13    0.00    0.00    0.00    0.00
    508 0 2019 128  3.000  141.36    0.00    0.00    0.00    0.00
    509 0 2019 128  4.000  160.99    0.00    0.00    0.00    0.00
    510 0 2019 128  5.000  171.69    0.00    0.00    0.00    0.00
    511 0 2019 128  6.000  164.71    0.00    0.00    0.00    0.00
    512 0 2019 128  7.000  141.86    0.00    0.00    0.00    0.00
    513 0 2019 128  8.000  109.96    0.00    0.00    0.00    0.00
    514 0 2019 128  9.000   82.89    0.00    0.00    0.00    0.00
    515 0 2019 128 10.000   54.28    0.00    0.00    0.00    0.00
    516 0 2019 128 11.000   43.05    0.00    0.00    0.00    0.00
    517 0 2019 128 12.000   44.67    0.00    0.00    0.00    0.00
    518 0 2019 128 13.000   63.97    0.00    0.00    0.00    0.00
    519 0 2019 128 14.000   88.83    0.00    0.00    0.00    0.00
    520 0 2019 128 15.000  112.54    0.00    0.00    0.00    0.00
    521 0 2019 128 16.000  132.05    0.00    0.00    0.00    0.00
    522 0 2019 128 17.000  140.39    0.00    0.00    0.00    0.00
    523 0 2019 128 18.000  134.01    0.00    0.00    0.00    0.00
    524 0 2019 128 19.000  115.20    0.00    0.00    0.00    0.00
    525 0 2019 128 20.000   85.78    0.00    0.00    0.00    0.00
    526 0 2019 128 21.000   58.17    0.00    0.00    0.00    0.00
    527 0 2019 128 22.000   37.83    0.00    0.00    0.00    0.00
    528 0 2019 128 23.000   28.25    0.00    0.00    0.00    0.00
    529 0 2019 129  0.000   33.83    0.00    0.00    0.00    0.00
    530 0 2019 129  1.000   51.45    0.00    0.00    0.00    0.00
    531 0 2019 129  2.000   80.94    0.00    0.00    0.00    0.00
    532 0 2019 129  3.000  112.61    0.00    0.00    0.00    0.00
    533 0 2019 129  4.000  139.96    0.00    0.00    0.00    0.00
    534 0 2019 129  5.000  158.32    0.00    0.00    0.00    0.00
    535 0 2019 129  6.000  151.04    0.00    0.00    0.00    0.00
    536 0 2019 129  7.000  151.97    0.00    0.00    0.00    0.00
    537 0 2019 129  8.000  129.27    0.00    0.00    0.00    0.00
    538 0 2019 129  9.000  100.24    0.00    0.00    0.00    0.00
    539 0 2019 129 10.000   74.65    0.00    0.00    0.00    0.00
    540 0 2019 129 11.000   55.58    0.00    0.00    0.00    0.00
    541 0 2019 129 12.000   45.98    0.00    0.00    0.00    0.00
    542 0 2019 129 13.000   51.68    0.00    0.00    0.00    0.00
    543 0 2019 129 14.000   69.50    0.00    0.00    0.00    0.00
    544 0 2019 129 15.000   92.79    0.00    0.00    0.00    0.00
    545 0 2019 129 16.000  113.65    0.00    0.00    0.00    0.00
    546 0 2019 129 17.000  128.15    0.00    0.00    0.00    0.00
    547 0 2019 129 18.000  130.40    0.00    0.00    0.00    0.00
    548 0 2019 129 19.000  120.65    0.00    0.00    0.00    0.00
    549 0 2019 129 20.000  105.90    0.00    0.00    0.00    0.00
    550 0 2019 129 21.000   79.07    0.00    0.00    0.00    0.00
    551 0 2019 129 22.000   57.24    0.00    0.00    0.00    0.00
    552 0 2019 129 23.000   39.70    0.00    0.00    0.00    0.00
    553 0 2019 130  0.000   35.99    0.00    0.00    0.00    0.00
    554 0 2019 130  1.000   42.14    0.00    0.00    0.00    0.00
    555 0 2019 130  2.000   62.36    0.00    0.00    0.00    0.00
    556 0 2019 130  3.000   84.51    0.00    0.00    0.00    0.00
    557 1 2019 130  4.000  135.63    0.00    0.00    0.00    0.00
    558 0 2019 130  5.000  136.62    0.00    0.00    0.00    0.00
    559 0 2019 130  6.000  148.57    0.00    0.00    0.00    0.00
    560 0 2019 130  7.000  151.44    0.00    0.00    0.00    0.00
    561 0 2019 130  8.000  141.86    0.00    0.00    0.00    0.00
    562 0 2019 130  9.000  121.38    0.00    0.00    0.00    0.00
    563 0 2019 130 10.000   96.48    0.00    0.00    0.00    0.00
    564 0 2019 130 11.000   71.28    0.00    0.00    0.00    0.00
    565 0 2019 130 12.000   54.96    0.00    0.00    0.00    0.00
    566 0 2019 130 13.000   46.55    0.00    0.00    0.00    0.00
    567 0 2019 130 14.000   50.72    0.00    0.00    0.00    0.00
    568 0 2019 130 15.000   64.00    0.00    0.00    0.00    0.00
    569 0 2019 130 16.000   85.61    0.00    0.00    0.00    0.00
    570 0 2019 130 17.000  102.82    0.00    0.00    0.00    0.00
    571 0 2019 130 18.000  114.23    0.00    0.00    0.00    0.00
    572 0 2019 130 19.000  117.25    0.00    0.00    0.00    0.00
    573 0 2019 130 20.000  110.86    0.00    0.00    0.00    0.00
    574 0 2019 130 21.000   95.12    0.00    0.00    0.00    0.00
    575 0 2019 130 22.000   77.56    0.00    0.00    0.00    0.00
    576 0 2019 130 23.000   55.56    0.00    0.00    0.00    0.00
    577 0 2019 131  0.000   43.14    0.00    0.00    0.00    0.00
    578 0 2019 131  1.000   36.90    0.00    0.00    0.00    0.00
    579 0 2019 131  2.000   41.21    0.00    0.00    0.00    0.00
    580 0 2019 131  3.000   57.65    0.00    0.00    0.00    0.00
    581 0 2019 131  4.000   79.39    0.00    0.00    0.00    0.00
    582 0 2019 131  5.000  102.84    0.00    0.00    0.00    0.00
    583 0 2019 131  6.000  121.26    0.00    0.00    0.00    0.00
    584 0 2019 131  7.000  132.86    0.00    0.00    0.00    0.00
    585 0 2019 131  8.000  133.80    0.00    0.00    0.00    0.00
    586 0 2019 131  9.000  126.75    0.00    0.00    0.00    0.00
    587 0 2019 131 10.000  111.14    0.00    0.00    0.00    0.00
    588 0 2019 131 11.000   90.97    0.00    0.00    0.00    0.00
    589 0 2019 131 12.000   69.88    0.00    0.00    0.00    0.00
    590 0 2019 131 13.000   55.60    0.00    0.00    0.00    0.00
    591 0 2019 131 14.000   48.66    0.00    0.00    0.00    0.00
    592 0 2019 131 15.000   47.70    0.00    0.00    0.00    0.00
    593 0 2019 131 16.000   57.29    0.00    0.00    0.00    0.00
    594 0 2019 131 17.000   74.84    0.00    0.00    0.00    0.00
    595 0 2019 131 18.000   91.20    0.00    0.00    0.00    0.00
    596 0 2019 131 19.000   98.85    0.00    0.00    0.00    0.00
    597 0 2019 131 20.000  108.49    0.00    0.00    0.00    0.00
    598 0 2019 131 21.000  102.42    0.00    0.00    0.00    0.00
    599 0 2019 131 22.000   90.35    0.00    0.00    0.00    0.00
    600 0 2019 131 23.000   75.95    0.00    0.00    0.00    0.00
    601 0 2019 132  0.000   59.73    0.00    0.00    0.00    0.00
    602 0 2019 132  1.000   46.09    0.00    0.00    0.00    0.00
    603 0 2019 132  2.000   43.36    0.00    0.00    0.00    0.00
    604 0 2019 132  3.000   44.17    0.00    0.00    0.00    0.00
    605 0 2019 132  4.000   56.44    0.00    0.00    0.00    0.00
    606 0 2019 132  5.000   76.66    0.00    0.00    0.00    0.00
    607 0 2019 132  6.000   93.54    0.00    0.00    0.00    0.00
    608 0 2019 132  7.000  114.09    0.00    0.00    0.00    0.00
    609 0 2019 132  8.000  124.11    0.00    0.00    0.00    0.00
    610 0 2019 132  9.000  128.56    0.00    0.00    0.00    0.00
    611 0 2019 132 10.000  121.68    0.00    0.00    0.00    0.00
    612 0 2019 132 11.000  108.13    0.00    0.00    0.00    0.00
    613 0 2019 132 12.000   87.99    0.00    0.00    0.00    0.00
    614 0 2019 132 13.000   71.36    0.00    0.00    0.00    0.00
    615 0 2019 132 14.000   55.58    0.00    0.00    0.00    0.00
    616 0 2019 132 15.000   45.81    0.00    0.00    0.00    0.00
    617 0 2019 132 16.000   39.49    0.00    0.00    0.00    0.00
    618 0 2019 132 17.000   45.35    0.00    0.00    0.00    0.00
    619 0 2019 132 18.000   54.90    0.00    0.00    0.00    0.00
    620 0 2019 132 19.000   71.41    0.00    0.00    0.00    0.00
    621 0 2019 132 20.000   89.02    0.00    0.00    0.00    0.00
    622 0 2019 132 21.000  100.48    0.00    0.00    0.00    0.00
    623 0 2019 132 22.000  102.42    0.00    0.00    0.00    0.00
