    -0.00109103    -0.00116994    -0.00113562    -0.00116312    -0.00012716    -0.00128504    -0.00079583
    -0.00687454    -0.00821889    -0.00875140    -0.00782755    -0.00516016    -0.01131437    -0.00912752
    -0.05412347    -0.03529333    -0.03368649    -0.04317869    -0.04800086    -0.03725202    -0.05069938
    -0.00004985    -0.01293756    -0.01606473    -0.01099509    -0.02946346    -0.02984443    -0.01702080
    -0.05548856    -0.04108792    -0.03637346    -0.04126419    -0.02381978    -0.01727927    -0.05557938
    -0.01466829    -0.00024035    -0.01622429    -0.01221336     0.00654083    -0.04889822    -0.00105650
    -0.04132073    -0.02497868    -0.01790594    -0.01952720    -0.09443370    -0.00742106    -0.04484081
     0.02172798    -0.00403105    -0.01212960     0.00535148     0.17543675    -0.01040190     0.02478638
    -0.02564675    -0.01682595    -0.02495088    -0.00658075    -0.25492194    -0.01015349     0.01725492
     0.00138993    -0.00260849    -0.00991368    -0.04675361     0.15566261    -0.00719045    -0.02855913
     0.00648014     0.00485272    -0.00428271     0.00523759    -0.19942579    -0.02321034     0.06672935
     0.17727765    -0.07762235     0.00375130    -0.02564254     0.26521322     0.01820102     0.00308415
    -0.01224998     0.07020330     0.01541407     0.03230052    -0.06429423    -0.01076538     0.06871603
     0.04023806    -0.00869562     0.01189293    -0.01698443    -0.11918129    -0.00543641    -0.05078379
    -0.19054097    -0.00903835    -0.00099551    -0.01598183     0.21462230     0.01617484     0.08721423
    -0.07037793    -0.11356260    -0.03217461    -0.00698618    -0.22973107    -0.01224173     0.04037738
     0.02293447     0.04292230    -0.04023956    -0.05020182     0.28363588     0.00406070    -0.03371890
    -0.10601701    -0.01346878    -0.02631640     0.03000668    -0.29135007    -0.01462858     0.15841970
    -0.00793442    -0.12145429     0.01207783     0.05432213     0.24036835    -0.00657849     0.03369306
    -0.02195599    -0.00625141    -0.00448834    -0.03012650    -0.02819067     0.19270496     0.10038494
    -0.04902629     0.07097967     0.05700567    -0.01588405    -0.00984859    -0.04822683     0.24451935
    -0.02864595     0.09736340     0.08405302     0.12174337     0.32019058     0.12407510     0.21506949
    -0.02670393    -0.08262584     0.00532566     0.04375343    -0.18107291     0.10906871     0.14765121
    -0.06667600     0.01707631    -0.01081536    -0.04668345     0.14915307     0.03928616     0.26446992
    -0.00113079     0.14488365     0.07105160     0.05506902     0.10202486     0.07809436     0.32476941
     0.04277401     0.03079738     0.06655791     0.04105210    -0.00673571    -0.09455274     0.23122859
    -0.05455557    -0.07473098    -0.03786414    -0.08951589    -0.08854334     0.11401501     0.19622089
     0.07041134     0.05120376    -0.00000236     0.07332626     0.20972189     0.04447827     0.29853714
    -0.00944360     0.03033009     0.09213975     0.03885917    -0.15449439     0.01744334     0.27978224
     0.05563546     0.04587452     0.00095838    -0.07728308     0.22823240     0.11513215     0.32048211
    -0.07953057     0.06665155     0.03451591     0.02482946    -0.00187851     0.10961493     0.35071209
     0.08031645     0.05742015     0.05669295     0.11464068     0.08107591     0.08736552     0.40722761
     0.03983730     0.02237798     0.00278300     0.09395750     0.22582784     0.15935957     0.38959968
     0.08103909     0.10346644     0.11272130    -0.00504310     0.08868717     0.09372400     0.47546938
    -0.03836200     0.03536634     0.07467283    -0.01591340     0.07644571     0.13695575     0.38575003
     0.01441225    -0.03842519    -0.04113796     0.10102911     0.23368838     0.14455301     0.47010133
    -0.03157594     0.01441707     0.01932863    -0.00147448     0.00633949     0.08468001     0.43861809
    -0.02691443     0.12384425     0.07029693     0.13211401     0.28500742     0.25507185     0.51698232
    -0.03956358     0.00610002     0.05946381    -0.00813619    -0.00167572     0.15812835     0.59339118
     0.05384256     0.09041241     0.07848305     0.06544722     0.15947524     0.24332677     0.58657771
     0.03358786     0.13267826     0.03696520     0.24485798     0.64978778     0.26789653     0.74851209
     0.23384799     0.12711944     0.19471596     0.17336619     0.03494464     0.28549153     0.68234640
     0.14143713     0.16073692     0.17223813     0.11896077     0.42268577     0.40972531     0.72599733
     0.09559067     0.13539332     0.13004327     0.13054615     0.09181256     0.28441873     0.79015082
     0.12215558     0.15896545     0.16384359     0.19274439     0.57530451     0.37601790     0.68157983
     0.05607919    -0.01813349     0.00097075     0.02935090     0.11754758     0.23834701     0.66271961
     0.05046130    -0.00047630     0.03840696     0.12898652    -0.06252086     0.23859474     0.65423644
    -0.08933648     0.09329474     0.11090729     0.05296785     0.57299650     0.32109067     0.66150469
     0.00374724    -0.00332916     0.02249162     0.04828851    -0.12344831     0.14211632     0.69544792
    -0.01563264    -0.00699650     0.03988419     0.04091860     0.69846469     0.33974168     0.71008539
     0.08816467     0.13881068     0.15013339     0.18443105     0.25644585     0.39191571     0.82998800
     0.05948135     0.19848807     0.19930543     0.11751191     0.25897378     0.39411899     0.81920457
    -0.02627660     0.10093219     0.15840337     0.04140183     0.69150954     0.50924355     0.87526900
     0.08215091     0.09571993     0.12156551     0.23951800     0.19450337     0.54364890     1.02763498
     0.02844304     0.20465578     0.22375357     0.13331099     0.59698445     0.46375707     0.93973923
     0.11823607     0.15986435     0.15388042     0.31305358     0.73999971     0.66785270     1.04613531
    -0.02534871     0.10453422     0.16852006     0.15056530     0.32655644     0.52913445     1.05947745
     0.19051398     0.13360208     0.21435179     0.25260267     0.76829952     0.67878312     1.18652260
     0.06279009     0.22675689     0.22477479     0.16009045     1.03448808     0.68416572     1.17011380
     0.22355087     0.25794691     0.22169691     0.21808267     0.56477392     0.66091543     1.12916291
     0.06084275     0.04901425     0.10960942     0.18629029     0.91847128     0.81180298     1.19802499
     0.00358296     0.19849855     0.17327382     0.31254190     0.48400313     0.78083038     1.35278356
     0.18395497     0.19261596     0.26673630     0.04838716     0.92470610     0.80411583     1.14666843
     0.06903239     0.16626957     0.19739060     0.21399213     0.77998179     0.77108747     1.27994072
     0.08156833     0.15722728     0.21510641     0.20419064     0.68583709     0.93965614     1.43895531
     0.05105478     0.26242283     0.27718690     0.34216553     1.25264931     0.96327353     1.34876513
     0.07991821     0.16525565     0.18303786     0.17582546     0.69038284     0.96415877     1.44479287
     0.06180993     0.21539724     0.35534582     0.24695677     1.21689844     1.18223870     1.59529984
     0.14177659     0.24770783     0.28560758     0.24942647     1.15660405     1.25528228     1.55907333
     0.05836719     0.22691546     0.21759169     0.22874102     0.99837798     1.42789936     1.61023462
     0.00747268     0.30474448     0.31758970     0.27819440     1.35434592     1.36027777     1.65617228
     0.11030581     0.21209358     0.23719056     0.38775796     1.11209595     1.49681294     1.65431130
     0.02564638     0.23751114     0.24198169     0.11179048     1.40365887     1.04100668     1.64179313
    -0.18058090     0.13789086     0.25650173     0.11535820     1.22139800     1.76624227     1.59689593
     0.07347732     0.02967932     0.04423080     0.11803589     1.88463724     1.65858865     1.90271604
    -0.15886965     0.02926291     0.10863624     0.11130512     1.17614830     2.24393272     1.83705664
    -0.02868950     0.33660525     0.29352868     0.33856022     3.12328625     2.28706598     2.07325172
    -0.12108876     0.31852588     0.34122851     0.38367176     2.69406986     2.86139989     2.32678509
     0.22223733     0.31021696     0.40615028     0.25685897     3.02257347     3.67273355     2.53054166
     0.15071149     0.42017534     0.44205603     0.56922412     3.77124405     3.35238504     2.67501068
     0.20816658     0.47511509     0.50068277     0.76768029     3.17124128     3.90166903     2.60317540
     0.15490401     0.37307745     0.44895330     0.49989888     4.88064194     4.11434221     2.69193363
     0.25249696     0.41661975     0.43147808     0.59424287     3.32124519     4.41970587     2.71638632
     0.15160406     0.33988437     0.37735778     0.30291882     4.54403067     4.35280228     2.36754107
     0.01839113     0.24182618     0.24853261     0.51068503     4.07274818     4.87929916     2.36840725
    -0.08048641    -0.05291519     0.09427968     0.01431012     4.30837917     4.78032970     2.38932467
    -0.30148506     0.18644486     0.19832680     0.14202140     4.12554836     5.29055738     2.27349353
    -0.16010775     0.18439429     0.27430913     0.27630424     4.61770725     5.50693035     2.38576794
     0.16066691     0.36057931     0.27671641     0.38222551     4.78364849     6.06263971     2.60304213
    -0.02899734     0.14427182     0.27138641     0.41384423     5.00602961     6.44325113     2.71732354
     0.20144951     0.44888285     0.49278653     0.68996054     5.01007795     7.57680082     2.97234702
     0.26877400     0.39052427     0.57748151     0.37156591     4.82738400     7.53686428     3.24856639
     0.06292521     0.59636778     0.64732200     0.79627705     5.10259438     8.38022900     3.24453592
     0.30226809     0.51939309     0.49450240     0.48417729     1.56950259     9.10250664     3.00144529
    -0.08391032     0.38178226     0.56525099     0.59082180    -1.30333865     6.53711414     2.72546959
     0.34549898     0.38683337     0.47240159     0.17161754    -8.97615623    -1.17284977     2.55646896
    -0.13725869     0.14856586     0.32084820     0.01335955   -18.50291061    -5.02959585     2.60070801
    -0.11138853     0.34127143    -0.19654429     0.19753397   -19.63983345    -9.86413097     2.59047604
    -0.71933967     0.52387726     0.19156522     0.63098633   -26.72180557   -16.53997803     3.00094795
     0.88114476     0.09972343     0.11622138    -0.26526672   -39.03945923    34.50625610     2.65231848
    -0.92621791    -1.01829135    -1.05923700    -1.00437629   -51.77973557    34.17881775     2.32766151
     0.52666306     0.94122577     0.76397407     0.95850646   -63.74662018    95.17800903     4.32238150
     0.40043312    -0.28289285    -0.64429921     0.07045340   -76.01964569    70.97627258     0.93426603
    -0.13295482     1.86675096     1.85949183     2.35506058   -31.82813263    67.72534943     4.73982954
     3.12111425    -0.66048616     0.50976485    -2.95582294   -58.33430481    59.23176575     1.20591891
    -2.10985160     1.40478253     0.77774411     3.72871804    -9.64696312    36.54661942     5.52503920
     1.85166895    -1.00001085    -0.18658608    -3.40275908   -15.19002724    31.13198662     0.57548213
    -2.60880446     1.85150278     0.92755127     2.49918675   -15.89269638     8.93704414     3.17513275
     1.11367762    -1.17431986    -0.41925749    -2.07828331    -9.14514446    21.70906258     0.72453374
    -2.35172439     0.74317485     0.93849564     0.69875139   -11.57556152     7.62438107     1.86679041
     2.14081359    -1.01648915    -1.11242187    -0.43863058   -10.47059727    14.35116386     1.42079222
    -3.36719966    -0.91705143    -0.46574852    -0.41733649    -2.41037560     9.76290035     0.58905053
     1.42523742    -0.16028818    -0.34321287    -0.00687521   -14.85002613    10.09967804     1.28038359
    -1.73024392     0.00954442    -0.03818599     0.80318487     2.67015767    11.25679207     1.59594393
     1.57144940     1.04758012     0.75868541    -1.06234705    -6.98798656     8.43105698     2.06375837
    -0.46871933     0.20514089     0.05942278     0.94417131    -8.40786743    10.48913479     2.15161133
     1.26602578    -0.16074184     0.00549203     0.99954379     4.34780312     8.42468834     2.04409766
    -0.48995796     0.27184868     0.26643988    -1.06603587   -14.03215981     9.24362659     0.09987906
     0.72656649     0.38437641     0.13469836     0.61986083     6.42381620     7.18447638     2.35639596
    -0.37067321     0.34259200     0.38139722     0.27745873   -13.21648979     8.02211285     0.07551860
