Lat       Lon      Rmax (m)   DelP (mb) DetT     
12.2      93.0      40000      6.0       0 
12.3      92.9      35000      8.0       3 
12.5      92.5      35000      9.0       3 
12.8      91.0      35000      10.0      6
13.2      90.2      35000      12.0      6 
13.7      89.2      35000      12.0      6 
13.8      89.0      30000      15.0      3 
13.9      88.8      30000      15.0      3 
14.0      88.6      30000      15.0      3 
14.3      88.0      30000      20.0      6 
14.3      87.7      30000      17.0      6 
14.7      87.2      30000      17.0      6 
15.0      86.8      30000      24.0      6
15.2      86.7      30000      24.0      3 
15.9      85.9      30000      24.0      9 
15.9      85.7      30000      24.0      3 
16.1      85.1      30000      39.0      6
16.1      85.0      30000      39.0      3 
16.2      84.8      30000      39.0      3
16.4      84.7      30000      41.0      6
16.8      84.4      30000      41.0      3
17.2      84.2      30000      47.0      3 
17.4      83.8      30000      47.0      3
17.6      83.2      30000      47.0      3 
17.8      83.0      30000      28.0      3 
18.0      82.7      30000      15.0      3
18.4      82.2      35000      9.0       6
18.9      81.7      40000      5.0       6




