



















      1 1 2019 107  0.000 9999.99    0.00    0.00    0.00    0.00
      2 0 2019 107  1.000  229.59    0.00    0.00    0.00    0.00
      3 0 2019 107  2.000  240.14    0.00    0.00    0.00    0.00
      4 0 2019 107  3.000  216.80    0.00    0.00    0.00    0.00
      5 0 2019 107  4.000  184.05    0.00    0.00    0.00    0.00
      6 0 2019 107  5.000  139.10    0.00    0.00    0.00    0.00
      7 0 2019 107  6.000  110.70    0.00    0.00    0.00    0.00
      8 0 2019 107  7.000   86.07    0.00    0.00    0.00    0.00
      9 0 2019 107  8.000   81.21    0.00    0.00    0.00    0.00
     10 0 2019 107  9.000  100.26    0.00    0.00    0.00    0.00
     11 0 2019 107 10.000  135.47    0.00    0.00    0.00    0.00
     12 0 2019 107 11.000  178.03    0.00    0.00    0.00    0.00
     13 0 2019 107 12.000  218.33    0.00    0.00    0.00    0.00
     14 0 2019 107 13.000  237.96    0.00    0.00    0.00    0.00
     15 0 2019 107 14.000  248.74    0.00    0.00    0.00    0.00
     16 0 2019 107 15.000  237.55    0.00    0.00    0.00    0.00
     17 0 2019 107 16.000  201.62    0.00    0.00    0.00    0.00
     18 0 2019 107 17.000  159.47    0.00    0.00    0.00    0.00
     19 0 2019 107 18.000  107.07    0.00    0.00    0.00    0.00
     20 0 2019 107 19.000   74.03    0.00    0.00    0.00    0.00
     21 0 2019 107 20.000   59.18    0.00    0.00    0.00    0.00
     22 0 2019 107 21.000   69.72    0.00    0.00    0.00    0.00
     23 0 2019 107 22.000   95.92    0.00    0.00    0.00    0.00
     24 0 2019 107 23.000  150.74    0.00    0.00    0.00    0.00
     25 0 2019 108  0.000  195.61    0.00    0.00    0.00    0.00
     26 0 2019 108  1.000  233.82    0.00    0.00    0.00    0.00
     27 0 2019 108  2.000  255.73    0.00    0.00    0.00    0.00
     28 0 2019 108  3.000  250.92    0.00    0.00    0.00    0.00
     29 0 2019 108  4.000  225.94    0.00    0.00    0.00    0.00
     30 0 2019 108  5.000  184.02    0.00    0.00    0.00    0.00
     31 0 2019 108  6.000  137.09    0.00    0.00    0.00    0.00
     32 0 2019 108  7.000   98.70    0.00    0.00    0.00    0.00
     33 0 2019 108  8.000   77.13    0.00    0.00    0.00    0.00
     34 0 2019 108  9.000   78.49    0.00    0.00    0.00    0.00
     35 0 2019 108 10.000  101.51    0.00    0.00    0.00    0.00
     36 0 2019 108 11.000  143.77    0.00    0.00    0.00    0.00
     37 0 2019 108 12.000  192.28    0.00    0.00    0.00    0.00
     38 0 2019 108 13.000  230.71    0.00    0.00    0.00    0.00
     39 0 2019 108 14.000  252.77    0.00    0.00    0.00    0.00
     40 0 2019 108 15.000  255.37    0.00    0.00    0.00    0.00
     41 0 2019 108 16.000  233.65    0.00    0.00    0.00    0.00
     42 0 2019 108 17.000  191.57    0.00    0.00    0.00    0.00
     43 0 2019 108 18.000  136.38    0.00    0.00    0.00    0.00
     44 0 2019 108 19.000   90.66    0.00    0.00    0.00    0.00
     45 0 2019 108 20.000   58.79    0.00    0.00    0.00    0.00
     46 0 2019 108 21.000   54.10    0.00    0.00    0.00    0.00
     47 0 2019 108 22.000   78.72    0.00    0.00    0.00    0.00
     48 0 2019 108 23.000  115.48    0.00    0.00    0.00    0.00
     49 0 2019 109  0.000  166.70    0.00    0.00    0.00    0.00
     50 0 2019 109  1.000  219.95    0.00    0.00    0.00    0.00
     51 0 2019 109  2.000  253.16    0.00    0.00    0.00    0.00
     52 0 2019 109  3.000  264.41    0.00    0.00    0.00    0.00
     53 0 2019 109  4.000  251.71    0.00    0.00    0.00    0.00
     54 0 2019 109  5.000  217.04    0.00    0.00    0.00    0.00
     55 0 2019 109  6.000  163.16    0.00    0.00    0.00    0.00
     56 0 2019 109  7.000  120.71    0.00    0.00    0.00    0.00
     57 0 2019 109  8.000   84.56    0.00    0.00    0.00    0.00
     58 0 2019 109  9.000   67.44    0.00    0.00    0.00    0.00
     59 0 2019 109 10.000   77.34    0.00    0.00    0.00    0.00
     60 0 2019 109 11.000  111.24    0.00    0.00    0.00    0.00
     61 0 2019 109 12.000  159.87    0.00    0.00    0.00    0.00
     62 0 2019 109 13.000  205.54    0.00    0.00    0.00    0.00
     63 0 2019 109 14.000  242.48    0.00    0.00    0.00    0.00
     64 0 2019 109 15.000  257.11    0.00    0.00    0.00    0.00
     65 0 2019 109 16.000  251.95    0.00    0.00    0.00    0.00
     66 0 2019 109 17.000  213.17    0.00    0.00    0.00    0.00
     67 0 2019 109 18.000  174.65    0.00    0.00    0.00    0.00
     68 0 2019 109 19.000  116.07    0.00    0.00    0.00    0.00
     69 0 2019 109 20.000   71.91    0.00    0.00    0.00    0.00
     70 0 2019 109 21.000   58.24    0.00    0.00    0.00    0.00
     71 0 2019 109 22.000   52.47    0.00    0.00    0.00    0.00
     72 0 2019 109 23.000   80.32    0.00    0.00    0.00    0.00
     73 0 2019 110  0.000  145.03    0.00    0.00    0.00    0.00
     74 0 2019 110  1.000  194.11    0.00    0.00    0.00    0.00
     75 0 2019 110  2.000  234.63    0.00    0.00    0.00    0.00
     76 0 2019 110  3.000  263.34    0.00    0.00    0.00    0.00
     77 0 2019 110  4.000  264.61    0.00    0.00    0.00    0.00
     78 0 2019 110  5.000  241.00    0.00    0.00    0.00    0.00
     79 0 2019 110  6.000  206.77    0.00    0.00    0.00    0.00
     80 0 2019 110  7.000  152.06    0.00    0.00    0.00    0.00
     81 0 2019 110  8.000  108.07    0.00    0.00    0.00    0.00
     82 0 2019 110  9.000   80.13    0.00    0.00    0.00    0.00
     83 0 2019 110 10.000   73.04    0.00    0.00    0.00    0.00
     84 0 2019 110 11.000   91.54    0.00    0.00    0.00    0.00
     85 0 2019 110 12.000  126.13    0.00    0.00    0.00    0.00
     86 0 2019 110 13.000  169.73    0.00    0.00    0.00    0.00
     87 0 2019 110 14.000  214.85    0.00    0.00    0.00    0.00
     88 0 2019 110 15.000  243.62    0.00    0.00    0.00    0.00
     89 0 2019 110 16.000  252.18    0.00    0.00    0.00    0.00
     90 0 2019 110 17.000  233.85    0.00    0.00    0.00    0.00
     91 0 2019 110 18.000  195.07    0.00    0.00    0.00    0.00
     92 0 2019 110 19.000  146.39    0.00    0.00    0.00    0.00
     93 0 2019 110 20.000   95.14    0.00    0.00    0.00    0.00
     94 0 2019 110 21.000   62.21    0.00    0.00    0.00    0.00
     95 0 2019 110 22.000   51.86    0.00    0.00    0.00    0.00
     96 0 2019 110 23.000   70.00    0.00    0.00    0.00    0.00
     97 0 2019 111  0.000  101.40    0.00    0.00    0.00    0.00
     98 0 2019 111  1.000  155.33    0.00    0.00    0.00    0.00
     99 0 2019 111  2.000  206.26    0.00    0.00    0.00    0.00
    100 0 2019 111  3.000  243.48    0.00    0.00    0.00    0.00
    101 0 2019 111  4.000  262.63    0.00    0.00    0.00    0.00
    102 0 2019 111  5.000  255.81    0.00    0.00    0.00    0.00
    103 0 2019 111  6.000  229.24    0.00    0.00    0.00    0.00
    104 0 2019 111  7.000  184.21    0.00    0.00    0.00    0.00
    105 0 2019 111  8.000  134.90    0.00    0.00    0.00    0.00
    106 0 2019 111  9.000   99.03    0.00    0.00    0.00    0.00
    107 0 2019 111 10.000   79.41    0.00    0.00    0.00    0.00
    108 0 2019 111 11.000   74.64    0.00    0.00    0.00    0.00
    109 0 2019 111 12.000  104.46    0.00    0.00    0.00    0.00
    110 0 2019 111 13.000  143.84    0.00    0.00    0.00    0.00
    111 0 2019 111 14.000  178.24    0.00    0.00    0.00    0.00
    112 0 2019 111 15.000  216.29    0.00    0.00    0.00    0.00
    113 0 2019 111 16.000  225.78    0.00    0.00    0.00    0.00
    114 0 2019 111 17.000  222.29    0.00    0.00    0.00    0.00
    115 0 2019 111 18.000  216.12    0.00    0.00    0.00    0.00
    116 0 2019 111 19.000  161.52    0.00    0.00    0.00    0.00
    117 0 2019 111 20.000  115.42    0.00    0.00    0.00    0.00
    118 0 2019 111 21.000   81.35    0.00    0.00    0.00    0.00
    119 0 2019 111 22.000   65.11    0.00    0.00    0.00    0.00
    120 0 2019 111 23.000   57.66    0.00    0.00    0.00    0.00
    121 0 2019 112  0.000   90.50    0.00    0.00    0.00    0.00
    122 0 2019 112  1.000  122.93    0.00    0.00    0.00    0.00
    123 0 2019 112  2.000  166.79    0.00    0.00    0.00    0.00
    124 0 2019 112  3.000  213.06    0.00    0.00    0.00    0.00
    125 0 2019 112  4.000  240.91    0.00    0.00    0.00    0.00
    126 0 2019 112  5.000  257.29    0.00    0.00    0.00    0.00
    127 0 2019 112  6.000  239.81    0.00    0.00    0.00    0.00
    128 0 2019 112  7.000  207.36    0.00    0.00    0.00    0.00
    129 0 2019 112  8.000  168.44    0.00    0.00    0.00    0.00
    130 0 2019 112  9.000  126.08    0.00    0.00    0.00    0.00
    131 0 2019 112 10.000   95.30    0.00    0.00    0.00    0.00
    132 0 2019 112 11.000   88.04    0.00    0.00    0.00    0.00
    133 0 2019 112 12.000   93.78    0.00    0.00    0.00    0.00
    134 0 2019 112 13.000  117.63    0.00    0.00    0.00    0.00
    135 0 2019 112 14.000  155.49    0.00    0.00    0.00    0.00
    136 0 2019 112 15.000  193.55    0.00    0.00    0.00    0.00
    137 0 2019 112 16.000  205.79    0.00    0.00    0.00    0.00
    138 0 2019 112 17.000  228.00    0.00    0.00    0.00    0.00
    139 0 2019 112 18.000  216.84    0.00    0.00    0.00    0.00
    140 0 2019 112 19.000  194.97    0.00    0.00    0.00    0.00
    141 0 2019 112 20.000  147.48    0.00    0.00    0.00    0.00
    142 0 2019 112 21.000  111.03    0.00    0.00    0.00    0.00
    143 0 2019 112 22.000   86.72    0.00    0.00    0.00    0.00
    144 0 2019 112 23.000   70.89    0.00    0.00    0.00    0.00
    145 0 2019 113  0.000   83.10    0.00    0.00    0.00    0.00
    146 0 2019 113  1.000  109.14    0.00    0.00    0.00    0.00
    147 0 2019 113  2.000  153.56    0.00    0.00    0.00    0.00
    148 0 2019 113  3.000  190.16    0.00    0.00    0.00    0.00
    149 0 2019 113  4.000  227.07    0.00    0.00    0.00    0.00
    150 0 2019 113  5.000  244.38    0.00    0.00    0.00    0.00
    151 0 2019 113  6.000  243.25    0.00    0.00    0.00    0.00
    152 0 2019 113  7.000  222.62    0.00    0.00    0.00    0.00
    153 0 2019 113  8.000  188.84    0.00    0.00    0.00    0.00
    154 0 2019 113  9.000  149.69    0.00    0.00    0.00    0.00
    155 0 2019 113 10.000  116.83    0.00    0.00    0.00    0.00
    156 0 2019 113 11.000   96.97    0.00    0.00    0.00    0.00
    157 0 2019 113 12.000   93.44    0.00    0.00    0.00    0.00
    158 0 2019 113 13.000  105.87    0.00    0.00    0.00    0.00
    159 0 2019 113 14.000  131.70    0.00    0.00    0.00    0.00
    160 0 2019 113 15.000  160.30    0.00    0.00    0.00    0.00
    161 0 2019 113 16.000  193.55    0.00    0.00    0.00    0.00
    162 0 2019 113 17.000  213.25    0.00    0.00    0.00    0.00
    163 0 2019 113 18.000  212.32    0.00    0.00    0.00    0.00
    164 0 2019 113 19.000  196.69    0.00    0.00    0.00    0.00
    165 0 2019 113 20.000  170.54    0.00    0.00    0.00    0.00
    166 0 2019 113 21.000  141.08    0.00    0.00    0.00    0.00
    167 0 2019 113 22.000  109.61    0.00    0.00    0.00    0.00
    168 0 2019 113 23.000   92.37    0.00    0.00    0.00    0.00
    169 0 2019 114  0.000   91.15    0.00    0.00    0.00    0.00
    170 0 2019 114  1.000  102.35    0.00    0.00    0.00    0.00
    171 0 2019 114  2.000  131.19    0.00    0.00    0.00    0.00
    172 0 2019 114  3.000  167.63    0.00    0.00    0.00    0.00
    173 0 2019 114  4.000  197.91    0.00    0.00    0.00    0.00
    174 0 2019 114  5.000  222.53    0.00    0.00    0.00    0.00
    175 0 2019 114  6.000  233.78    0.00    0.00    0.00    0.00
    176 0 2019 114  7.000  226.07    0.00    0.00    0.00    0.00
    177 0 2019 114  8.000  206.02    0.00    0.00    0.00    0.00
    178 0 2019 114  9.000  177.68    0.00    0.00    0.00    0.00
    179 0 2019 114 10.000  141.90    0.00    0.00    0.00    0.00
    180 0 2019 114 11.000  122.84    0.00    0.00    0.00    0.00
    181 0 2019 114 12.000  112.63    0.00    0.00    0.00    0.00
    182 0 2019 114 13.000  110.02    0.00    0.00    0.00    0.00
    183 0 2019 114 14.000  129.19    0.00    0.00    0.00    0.00
    184 0 2019 114 15.000  151.26    0.00    0.00    0.00    0.00
    185 0 2019 114 16.000  177.85    0.00    0.00    0.00    0.00
    186 0 2019 114 17.000  192.76    0.00    0.00    0.00    0.00
    187 0 2019 114 18.000  202.36    0.00    0.00    0.00    0.00
    188 0 2019 114 19.000  195.46    0.00    0.00    0.00    0.00
    189 0 2019 114 20.000  178.05    0.00    0.00    0.00    0.00
    190 0 2019 114 21.000  157.16    0.00    0.00    0.00    0.00
    191 0 2019 114 22.000  132.92    0.00    0.00    0.00    0.00
    192 0 2019 114 23.000  109.55    0.00    0.00    0.00    0.00
    193 0 2019 115  0.000  100.32    0.00    0.00    0.00    0.00
    194 0 2019 115  1.000  107.98    0.00    0.00    0.00    0.00
    195 0 2019 115  2.000  120.67    0.00    0.00    0.00    0.00
    196 0 2019 115  3.000  144.41    0.00    0.00    0.00    0.00
    197 0 2019 115  4.000  174.53    0.00    0.00    0.00    0.00
    198 0 2019 115  5.000  201.27    0.00    0.00    0.00    0.00
    199 0 2019 115  6.000  218.02    0.00    0.00    0.00    0.00
    200 0 2019 115  7.000  218.51    0.00    0.00    0.00    0.00
    201 0 2019 115  8.000  210.96    0.00    0.00    0.00    0.00
    202 0 2019 115  9.000  195.73    0.00    0.00    0.00    0.00
    203 0 2019 115 10.000  165.38    0.00    0.00    0.00    0.00
    204 0 2019 115 11.000  147.08    0.00    0.00    0.00    0.00
    205 0 2019 115 12.000  127.89    0.00    0.00    0.00    0.00
    206 0 2019 115 13.000  124.53    0.00    0.00    0.00    0.00
    207 0 2019 115 14.000  127.68    0.00    0.00    0.00    0.00
    208 0 2019 115 15.000  131.31    0.00    0.00    0.00    0.00
    209 0 2019 115 16.000  153.82    0.00    0.00    0.00    0.00
    210 0 2019 115 17.000  164.66    0.00    0.00    0.00    0.00
    211 0 2019 115 18.000  187.49    0.00    0.00    0.00    0.00
    212 0 2019 115 19.000  188.41    0.00    0.00    0.00    0.00
    213 0 2019 115 20.000  179.68    0.00    0.00    0.00    0.00
    214 0 2019 115 21.000  168.75    0.00    0.00    0.00    0.00
    215 0 2019 115 22.000  155.06    0.00    0.00    0.00    0.00
    216 0 2019 115 23.000  132.80    0.00    0.00    0.00    0.00
    217 0 2019 116  0.000  120.42    0.00    0.00    0.00    0.00
    218 0 2019 116  1.000  125.08    0.00    0.00    0.00    0.00
    219 0 2019 116  2.000  122.05    0.00    0.00    0.00    0.00
    220 0 2019 116  3.000  138.96    0.00    0.00    0.00    0.00
    221 0 2019 116  4.000  156.09    0.00    0.00    0.00    0.00
    222 0 2019 116  5.000  180.08    0.00    0.00    0.00    0.00
    223 0 2019 116  6.000  195.43    0.00    0.00    0.00    0.00
    224 0 2019 116  7.000  206.84    0.00    0.00    0.00    0.00
    225 0 2019 116  8.000  207.71    0.00    0.00    0.00    0.00
    226 0 2019 116  9.000  199.60    0.00    0.00    0.00    0.00
    227 0 2019 116 10.000  188.32    0.00    0.00    0.00    0.00
    228 0 2019 116 11.000  169.03    0.00    0.00    0.00    0.00
    229 0 2019 116 12.000  152.99    0.00    0.00    0.00    0.00
    230 0 2019 116 13.000  142.50    0.00    0.00    0.00    0.00
    231 0 2019 116 14.000  139.41    0.00    0.00    0.00    0.00
    232 0 2019 116 15.000  136.47    0.00    0.00    0.00    0.00
    233 0 2019 116 16.000  148.43    0.00    0.00    0.00    0.00
    234 0 2019 116 17.000  156.49    0.00    0.00    0.00    0.00
    235 0 2019 116 18.000  168.74    0.00    0.00    0.00    0.00
    236 0 2019 116 19.000  178.55    0.00    0.00    0.00    0.00
    237 0 2019 116 20.000  174.36    0.00    0.00    0.00    0.00
    238 0 2019 116 21.000  178.72    0.00    0.00    0.00    0.00
    239 0 2019 116 22.000  172.77    0.00    0.00    0.00    0.00
    240 0 2019 116 23.000  155.36    0.00    0.00    0.00    0.00
    241 0 2019 117  0.000  148.87    0.00    0.00    0.00    0.00
    242 0 2019 117  1.000  138.01    0.00    0.00    0.00    0.00
    243 0 2019 117  2.000  134.07    0.00    0.00    0.00    0.00
    244 0 2019 117  3.000  140.33    0.00    0.00    0.00    0.00
    245 0 2019 117  4.000  148.85    0.00    0.00    0.00    0.00
    246 0 2019 117  5.000  159.96    0.00    0.00    0.00    0.00
    247 0 2019 117  6.000  178.64    0.00    0.00    0.00    0.00
    248 0 2019 117  7.000  187.65    0.00    0.00    0.00    0.00
    249 0 2019 117  8.000  200.05    0.00    0.00    0.00    0.00
    250 0 2019 117  9.000  201.80    0.00    0.00    0.00    0.00
    251 0 2019 117 10.000  195.73    0.00    0.00    0.00    0.00
    252 0 2019 117 11.000  188.90    0.00    0.00    0.00    0.00
    253 0 2019 117 12.000  180.31    0.00    0.00    0.00    0.00
    254 0 2019 117 13.000  165.91    0.00    0.00    0.00    0.00
    255 0 2019 117 14.000  147.73    0.00    0.00    0.00    0.00
    256 0 2019 117 15.000  143.93    0.00    0.00    0.00    0.00
    257 0 2019 117 16.000  146.39    0.00    0.00    0.00    0.00
    258 0 2019 117 17.000  145.19    0.00    0.00    0.00    0.00
    259 0 2019 117 18.000  149.75    0.00    0.00    0.00    0.00
    260 0 2019 117 19.000  159.25    0.00    0.00    0.00    0.00
    261 0 2019 117 20.000  166.37    0.00    0.00    0.00    0.00
    262 0 2019 117 21.000  169.53    0.00    0.00    0.00    0.00
    263 0 2019 117 22.000  169.00    0.00    0.00    0.00    0.00
    264 0 2019 117 23.000  166.84    0.00    0.00    0.00    0.00
    265 0 2019 118  0.000  167.23    0.00    0.00    0.00    0.00
    266 0 2019 118  1.000  155.99    0.00    0.00    0.00    0.00
    267 0 2019 118  2.000  152.15    0.00    0.00    0.00    0.00
    268 0 2019 118  3.000  145.27    0.00    0.00    0.00    0.00
    269 0 2019 118  4.000  141.06    0.00    0.00    0.00    0.00
    270 0 2019 118  5.000  146.77    0.00    0.00    0.00    0.00
    271 0 2019 118  6.000  150.68    0.00    0.00    0.00    0.00
    272 0 2019 118  7.000  166.37    0.00    0.00    0.00    0.00
    273 0 2019 118  8.000  180.52    0.00    0.00    0.00    0.00
    274 0 2019 118  9.000  190.65    0.00    0.00    0.00    0.00
    275 0 2019 118 10.000  193.85    0.00    0.00    0.00    0.00
    276 0 2019 118 11.000  197.05    0.00    0.00    0.00    0.00
    277 0 2019 118 12.000  191.75    0.00    0.00    0.00    0.00
    278 0 2019 118 13.000  177.56    0.00    0.00    0.00    0.00
    279 0 2019 118 14.000  164.27    0.00    0.00    0.00    0.00
    280 0 2019 118 15.000  151.59    0.00    0.00    0.00    0.00
    281 0 2019 118 16.000  141.24    0.00    0.00    0.00    0.00
    282 0 2019 118 17.000  132.99    0.00    0.00    0.00    0.00
    283 0 2019 118 18.000  131.58    0.00    0.00    0.00    0.00
    284 0 2019 118 19.000  137.68    0.00    0.00    0.00    0.00
    285 0 2019 118 20.000  151.50    0.00    0.00    0.00    0.00
    286 0 2019 118 21.000  159.28    0.00    0.00    0.00    0.00
    287 0 2019 118 22.000  173.52    0.00    0.00    0.00    0.00
    288 0 2019 118 23.000  183.40    0.00    0.00    0.00    0.00
    289 0 2019 119  0.000  184.53    0.00    0.00    0.00    0.00
    290 0 2019 119  1.000  179.03    0.00    0.00    0.00    0.00
    291 0 2019 119  2.000  170.23    0.00    0.00    0.00    0.00
    292 0 2019 119  3.000  160.69    0.00    0.00    0.00    0.00
    293 0 2019 119  4.000  147.14    0.00    0.00    0.00    0.00
    294 0 2019 119  5.000  140.57    0.00    0.00    0.00    0.00
    295 0 2019 119  6.000  140.97    0.00    0.00    0.00    0.00
    296 0 2019 119  7.000  145.95    0.00    0.00    0.00    0.00
    297 0 2019 119  8.000  157.16    0.00    0.00    0.00    0.00
    298 0 2019 119  9.000  172.70    0.00    0.00    0.00    0.00
    299 0 2019 119 10.000  186.32    0.00    0.00    0.00    0.00
    300 0 2019 119 11.000  199.78    0.00    0.00    0.00    0.00
    301 0 2019 119 12.000  206.32    0.00    0.00    0.00    0.00
    302 0 2019 119 13.000  198.96    0.00    0.00    0.00    0.00
    303 0 2019 119 14.000  187.89    0.00    0.00    0.00    0.00
    304 0 2019 119 15.000  168.18    0.00    0.00    0.00    0.00
    305 0 2019 119 16.000  151.73    0.00    0.00    0.00    0.00
    306 0 2019 119 17.000  132.84    0.00    0.00    0.00    0.00
    307 0 2019 119 18.000  124.80    0.00    0.00    0.00    0.00
    308 0 2019 119 19.000  125.14    0.00    0.00    0.00    0.00
    309 0 2019 119 20.000  132.35    0.00    0.00    0.00    0.00
    310 0 2019 119 21.000  150.29    0.00    0.00    0.00    0.00
    311 0 2019 119 22.000  166.52    0.00    0.00    0.00    0.00
    312 0 2019 119 23.000  183.06    0.00    0.00    0.00    0.00
    313 0 2019 120  0.000  197.10    0.00    0.00    0.00    0.00
    314 0 2019 120  1.000  197.62    0.00    0.00    0.00    0.00
    315 0 2019 120  2.000  193.49    0.00    0.00    0.00    0.00
    316 0 2019 120  3.000  176.46    0.00    0.00    0.00    0.00
    317 0 2019 120  4.000  157.36    0.00    0.00    0.00    0.00
    318 0 2019 120  5.000  138.98    0.00    0.00    0.00    0.00
    319 0 2019 120  6.000  124.46    0.00    0.00    0.00    0.00
    320 0 2019 120  7.000  127.73    0.00    0.00    0.00    0.00
    321 0 2019 120  8.000  134.13    0.00    0.00    0.00    0.00
    322 0 2019 120  9.000  157.70    0.00    0.00    0.00    0.00
    323 0 2019 120 10.000  175.48    0.00    0.00    0.00    0.00
    324 0 2019 120 11.000  199.94    0.00    0.00    0.00    0.00
    325 0 2019 120 12.000  208.15    0.00    0.00    0.00    0.00
    326 0 2019 120 13.000  214.46    0.00    0.00    0.00    0.00
    327 0 2019 120 14.000  206.57    0.00    0.00    0.00    0.00
    328 0 2019 120 15.000  188.99    0.00    0.00    0.00    0.00
    329 0 2019 120 16.000  164.64    0.00    0.00    0.00    0.00
    330 0 2019 120 17.000  136.56    0.00    0.00    0.00    0.00
    331 0 2019 120 18.000  119.24    0.00    0.00    0.00    0.00
    332 0 2019 120 19.000  112.90    0.00    0.00    0.00    0.00
    333 0 2019 120 20.000  116.61    0.00    0.00    0.00    0.00
    334 0 2019 120 21.000  126.29    0.00    0.00    0.00    0.00
    335 0 2019 120 22.000  160.13    0.00    0.00    0.00    0.00
    336 0 2019 120 23.000  183.44    0.00    0.00    0.00    0.00
    337 0 2019 121  0.000  208.04    0.00    0.00    0.00    0.00
    338 0 2019 121  1.000  224.86    0.00    0.00    0.00    0.00
    339 0 2019 121  2.000  223.91    0.00    0.00    0.00    0.00
    340 0 2019 121  3.000  211.47    0.00    0.00    0.00    0.00
    341 0 2019 121  4.000  186.22    0.00    0.00    0.00    0.00
    342 0 2019 121  5.000  158.47    0.00    0.00    0.00    0.00
    343 0 2019 121  6.000  136.82    0.00    0.00    0.00    0.00
    344 0 2019 121  7.000  129.29    0.00    0.00    0.00    0.00
    345 0 2019 121  8.000  130.50    0.00    0.00    0.00    0.00
    346 0 2019 121  9.000  142.65    0.00    0.00    0.00    0.00
    347 0 2019 121 10.000  162.98    0.00    0.00    0.00    0.00
    348 0 2019 121 11.000  194.12    0.00    0.00    0.00    0.00
    349 0 2019 121 12.000  217.80    0.00    0.00    0.00    0.00
    350 0 2019 121 13.000  231.16    0.00    0.00    0.00    0.00
    351 0 2019 121 14.000  226.58    0.00    0.00    0.00    0.00
    352 0 2019 121 15.000  212.19    0.00    0.00    0.00    0.00
    353 0 2019 121 16.000  184.99    0.00    0.00    0.00    0.00
    354 0 2019 121 17.000  148.47    0.00    0.00    0.00    0.00
    355 0 2019 121 18.000  123.37    0.00    0.00    0.00    0.00
    356 0 2019 121 19.000  111.86    0.00    0.00    0.00    0.00
    357 0 2019 121 20.000  109.07    0.00    0.00    0.00    0.00
    358 0 2019 121 21.000  126.17    0.00    0.00    0.00    0.00
    359 0 2019 121 22.000  152.69    0.00    0.00    0.00    0.00
    360 0 2019 121 23.000  181.89    0.00    0.00    0.00    0.00
    361 0 2019 122  0.000  212.16    0.00    0.00    0.00    0.00
    362 0 2019 122  1.000  234.34    0.00    0.00    0.00    0.00
    363 0 2019 122  2.000  245.69    0.00    0.00    0.00    0.00
    364 0 2019 122  3.000  239.32    0.00    0.00    0.00    0.00
    365 0 2019 122  4.000  210.42    0.00    0.00    0.00    0.00
    366 0 2019 122  5.000  187.87    0.00    0.00    0.00    0.00
    367 0 2019 122  6.000  151.98    0.00    0.00    0.00    0.00
    368 0 2019 122  7.000  130.77    0.00    0.00    0.00    0.00
    369 0 2019 122  8.000  126.53    0.00    0.00    0.00    0.00
    370 0 2019 122  9.000  133.18    0.00    0.00    0.00    0.00
    371 0 2019 122 10.000  156.17    0.00    0.00    0.00    0.00
    372 0 2019 122 11.000  191.80    0.00    0.00    0.00    0.00
    373 1 2019 122 12.000  230.47    0.00    0.00    0.00    0.00
    374 1 2019 122 13.000  248.82    0.00    0.00    0.00    0.00
    375 1 2019 122 14.000  257.61    0.00    0.00    0.00    0.00
    376 0 2019 122 15.000  244.57    0.00    0.00    0.00    0.00
    377 0 2019 122 16.000  214.21    0.00    0.00    0.00    0.00
    378 1 2019 122 17.000  185.51    0.00    0.00    0.00    0.00
    379 1 2019 122 18.000  153.72    0.00    0.00    0.00    0.00
    380 1 2019 122 19.000  123.76    0.00    0.00    0.00    0.00
    381 1 2019 122 20.000  119.51    0.00    0.00    0.00    0.00
    382 1 2019 122 21.000  134.00    0.00    0.00    0.00    0.00
    383 1 2019 122 22.000  153.13    0.00    0.00    0.00    0.00
    384 1 2019 122 23.000  201.79    0.00    0.00    0.00    0.00
    385 1 2019 123  0.000 9999.99    0.00    0.00    0.00    0.00
    386 1 2019 123  1.000 9999.99    0.00    0.00    0.00    0.00
    387 1 2019 123  2.000  278.49    0.00    0.00    0.00    0.00
    388 1 2019 123  3.000  294.67    0.00    0.00    0.00    0.00
    389 1 2019 123  4.000  274.91    0.00    0.00    0.00    0.00
    390 1 2019 123  5.000  244.48    0.00    0.00    0.00    0.00
    391 1 2019 123  6.000  204.12    0.00    0.00    0.00    0.00
    392 1 2019 123  7.000  167.21    0.00    0.00    0.00    0.00
    393 1 2019 123  8.000  141.56    0.00    0.00    0.00    0.00
    394 0 2019 123  9.000  117.16    0.00    0.00    0.00    0.00
    395 0 2019 123 10.000  137.43    0.00    0.00    0.00    0.00
    396 0 2019 123 11.000  151.96    0.00    0.00    0.00    0.00
    397 0 2019 123 12.000  195.57    0.00    0.00    0.00    0.00
    398 1 2019 123 13.000  205.40    0.00    0.00    0.00    0.00
    399 1 2019 123 14.000  227.19    0.00    0.00    0.00    0.00
    400 0 2019 123 15.000  234.31    0.00    0.00    0.00    0.00
    401 1 2019 123 16.000  206.92    0.00    0.00    0.00    0.00
    402 1 2019 123 17.000  168.59    0.00    0.00    0.00    0.00
    403 1 2019 123 18.000  124.42    0.00    0.00    0.00    0.00
    404 0 2019 123 19.000  100.74    0.00    0.00    0.00    0.00
    405 1 2019 123 20.000   69.83    0.00    0.00    0.00    0.00
    406 1 2019 123 21.000   69.68    0.00    0.00    0.00    0.00
    407 1 2019 123 22.000   91.91    0.00    0.00    0.00    0.00
    408 1 2019 123 23.000  122.60    0.00    0.00    0.00    0.00
    409 1 2019 124  0.000  166.27    0.00    0.00    0.00    0.00
    410 1 2019 124  1.000  206.03    0.00    0.00    0.00    0.00
    411 1 2019 124  2.000  237.60    0.00    0.00    0.00    0.00
    412 1 2019 124  3.000  246.62    0.00    0.00    0.00    0.00
    413 1 2019 124  4.000  229.81    0.00    0.00    0.00    0.00
    414 1 2019 124  5.000  202.59    0.00    0.00    0.00    0.00
    415 1 2019 124  6.000  168.70    0.00    0.00    0.00    0.00
    416 1 2019 124  7.000  124.03    0.00    0.00    0.00    0.00
    417 0 2019 124  8.000  100.68    0.00    0.00    0.00    0.00
    418 1 2019 124  9.000   85.65    0.00    0.00    0.00    0.00
    419 0 2019 124 10.000  101.23    0.00    0.00    0.00    0.00
    420 0 2019 124 11.000  131.77    0.00    0.00    0.00    0.00
    421 0 2019 124 12.000  174.79    0.00    0.00    0.00    0.00
    422 0 2019 124 13.000  211.20    0.00    0.00    0.00    0.00
    423 0 2019 124 14.000  238.95    0.00    0.00    0.00    0.00
    424 0 2019 124 15.000  251.46    0.00    0.00    0.00    0.00
    425 0 2019 124 16.000  239.20    0.00    0.00    0.00    0.00
    426 0 2019 124 17.000  210.69    0.00    0.00    0.00    0.00
    427 0 2019 124 18.000  165.71    0.00    0.00    0.00    0.00
    428 0 2019 124 19.000  125.60    0.00    0.00    0.00    0.00
    429 0 2019 124 20.000   88.96    0.00    0.00    0.00    0.00
    430 0 2019 124 21.000   77.54    0.00    0.00    0.00    0.00
    431 0 2019 124 22.000   90.10    0.00    0.00    0.00    0.00
    432 0 2019 124 23.000  118.14    0.00    0.00    0.00    0.00
    433 0 2019 125  0.000  163.92    0.00    0.00    0.00    0.00
    434 0 2019 125  1.000  209.34    0.00    0.00    0.00    0.00
    435 0 2019 125  2.000  248.38    0.00    0.00    0.00    0.00
    436 0 2019 125  3.000  264.76    0.00    0.00    0.00    0.00
    437 0 2019 125  4.000  259.55    0.00    0.00    0.00    0.00
    438 0 2019 125  5.000  239.66    0.00    0.00    0.00    0.00
    439 0 2019 125  6.000  201.25    0.00    0.00    0.00    0.00
    440 0 2019 125  7.000  154.83    0.00    0.00    0.00    0.00
    441 0 2019 125  8.000  117.73    0.00    0.00    0.00    0.00
    442 0 2019 125  9.000   99.81    0.00    0.00    0.00    0.00
    443 0 2019 125 10.000   99.76    0.00    0.00    0.00    0.00
    444 0 2019 125 11.000  124.90    0.00    0.00    0.00    0.00
    445 0 2019 125 12.000  161.01    0.00    0.00    0.00    0.00
    446 0 2019 125 13.000  205.65    0.00    0.00    0.00    0.00
    447 0 2019 125 14.000  224.60    0.00    0.00    0.00    0.00
    448 0 2019 125 15.000  251.82    0.00    0.00    0.00    0.00
    449 0 2019 125 16.000  245.22    0.00    0.00    0.00    0.00
    450 0 2019 125 17.000  225.00    0.00    0.00    0.00    0.00
    451 0 2019 125 18.000  187.87    0.00    0.00    0.00    0.00
    452 0 2019 125 19.000  137.19    0.00    0.00    0.00    0.00
    453 0 2019 125 20.000   97.02    0.00    0.00    0.00    0.00
    454 0 2019 125 21.000   83.88    0.00    0.00    0.00    0.00
    455 0 2019 125 22.000   83.40    0.00    0.00    0.00    0.00
    456 0 2019 125 23.000  106.40    0.00    0.00    0.00    0.00
    457 0 2019 126  0.000  148.15    0.00    0.00    0.00    0.00
    458 0 2019 126  1.000  200.00    0.00    0.00    0.00    0.00
    459 0 2019 126  2.000  237.22    0.00    0.00    0.00    0.00
    460 0 2019 126  3.000  271.54    0.00    0.00    0.00    0.00
    461 0 2019 126  4.000  279.03    0.00    0.00    0.00    0.00
    462 0 2019 126  5.000  260.15    0.00    0.00    0.00    0.00
    463 0 2019 126  6.000  230.84    0.00    0.00    0.00    0.00
    464 0 2019 126  7.000  182.21    0.00    0.00    0.00    0.00
    465 0 2019 126  8.000  141.75    0.00    0.00    0.00    0.00
    466 0 2019 126  9.000  111.11    0.00    0.00    0.00    0.00
    467 0 2019 126 10.000  101.91    0.00    0.00    0.00    0.00
    468 0 2019 126 11.000  110.24    0.00    0.00    0.00    0.00
    469 0 2019 126 12.000  142.52    0.00    0.00    0.00    0.00
    470 0 2019 126 13.000  175.83    0.00    0.00    0.00    0.00
    471 0 2019 126 14.000  219.23    0.00    0.00    0.00    0.00
    472 0 2019 126 15.000  242.74    0.00    0.00    0.00    0.00
    473 0 2019 126 16.000  253.61    0.00    0.00    0.00    0.00
    474 0 2019 126 17.000  241.20    0.00    0.00    0.00    0.00
    475 0 2019 126 18.000  209.14    0.00    0.00    0.00    0.00
    476 0 2019 126 19.000  169.56    0.00    0.00    0.00    0.00
    477 0 2019 126 20.000  122.89    0.00    0.00    0.00    0.00
    478 0 2019 126 21.000   98.23    0.00    0.00    0.00    0.00
    479 0 2019 126 22.000   86.24    0.00    0.00    0.00    0.00
    480 0 2019 126 23.000   97.92    0.00    0.00    0.00    0.00
    481 0 2019 127  0.000  132.07    0.00    0.00    0.00    0.00
    482 0 2019 127  1.000  175.58    0.00    0.00    0.00    0.00
    483 0 2019 127  2.000  224.02    0.00    0.00    0.00    0.00
    484 0 2019 127  3.000  257.35    0.00    0.00    0.00    0.00
    485 0 2019 127  4.000  281.05    0.00    0.00    0.00    0.00
    486 0 2019 127  5.000  273.28    0.00    0.00    0.00    0.00
    487 0 2019 127  6.000  250.92    0.00    0.00    0.00    0.00
    488 0 2019 127  7.000  215.72    0.00    0.00    0.00    0.00
    489 0 2019 127  8.000  169.55    0.00    0.00    0.00    0.00
    490 0 2019 127  9.000  128.46    0.00    0.00    0.00    0.00
    491 0 2019 127 10.000  105.11    0.00    0.00    0.00    0.00
    492 0 2019 127 11.000   98.06    0.00    0.00    0.00    0.00
    493 0 2019 127 12.000  116.58    0.00    0.00    0.00    0.00
    494 0 2019 127 13.000  152.60    0.00    0.00    0.00    0.00
    495 0 2019 127 14.000  189.53    0.00    0.00    0.00    0.00
    496 0 2019 127 15.000  225.67    0.00    0.00    0.00    0.00
    497 0 2019 127 16.000  244.86    0.00    0.00    0.00    0.00
    498 0 2019 127 17.000  246.32    0.00    0.00    0.00    0.00
    499 0 2019 127 18.000  224.50    0.00    0.00    0.00    0.00
    500 0 2019 127 19.000  195.12    0.00    0.00    0.00    0.00
    501 0 2019 127 20.000  150.58    0.00    0.00    0.00    0.00
    502 0 2019 127 21.000  114.33    0.00    0.00    0.00    0.00
    503 0 2019 127 22.000   89.64    0.00    0.00    0.00    0.00
    504 0 2019 127 23.000   89.81    0.00    0.00    0.00    0.00
    505 0 2019 128  0.000  107.94    0.00    0.00    0.00    0.00
    506 0 2019 128  1.000  142.09    0.00    0.00    0.00    0.00
    507 0 2019 128  2.000  184.45    0.00    0.00    0.00    0.00
    508 0 2019 128  3.000  228.25    0.00    0.00    0.00    0.00
    509 0 2019 128  4.000  255.97    0.00    0.00    0.00    0.00
    510 0 2019 128  5.000  267.95    0.00    0.00    0.00    0.00
    511 0 2019 128  6.000  262.73    0.00    0.00    0.00    0.00
    512 0 2019 128  7.000  234.90    0.00    0.00    0.00    0.00
    513 0 2019 128  8.000  196.03    0.00    0.00    0.00    0.00
    514 0 2019 128  9.000  153.37    0.00    0.00    0.00    0.00
    515 0 2019 128 10.000  121.13    0.00    0.00    0.00    0.00
    516 0 2019 128 11.000  106.82    0.00    0.00    0.00    0.00
    517 0 2019 128 12.000  111.71    0.00    0.00    0.00    0.00
    518 0 2019 128 13.000  132.00    0.00    0.00    0.00    0.00
    519 0 2019 128 14.000  166.22    0.00    0.00    0.00    0.00
    520 0 2019 128 15.000  198.89    0.00    0.00    0.00    0.00
    521 0 2019 128 16.000  224.91    0.00    0.00    0.00    0.00
    522 0 2019 128 17.000  235.97    0.00    0.00    0.00    0.00
    523 0 2019 128 18.000  230.21    0.00    0.00    0.00    0.00
    524 0 2019 128 19.000  209.03    0.00    0.00    0.00    0.00
    525 0 2019 128 20.000  168.80    0.00    0.00    0.00    0.00
    526 0 2019 128 21.000  132.85    0.00    0.00    0.00    0.00
    527 0 2019 128 22.000  102.41    0.00    0.00    0.00    0.00
    528 0 2019 128 23.000   91.05    0.00    0.00    0.00    0.00
    529 0 2019 129  0.000   92.93    0.00    0.00    0.00    0.00
    530 0 2019 129  1.000  118.06    0.00    0.00    0.00    0.00
    531 0 2019 129  2.000  151.98    0.00    0.00    0.00    0.00
    532 0 2019 129  3.000  195.26    0.00    0.00    0.00    0.00
    533 0 2019 129  4.000  231.25    0.00    0.00    0.00    0.00
    534 0 2019 129  5.000  250.78    0.00    0.00    0.00    0.00
    535 0 2019 129  6.000  254.75    0.00    0.00    0.00    0.00
    536 0 2019 129  7.000  244.57    0.00    0.00    0.00    0.00
    537 0 2019 129  8.000  213.32    0.00    0.00    0.00    0.00
    538 0 2019 129  9.000  179.98    0.00    0.00    0.00    0.00
    539 0 2019 129 10.000  142.87    0.00    0.00    0.00    0.00
    540 0 2019 129 11.000  117.25    0.00    0.00    0.00    0.00
    541 0 2019 129 12.000  112.49    0.00    0.00    0.00    0.00
    542 0 2019 129 13.000  114.25    0.00    0.00    0.00    0.00
    543 0 2019 129 14.000  136.75    0.00    0.00    0.00    0.00
    544 0 2019 129 15.000  164.26    0.00    0.00    0.00    0.00
    545 0 2019 129 16.000  195.16    0.00    0.00    0.00    0.00
    546 0 2019 129 17.000  215.38    0.00    0.00    0.00    0.00
    547 0 2019 129 18.000  223.74    0.00    0.00    0.00    0.00
    548 0 2019 129 19.000  213.69    0.00    0.00    0.00    0.00
    549 0 2019 129 20.000  191.99    0.00    0.00    0.00    0.00
    550 0 2019 129 21.000  159.48    0.00    0.00    0.00    0.00
    551 0 2019 129 22.000  131.05    0.00    0.00    0.00    0.00
    552 0 2019 129 23.000  109.27    0.00    0.00    0.00    0.00
    553 0 2019 130  0.000  103.64    0.00    0.00    0.00    0.00
    554 0 2019 130  1.000  108.66    0.00    0.00    0.00    0.00
    555 0 2019 130  2.000  132.61    0.00    0.00    0.00    0.00
    556 0 2019 130  3.000  166.64    0.00    0.00    0.00    0.00
    557 0 2019 130  4.000  193.03    0.00    0.00    0.00    0.00
    558 0 2019 130  5.000  224.57    0.00    0.00    0.00    0.00
    559 0 2019 130  6.000  239.16    0.00    0.00    0.00    0.00
    560 0 2019 130  7.000  243.31    0.00    0.00    0.00    0.00
    561 0 2019 130  8.000  228.96    0.00    0.00    0.00    0.00
    562 0 2019 130  9.000  203.77    0.00    0.00    0.00    0.00
    563 0 2019 130 10.000  173.09    0.00    0.00    0.00    0.00
    564 0 2019 130 11.000  142.65    0.00    0.00    0.00    0.00
    565 0 2019 130 12.000  122.01    0.00    0.00    0.00    0.00
    566 0 2019 130 13.000  113.33    0.00    0.00    0.00    0.00
    567 0 2019 130 14.000  120.01    0.00    0.00    0.00    0.00
    568 0 2019 130 15.000  139.05    0.00    0.00    0.00    0.00
    569 0 2019 130 16.000  162.28    0.00    0.00    0.00    0.00
    570 0 2019 130 17.000  187.23    0.00    0.00    0.00    0.00
    571 0 2019 130 18.000  200.63    0.00    0.00    0.00    0.00
    572 0 2019 130 19.000  209.91    0.00    0.00    0.00    0.00
    573 0 2019 130 20.000  203.35    0.00    0.00    0.00    0.00
    574 0 2019 130 21.000  186.89    0.00    0.00    0.00    0.00
    575 0 2019 130 22.000  162.08    0.00    0.00    0.00    0.00
    576 0 2019 130 23.000  136.86    0.00    0.00    0.00    0.00
    577 0 2019 131  0.000  120.22    0.00    0.00    0.00    0.00
    578 0 2019 131  1.000  115.12    0.00    0.00    0.00    0.00
    579 0 2019 131  2.000  116.24    0.00    0.00    0.00    0.00
    580 0 2019 131  3.000  132.90    0.00    0.00    0.00    0.00
    581 0 2019 131  4.000  155.05    0.00    0.00    0.00    0.00
    582 0 2019 131  5.000  185.60    0.00    0.00    0.00    0.00
    583 0 2019 131  6.000  211.78    0.00    0.00    0.00    0.00
    584 0 2019 131  7.000  223.99    0.00    0.00    0.00    0.00
    585 0 2019 131  8.000  225.59    0.00    0.00    0.00    0.00
    586 0 2019 131  9.000  218.09    0.00    0.00    0.00    0.00
    587 0 2019 131 10.000  202.25    0.00    0.00    0.00    0.00
    588 0 2019 131 11.000  175.47    0.00    0.00    0.00    0.00
    589 0 2019 131 12.000  150.56    0.00    0.00    0.00    0.00
    590 0 2019 131 13.000  131.58    0.00    0.00    0.00    0.00
    591 0 2019 131 14.000  121.70    0.00    0.00    0.00    0.00
    592 0 2019 131 15.000  124.52    0.00    0.00    0.00    0.00
    593 0 2019 131 16.000  136.68    0.00    0.00    0.00    0.00
    594 0 2019 131 17.000  159.91    0.00    0.00    0.00    0.00
    595 0 2019 131 18.000  163.38    0.00    0.00    0.00    0.00
    596 0 2019 131 19.000  188.90    0.00    0.00    0.00    0.00
    597 0 2019 131 20.000  194.92    0.00    0.00    0.00    0.00
    598 0 2019 131 21.000  190.88    0.00    0.00    0.00    0.00
    599 0 2019 131 22.000  181.14    0.00    0.00    0.00    0.00
    600 0 2019 131 23.000  161.83    0.00    0.00    0.00    0.00
    601 0 2019 132  0.000  148.15    0.00    0.00    0.00    0.00
    602 0 2019 132  1.000  131.71    0.00    0.00    0.00    0.00
    603 0 2019 132  2.000  126.87    0.00    0.00    0.00    0.00
    604 0 2019 132  3.000  122.30    0.00    0.00    0.00    0.00
    605 0 2019 132  4.000  137.21    0.00    0.00    0.00    0.00
    606 0 2019 132  5.000  162.60    0.00    0.00    0.00    0.00
    607 0 2019 132  6.000  179.64    0.00    0.00    0.00    0.00
    608 0 2019 132  7.000  201.86    0.00    0.00    0.00    0.00
    609 0 2019 132  8.000  220.07    0.00    0.00    0.00    0.00
    610 0 2019 132  9.000  219.94    0.00    0.00    0.00    0.00
    611 0 2019 132 10.000  215.26    0.00    0.00    0.00    0.00
    612 0 2019 132 11.000  201.30    0.00    0.00    0.00    0.00
    613 0 2019 132 12.000  179.06    0.00    0.00    0.00    0.00
    614 0 2019 132 13.000  159.93    0.00    0.00    0.00    0.00
    615 0 2019 132 14.000  140.95    0.00    0.00    0.00    0.00
    616 0 2019 132 15.000  128.69    0.00    0.00    0.00    0.00
    617 0 2019 132 16.000  124.48    0.00    0.00    0.00    0.00
    618 0 2019 132 17.000  130.05    0.00    0.00    0.00    0.00
    619 0 2019 132 18.000  141.75    0.00    0.00    0.00    0.00
    620 0 2019 132 19.000  170.17    0.00    0.00    0.00    0.00
    621 0 2019 132 20.000  179.32    0.00    0.00    0.00    0.00
    622 0 2019 132 21.000  195.50    0.00    0.00    0.00    0.00
    623 0 2019 132 22.000  191.84    0.00    0.00    0.00    0.00
