                                                                                
                                                                                
                                                                                
                                                                                
                                                                                
                                                                                
                                                                                
                                                                                
                                                                                
                                                                                
                                                                                
                                                                                
                                                                                
                                                                                
                                                                                
                                                                                
                                                                                
                                                                                
                                                                                
                                                                                
      1 1 2014 269  0.000 9999.99    0.00    0.00    0.00    0.00
      2 0 2014 269  1.000  110.40   -6.40    0.00    0.00    0.00
      3 0 2014 269  2.000  131.90   -2.43    0.00    0.00    0.00
      4 0 2014 269  3.000  137.30   -6.08    0.00    0.00    0.00
      5 0 2014 269  4.000  135.30   -6.14    0.00    0.00    0.00
      6 0 2014 269  5.000  121.60   -6.38    0.00    0.00    0.00
      7 0 2014 269  6.000   98.80   -7.29    0.00    0.00    0.00
      8 0 2014 269  7.000   74.10   -8.02    0.00    0.00    0.00
      9 0 2014 269  8.000   56.40   -6.05    0.00    0.00    0.00
     10 0 2014 269  9.000   43.90   -7.26    0.00    0.00    0.00
     11 0 2014 269 10.000   43.30   -7.29    0.00    0.00    0.00
     12 0 2014 269 11.000   58.80   -3.04    0.00    0.00    0.00
     13 0 2014 269 12.000   79.00   -3.84    0.00    0.00    0.00
     14 0 2014 269 13.000  103.20   -4.53    0.00    0.00    0.00
     15 0 2014 269 14.000  124.40   -5.19    0.00    0.00    0.00
     16 0 2014 269 15.000  136.20   -7.41    0.00    0.00    0.00
     17 0 2014 269 16.000  139.50   -7.51    0.00    0.00    0.00
     18 0 2014 269 17.000  130.70   -7.75    0.00    0.00    0.00
     19 0 2014 269 18.000  110.40   -9.27    0.00    0.00    0.00
     20 0 2014 269 19.000   87.50   -8.96    0.00    0.00    0.00
     21 0 2014 269 20.000   67.30   -8.41    0.00    0.00    0.00
     22 0 2014 269 21.000   51.90  -10.00    0.00    0.00    0.00
     23 0 2014 269 22.000   47.80   -9.42    0.00    0.00    0.00
     24 0 2014 269 23.000   56.60   -6.52    0.00    0.00    0.00
     25 0 2014 270  0.000   71.80   -7.19    0.00    0.00    0.00
     26 0 2014 270  1.000   94.30   -5.90    0.00    0.00    0.00
     27 0 2014 270  2.000  117.10   -2.81    0.00    0.00    0.00
     28 0 2014 270  3.000  128.20   -4.77    0.00    0.00    0.00
     29 0 2014 270  4.000  129.80   -6.91    0.00    0.00    0.00
     30 0 2014 270  5.000  124.40   -5.16    0.00    0.00    0.00
     31 0 2014 270  6.000  104.60   -7.41    0.00    0.00    0.00
     32 0 2014 270  7.000   80.60   -8.11    0.00    0.00    0.00
     33 0 2014 270  8.000   60.10   -6.77    0.00    0.00    0.00
     34 0 2014 270  9.000   42.40   -9.44    0.00    0.00    0.00
     35 0 2014 270 10.000   39.50   -6.51    0.00    0.00    0.00
     36 0 2014 270 11.000   45.50   -5.29    0.00    0.00    0.00
     37 0 2014 270 12.000   63.40   -3.18    0.00    0.00    0.00
     38 0 2014 270 13.000   84.60   -5.34    0.00    0.00    0.00
     39 0 2014 270 14.000  113.70   -0.23    0.00    0.00    0.00
     40 0 2014 270 15.000  128.90   -3.37    0.00    0.00    0.00
     41 0 2014 270 16.000  138.80   -2.81    0.00    0.00    0.00
     42 0 2014 270 17.000  135.20   -4.90    0.00    0.00    0.00
     43 0 2014 270 18.000  126.10   -1.04    0.00    0.00    0.00
     44 0 2014 270 19.000  104.00   -1.93    0.00    0.00    0.00
     45 0 2014 270 20.000   80.10   -3.34    0.00    0.00    0.00
     46 0 2014 270 21.000   63.20   -2.81    0.00    0.00    0.00
     47 0 2014 270 22.000   53.70   -2.78    0.00    0.00    0.00
     48 0 2014 270 23.000   51.80   -4.24    0.00    0.00    0.00
     49 0 2014 271  0.000   62.30   -3.30    0.00    0.00    0.00
     50 0 2014 271  1.000   78.40   -5.00    0.00    0.00    0.00
     51 0 2014 271  2.000  103.40   -0.20    0.00    0.00    0.00
     52 0 2014 271  3.000  118.20   -1.51    0.00    0.00    0.00
     53 0 2014 271  4.000  125.40   -2.72    0.00    0.00    0.00
     54 0 2014 271  5.000  125.30   -2.00    0.00    0.00    0.00
     55 0 2014 271  6.000  111.70   -4.60    0.00    0.00    0.00
     56 0 2014 271  7.000   95.10   -1.66    0.00    0.00    0.00
     57 0 2014 271  8.000   73.00   -1.56    0.00    0.00    0.00
     58 0 2014 271  9.000   53.30   -3.26    0.00    0.00    0.00
     59 0 2014 271 10.000   42.00   -4.44    0.00    0.00    0.00
     60 0 2014 271 11.000   41.10   -4.22    0.00    0.00    0.00
     61 0 2014 271 12.000   53.10   -1.07    0.00    0.00    0.00
     62 0 2014 271 13.000   70.20   -2.32    0.00    0.00    0.00
     63 0 2014 271 14.000   93.30   -2.44    0.00    0.00    0.00
     64 0 2014 271 15.000  116.30   -0.61    0.00    0.00    0.00
     65 0 2014 271 16.000  128.70   -2.43    0.00    0.00    0.00
     66 0 2014 271 17.000  135.70   -0.54    0.00    0.00    0.00
     67 0 2014 271 18.000  128.10   -2.76    0.00    0.00    0.00
     68 0 2014 271 19.000  112.40   -2.88    0.00    0.00    0.00
     69 0 2014 271 20.000   90.60   -3.40    0.00    0.00    0.00
     70 0 2014 271 21.000   72.80   -1.29    0.00    0.00    0.00
     71 0 2014 271 22.000   56.90   -3.58    0.00    0.00    0.00
     72 0 2014 271 23.000   52.60   -2.10    0.00    0.00    0.00
     73 0 2014 272  0.000   55.90   -1.60    0.00    0.00    0.00
     74 0 2014 272  1.000   69.40    0.22    0.00    0.00    0.00
     75 0 2014 272  2.000   85.60   -1.23    0.00    0.00    0.00
     76 0 2014 272  3.000  103.30   -1.06    0.00    0.00    0.00
     77 0 2014 272  4.000  114.60   -1.93    0.00    0.00    0.00
     78 0 2014 272  5.000  121.20    0.11    0.00    0.00    0.00
     79 0 2014 272  6.000  117.30    0.26    0.00    0.00    0.00
     80 0 2014 272  7.000  103.30   -0.74    0.00    0.00    0.00
     81 0 2014 272  8.000   83.80   -1.04    0.00    0.00    0.00
     82 0 2014 272  9.000   66.00    0.37    0.00    0.00    0.00
     83 0 2014 272 10.000   49.60   -2.32    0.00    0.00    0.00
     84 0 2014 272 11.000   42.70   -3.18    0.00    0.00    0.00
     85 0 2014 272 12.000   46.70   -1.38    0.00    0.00    0.00
     86 0 2014 272 13.000   58.60   -0.57    0.00    0.00    0.00
     87 0 2014 272 14.000   75.20   -2.55    0.00    0.00    0.00
     88 0 2014 272 15.000   98.10   -0.67    0.00    0.00    0.00
     89 0 2014 272 16.000  114.40   -1.92    0.00    0.00    0.00
     90 0 2014 272 17.000  125.10   -1.83    0.00    0.00    0.00
     91 0 2014 272 18.000  126.20   -2.75    0.00    0.00    0.00
     92 0 2014 272 19.000  119.90   -1.45    0.00    0.00    0.00
     93 0 2014 272 20.000  102.10   -3.26    0.00    0.00    0.00
     94 0 2014 272 21.000   83.10   -2.94    0.00    0.00    0.00
     95 0 2014 272 22.000   68.20   -1.30    0.00    0.00    0.00
     96 0 2014 272 23.000   57.90   -1.27    0.00    0.00    0.00
     97 0 2014 273  0.000   57.60    1.60    0.00    0.00    0.00
     98 0 2014 273  1.000   59.00   -1.55    0.00    0.00    0.00
     99 0 2014 273  2.000   73.00    0.58    0.00    0.00    0.00
    100 0 2014 273  3.000   90.00    1.89    0.00    0.00    0.00
    101 0 2014 273  4.000  105.40    3.08    0.00    0.00    0.00
    102 0 2014 273  5.000  113.60    2.34    0.00    0.00    0.00
    103 0 2014 273  6.000  115.40    2.03    0.00    0.00    0.00
    104 0 2014 273  7.000  110.00    2.15    0.00    0.00    0.00
    105 0 2014 273  8.000   96.50    1.48    0.00    0.00    0.00
    106 0 2014 273  9.000   78.40    0.21    0.00    0.00    0.00
    107 0 2014 273 10.000   65.30    2.58    0.00    0.00    0.00
    108 0 2014 273 11.000   54.10    1.53    0.00    0.00    0.00
    109 0 2014 273 12.000   47.60   -1.47    0.00    0.00    0.00
    110 0 2014 273 13.000   53.10    0.31    0.00    0.00    0.00
    111 0 2014 273 14.000   65.40    1.45    0.00    0.00    0.00
    112 0 2014 273 15.000   81.30    0.67    0.00    0.00    0.00
    113 0 2014 273 16.000   98.90    0.51    0.00    0.00    0.00
    114 0 2014 273 17.000  111.00   -1.75    0.00    0.00    0.00
    115 0 2014 273 18.000  120.20   -0.81    0.00    0.00    0.00
    116 0 2014 273 19.000  122.80    1.21    0.00    0.00    0.00
    117 0 2014 273 20.000  113.00   -0.83    0.00    0.00    0.00
    118 0 2014 273 21.000  102.30    2.75    0.00    0.00    0.00
    119 0 2014 273 22.000   85.60    2.33    0.00    0.00    0.00
    120 0 2014 273 23.000   71.30    1.61    0.00    0.00    0.00
    121 0 2014 274  0.000   63.60    2.26    0.00    0.00    0.00
    122 0 2014 274  1.000   59.70    0.51    0.00    0.00    0.00
    123 0 2014 274  2.000   62.80   -0.84    0.00    0.00    0.00
    124 0 2014 274  3.000   72.50   -1.29    0.00    0.00    0.00
    125 0 2014 274  4.000   86.90    0.36    0.00    0.00    0.00
    126 0 2014 274  5.000   98.30    0.38    0.00    0.00    0.00
    127 0 2014 274  6.000  104.90   -0.21    0.00    0.00    0.00
    128 0 2014 274  7.000  108.40    1.82    0.00    0.00    0.00
    129 0 2014 274  8.000  105.00    3.36    0.00    0.00    0.00
    130 0 2014 274  9.000   93.60    2.57    0.00    0.00    0.00
    131 0 2014 274 10.000   83.20    5.53    0.00    0.00    0.00
    132 0 2014 274 11.000   70.70    5.23    0.00    0.00    0.00
    133 0 2014 274 12.000   64.20    6.93    0.00    0.00    0.00
    134 0 2014 274 13.000   60.65    6.22    0.00    0.00    0.00
    135 0 2014 274 14.000   59.80    2.20    0.00    0.00    0.00
    136 0 2014 274 15.000   69.20    2.45    0.00    0.00    0.00
    137 0 2014 274 16.000   84.80    4.55    0.00    0.00    0.00
    138 0 2014 274 17.000   95.50    0.53    0.00    0.00    0.00
    139 0 2014 274 18.000  110.20    2.71    0.00    0.00    0.00
    140 0 2014 274 19.000  120.00    4.85    0.00    0.00    0.00
    141 0 2014 274 20.000  119.60    3.36    0.00    0.00    0.00
    142 0 2014 274 21.000  113.20    2.84    0.00    0.00    0.00
    143 0 2014 274 22.000  102.70    3.64    0.00    0.00    0.00
    144 0 2014 274 23.000   92.50    6.87    0.00    0.00    0.00
    145 0 2014 275  0.000   80.40    6.81    0.00    0.00    0.00
    146 0 2014 275  1.000   69.00    3.57    0.00    0.00    0.00
    147 0 2014 275  2.000   65.40    2.97    0.00    0.00    0.00
    148 0 2014 275  3.000   67.50    2.60    0.00    0.00    0.00
    149 0 2014 275  4.000   75.00    2.87    0.00    0.00    0.00
    150 0 2014 275  5.000   85.50    3.34    0.00    0.00    0.00
    151 0 2014 275  6.000   96.10    3.90    0.00    0.00    0.00
    152 0 2014 275  7.000  102.60    3.03    0.00    0.00    0.00
    153 0 2014 275  8.000  104.70    2.28    0.00    0.00    0.00
    154 0 2014 275  9.000  104.50    4.43    0.00    0.00    0.00
    155 0 2014 275 10.000   98.30    5.30    0.00    0.00    0.00
    156 0 2014 275 11.000   87.40    4.48    0.00    0.00    0.00
    157 0 2014 275 12.000   77.50    5.07    0.00    0.00    0.00
    158 0 2014 275 13.000   68.80    4.63    0.00    0.00    0.00
    159 0 2014 275 14.000   64.50    4.55    0.00    0.00    0.00
    160 0 2014 275 15.000   64.60    3.98    0.00    0.00    0.00
    161 0 2014 275 16.000   70.50    4.09    0.00    0.00    0.00
    162 0 2014 275 17.000   78.20    1.44    0.00    0.00    0.00
    163 0 2014 275 18.000   92.30    2.52    0.00    0.00    0.00
    164 0 2014 275 19.000  108.90    6.56    0.00    0.00    0.00
    165 0 2014 275 20.000  115.90    4.58    0.00    0.00    0.00
    166 0 2014 275 21.000  118.70    3.94    0.00    0.00    0.00
    167 0 2014 275 22.000  118.00    5.97    0.00    0.00    0.00
    168 0 2014 275 23.000  108.70    5.04    0.00    0.00    0.00
    169 0 2014 276  0.000   99.20    7.56    0.00    0.00    0.00
    170 0 2014 276  1.000   85.20    6.05    0.00    0.00    0.00
    171 0 2014 276  2.000   74.20    4.95    0.00    0.00    0.00
    172 0 2014 276  3.000   71.70    8.06    0.00    0.00    0.00
    173 0 2014 276  4.000   66.30    3.40    0.00    0.00    0.00
    174 0 2014 276  5.000   70.90    3.65    0.00    0.00    0.00
    175 0 2014 276  6.000   79.00    3.01    0.00    0.00    0.00
    176 0 2014 276  7.000   90.20    3.43    0.00    0.00    0.00
    177 0 2014 276  8.000   98.80    2.41    0.00    0.00    0.00
    178 0 2014 276  9.000  104.20    1.70    0.00    0.00    0.00
    179 0 2014 276 10.000  107.90    3.87    0.00    0.00    0.00
    180 0 2014 276 11.000  104.70    4.19    0.00    0.00    0.00
    181 0 2014 276 12.000   94.80    2.53    0.00    0.00    0.00
    182 0 2014 276 13.000   83.10    1.74    0.00    0.00    0.00
    183 0 2014 276 14.000   74.50    3.54    0.00    0.00    0.00
    184 0 2014 276 15.000   64.00    0.41    0.00    0.00    0.00
    185 0 2014 276 16.000   66.50    5.95    0.00    0.00    0.00
    186 0 2014 276 17.000   65.40    2.49    0.00    0.00    0.00
    187 0 2014 276 18.000   74.60    3.21    0.00    0.00    0.00
    188 0 2014 276 19.000   87.30    2.59    0.00    0.00    0.00
    189 0 2014 276 20.000  101.30    2.05    0.00    0.00    0.00
    190 0 2014 276 21.000  111.70    0.52    0.00    0.00    0.00
    191 0 2014 276 22.000  120.10    2.06    0.00    0.00    0.00
    192 0 2014 276 23.000  119.40    1.01    0.00    0.00    0.00
    193 0 2014 277  0.000  102.10   -9.44    0.00    0.00    0.00
    194 0 2014 277  1.000   97.60   -1.17    0.00    0.00    0.00
    195 0 2014 277  2.000   86.10    2.31    0.00    0.00    0.00
    196 0 2014 277  3.000   72.70    2.18    0.00    0.00    0.00
    197 0 2014 277  4.000   65.80    4.53    0.00    0.00    0.00
    198 0 2014 277  5.000   58.20    0.80    0.00    0.00    0.00
    199 0 2014 277  6.000   60.90    0.64    0.00    0.00    0.00
    200 0 2014 277  7.000   69.50   -0.41    0.00    0.00    0.00
    201 0 2014 277  8.000   81.70   -1.92    0.00    0.00    0.00
    202 0 2014 277  9.000   96.60   -0.65    0.00    0.00    0.00
    203 0 2014 277 10.000  106.00   -1.70    0.00    0.00    0.00
    204 0 2014 277 11.000  113.60    0.50    0.00    0.00    0.00
    205 0 2014 277 12.000  109.90   -1.86    0.00    0.00    0.00
    206 0 2014 277 13.000  100.90   -2.25    0.00    0.00    0.00
    207 0 2014 277 14.000   87.90   -1.73    0.00    0.00    0.00
    208 0 2014 277 15.000   76.80    1.37    0.00    0.00    0.00
    209 0 2014 277 16.000   59.60   -4.34    0.00    0.00    0.00
    210 0 2014 277 17.000   54.60   -2.64    0.00    0.00    0.00
    211 0 2014 277 18.000   56.90   -0.55    0.00    0.00    0.00
    212 0 2014 277 19.000   66.20    0.07    0.00    0.00    0.00
    213 0 2014 277 20.000   84.00    2.23    0.00    0.00    0.00
    214 0 2014 277 21.000   98.90   -0.89    0.00    0.00    0.00
    215 0 2014 277 22.000  115.60    0.20    0.00    0.00    0.00
    216 0 2014 277 23.000  126.00    0.59    0.00    0.00    0.00
    217 0 2014 278  0.000  128.80    1.41    0.00    0.00    0.00
    218 0 2014 278  1.000  115.80   -4.01    0.00    0.00    0.00
    219 0 2014 278  2.000  102.20   -1.94    0.00    0.00    0.00
    220 0 2014 278  3.000   84.60   -0.53    0.00    0.00    0.00
    221 0 2014 278  4.000   67.50   -0.30    0.00    0.00    0.00
    222 0 2014 278  5.000   56.00    0.75    0.00    0.00    0.00
    223 0 2014 278  6.000   47.90   -1.81    0.00    0.00    0.00
    224 0 2014 278  7.000   51.50   -1.86    0.00    0.00    0.00
    225 0 2014 278  8.000   65.80   -0.43    0.00    0.00    0.00
    226 0 2014 278  9.000   82.00   -2.55    0.00    0.00    0.00
    227 0 2014 278 10.000  100.60   -2.39    0.00    0.00    0.00
    228 0 2014 278 11.000  114.10   -3.43    0.00    0.00    0.00
    229 0 2014 278 12.000  123.60   -1.74    0.00    0.00    0.00
    230 0 2014 278 13.000  121.80   -2.08    0.00    0.00    0.00
    231 0 2014 278 14.000  111.70   -0.88    0.00    0.00    0.00
    232 0 2014 278 15.000   90.00   -4.81    0.00    0.00    0.00
    233 0 2014 278 16.000   74.80   -1.32    0.00    0.00    0.00
    234 0 2014 278 17.000   60.80   -0.05    0.00    0.00    0.00
    235 0 2014 278 18.000   51.40   -0.47    0.00    0.00    0.00
    236 0 2014 278 19.000   50.00   -2.05    0.00    0.00    0.00
    237 0 2014 278 20.000   60.50   -2.56    0.00    0.00    0.00
    238 0 2014 278 21.000   78.90   -3.60    0.00    0.00    0.00
    239 0 2014 278 22.000  102.50   -1.96    0.00    0.00    0.00
    240 0 2014 278 23.000  120.80   -2.36    0.00    0.00    0.00
    241 0 2014 279  0.000  131.40   -3.28    0.00    0.00    0.00
    242 0 2014 279  1.000  132.00   -4.00    0.00    0.00    0.00
    243 0 2014 279  2.000  123.70   -1.75    0.00    0.00    0.00
    244 0 2014 279  3.000   96.40   -8.98    0.00    0.00    0.00
    245 0 2014 279  4.000   76.70   -5.24    0.00    0.00    0.00
    246 0 2014 279  5.000   55.40   -5.87    0.00    0.00    0.00
    247 0 2014 279  6.000   41.90   -5.23    0.00    0.00    0.00
    248 0 2014 279  7.000   39.00   -3.29    0.00    0.00    0.00
    249 0 2014 279  8.000   43.10   -6.02    0.00    0.00    0.00
    250 0 2014 279  9.000   64.80   -2.10    0.00    0.00    0.00
    251 0 2014 279 10.000   87.80   -2.62    0.00    0.00    0.00
    252 0 2014 279 11.000  109.10   -3.94    0.00    0.00    0.00
    253 0 2014 279 12.000  122.80   -7.14    0.00    0.00    0.00
    254 0 2014 279 13.000  133.00   -4.77    0.00    0.00    0.00
    255 0 2014 279 14.000  127.70   -6.08    0.00    0.00    0.00
    256 0 2014 279 15.000  113.00   -5.07    0.00    0.00    0.00
    257 0 2014 279 16.000   89.80   -5.67    0.00    0.00    0.00
    258 0 2014 279 17.000   65.70   -7.23    0.00    0.00    0.00
    259 0 2014 279 18.000   53.40   -2.14    0.00    0.00    0.00
    260 0 2014 279 19.000   44.20   -2.31    0.00    0.00    0.00
    261 0 2014 279 20.000   43.10   -5.74    0.00    0.00    0.00
    262 0 2014 279 21.000   58.80   -4.90    0.00    0.00    0.00
    263 0 2014 279 22.000   84.00   -3.33    0.00    0.00    0.00
    264 0 2014 279 23.000  110.40   -1.95    0.00    0.00    0.00
    265 0 2014 280  0.000  130.40   -1.85    0.00    0.00    0.00
    266 0 2014 280  1.000  139.20   -3.72    0.00    0.00    0.00
    267 0 2014 280  2.000  135.10   -6.22    0.00    0.00    0.00
    268 0 2014 280  3.000  122.40   -3.91    0.00    0.00    0.00
    269 0 2014 280  4.000   96.50   -5.06    0.00    0.00    0.00
    270 0 2014 280  5.000   70.20   -4.55    0.00    0.00    0.00
    271 0 2014 280  6.000   43.80   -9.01    0.00    0.00    0.00
    272 0 2014 280  7.000   32.90   -6.69    0.00    0.00    0.00
    273 0 2014 280  8.000   35.70   -2.13    0.00    0.00    0.00
    274 0 2014 280  9.000   46.60   -2.94    0.00    0.00    0.00
    275 0 2014 280 10.000   70.50   -2.25    0.00    0.00    0.00
    276 0 2014 280 11.000  101.90    1.33    0.00    0.00    0.00
    277 0 2014 280 12.000  125.40    0.10    0.00    0.00    0.00
    278 0 2014 280 13.000  138.40   -3.57    0.00    0.00    0.00
    279 0 2014 280 14.000  146.20   -1.14    0.00    0.00    0.00
    280 0 2014 280 15.000  133.10   -5.93    0.00    0.00    0.00
    281 0 2014 280 16.000  116.40   -1.89    0.00    0.00    0.00
    282 0 2014 280 17.000   86.30   -5.39    0.00    0.00    0.00
    283 0 2014 280 18.000   63.70   -3.55    0.00    0.00    0.00
    284 0 2014 280 19.000   44.90   -5.22    0.00    0.00    0.00
    285 0 2014 280 20.000   39.10   -4.13    0.00    0.00    0.00
    286 0 2014 280 21.000   45.80   -3.50    0.00    0.00    0.00
    287 0 2014 280 22.000   63.80   -4.68    0.00    0.00    0.00
    288 0 2014 280 23.000   91.80   -3.55    0.00    0.00    0.00
    289 0 2014 281  0.000  119.30   -2.04    0.00    0.00    0.00
    290 0 2014 281  1.000  135.50   -4.43    0.00    0.00    0.00
    291 0 2014 281  2.000  145.70   -1.85    0.00    0.00    0.00
    292 0 2014 281  3.000  138.70   -2.90    0.00    0.00    0.00
    293 0 2014 281  4.000  118.80   -3.04    0.00    0.00    0.00
    294 0 2014 281  5.000   90.70   -2.88    0.00    0.00    0.00
    295 0 2014 281  6.000   63.60   -2.14    0.00    0.00    0.00
    296 0 2014 281  7.000   42.10   -3.12    0.00    0.00    0.00
    297 0 2014 281  8.000   29.20   -6.07    0.00    0.00    0.00
    298 0 2014 281  9.000   37.60   -0.62    0.00    0.00    0.00
    299 0 2014 281 10.000   51.60   -3.73    0.00    0.00    0.00
    300 0 2014 281 11.000   79.40   -3.62    0.00    0.00    0.00
    301 0 2014 281 12.000  109.70   -3.14    0.00    0.00    0.00
    302 0 2014 281 13.000  134.30   -2.57    0.00    0.00    0.00
    303 0 2014 281 14.000  147.40   -3.38    0.00    0.00    0.00
    304 0 2014 281 15.000  150.10   -1.80    0.00    0.00    0.00
    305 0 2014 281 16.000  137.50   -1.04    0.00    0.00    0.00
    306 0 2014 281 17.000  109.90   -3.63    0.00    0.00    0.00
    307 0 2014 281 18.000   81.70   -3.31    0.00    0.00    0.00
    308 0 2014 281 19.000   60.50   -0.77    0.00    0.00    0.00
    309 0 2014 281 20.000   40.40   -6.25    0.00    0.00    0.00
    310 0 2014 281 21.000   41.30   -2.14    0.00    0.00    0.00
    311 0 2014 281 22.000   51.60   -2.24    0.00    0.00    0.00
    312 0 2014 281 23.000   73.10   -3.51    0.00    0.00    0.00
    313 0 2014 282  0.000  100.30   -4.33    0.00    0.00    0.00
    314 0 2014 282  1.000  128.50   -0.46    0.00    0.00    0.00
    315 0 2014 282  2.000  143.30   -0.76    0.00    0.00    0.00
    316 0 2014 282  3.000  146.50   -0.80    0.00    0.00    0.00
    317 0 2014 282  4.000  139.10    2.43    0.00    0.00    0.00
    318 0 2014 282  5.000  113.40    0.22    0.00    0.00    0.00
    319 0 2014 282  6.000   84.90    1.13    0.00    0.00    0.00
    320 0 2014 282  7.000   60.10    2.33    0.00    0.00    0.00
    321 0 2014 282  8.000   41.00   -0.04    0.00    0.00    0.00
    322 0 2014 282  9.000   37.60    1.80    0.00    0.00    0.00
    323 0 2014 282 10.000   47.40    3.45    0.00    0.00    0.00
    324 0 2014 282 11.000   66.60    0.92    0.00    0.00    0.00
    325 0 2014 282 12.000   96.10    0.51    0.00    0.00    0.00
    326 0 2014 282 13.000  124.70    0.29    0.00    0.00    0.00
    327 0 2014 282 14.000  145.90    0.77    0.00    0.00    0.00
    328 0 2014 282 15.000  157.40    2.80    0.00    0.00    0.00
    329 0 2014 282 16.000  153.00    2.27    0.00    0.00    0.00
    330 0 2014 282 17.000  132.80   -0.05    0.00    0.00    0.00
    331 0 2014 282 18.000  108.20    2.67    0.00    0.00    0.00
    332 0 2014 282 19.000   81.80    3.96    0.00    0.00    0.00
    333 0 2014 282 20.000   62.10    4.96    0.00    0.00    0.00
    334 0 2014 282 21.000   49.60    3.14    0.00    0.00    0.00
    335 0 2014 282 22.000   48.60    1.05    0.00    0.00    0.00
    336 0 2014 282 23.000   63.60    1.76    0.00    0.00    0.00
    337 0 2014 283  0.000   88.60    2.22    0.00    0.00    0.00
    338 0 2014 283  1.000  114.30    1.37    0.00    0.00    0.00
    339 0 2014 283  2.000  134.90    1.52    0.00    0.00    0.00
    340 0 2014 283  3.000  145.30    1.50    0.00    0.00    0.00
    341 0 2014 283  4.000  145.60    3.20    0.00    0.00    0.00
    342 0 2014 283  5.000  132.20    4.33    0.00    0.00    0.00
    343 0 2014 283  6.000  105.00    2.27    0.00    0.00    0.00
    344 0 2014 283  7.000   78.70    3.67    0.00    0.00    0.00
    345 0 2014 283  8.000   56.20    2.93    0.00    0.00    0.00
    346 0 2014 283  9.000   43.10    1.52    0.00    0.00    0.00
    347 0 2014 283 10.000   46.10    4.71    0.00    0.00    0.00
    348 0 2014 283 11.000   59.40    5.28    0.00    0.00    0.00
    349 0 2014 283 12.000   83.10    4.59    0.00    0.00    0.00
    350 0 2014 283 13.000  111.40    3.69    0.00    0.00    0.00
    351 0 2014 283 14.000  133.10    0.24    0.00    0.00    0.00
    352 0 2014 283 15.000  151.20    2.53    0.00    0.00    0.00
    353 0 2014 283 16.000  158.80    5.70    0.00    0.00    0.00
    354 0 2014 283 17.000  149.70    5.11    0.00    0.00    0.00
    355 0 2014 283 18.000  128.50    4.69    0.00    0.00    0.00
    356 0 2014 283 19.000  100.00    3.16    0.00    0.00    0.00
    357 0 2014 283 20.000   69.20   -3.24    0.00    0.00    0.00
    358 0 2014 283 21.000   61.50    5.30    0.00    0.00    0.00
    359 0 2014 283 22.000   55.30    5.36    0.00    0.00    0.00
    360 0 2014 283 23.000   58.50    3.42    0.00    0.00    0.00
    361 0 2014 284  0.000   75.60    3.70    0.00    0.00    0.00
    362 0 2014 284  1.000  100.90    5.06    0.00    0.00    0.00
    363 0 2014 284  2.000  123.30    4.66    0.00    0.00    0.00
    364 0 2014 284  3.000  136.20    2.18    0.00    0.00    0.00
    365 0 2014 284  4.000  142.60    2.95    0.00    0.00    0.00
    366 0 2014 284  5.000  137.40    3.16    0.00    0.00    0.00
    367 0 2014 284  6.000  118.60    1.17    0.00    0.00    0.00
    368 0 2014 284  7.000   97.70    4.48    0.00    0.00    0.00
    369 0 2014 284  8.000   72.30    2.65    0.00    0.00    0.00
    370 0 2014 284  9.000   56.00    2.66    0.00    0.00    0.00
    371 0 2014 284 10.000   48.70    1.92    0.00    0.00    0.00
    372 0 2014 284 11.000   51.00   -0.03    0.00    0.00    0.00
    373 0 2014 284 12.000   70.20    3.38    0.00    0.00    0.00
    374 0 2014 284 13.000   93.70    2.40    0.00    0.00    0.00
    375 0 2014 284 14.000  118.70    1.60    0.00    0.00    0.00
    376 0 2014 284 15.000  137.60    0.61    0.00    0.00    0.00
    377 0 2014 284 16.000  145.80   -1.69    0.00    0.00    0.00
    378 0 2014 284 17.000  146.40   -0.85    0.00    0.00    0.00
    379 0 2014 284 18.000  136.10    0.73    0.00    0.00    0.00
    380 0 2014 284 19.000  117.90    3.87    0.00    0.00    0.00
    381 0 2014 284 20.000   94.00    4.07    0.00    0.00    0.00
    382 0 2014 284 21.000   73.20    2.89    0.00    0.00    0.00
    383 0 2014 284 22.000   65.40    6.58    0.00    0.00    0.00
    384 0 2014 284 23.000   62.40    5.71    0.00    0.00    0.00
    385 0 2014 285  0.000   69.10    4.19    0.00    0.00    0.00
    386 0 2014 285  1.000   85.50    3.18    0.00    0.00    0.00
    387 0 2014 285  2.000  104.80    1.40    0.00    0.00    0.00
    388 0 2014 285  3.000  123.40    2.25    0.00    0.00    0.00
    389 0 2014 285  4.000  132.90    1.45    0.00    0.00    0.00
    390 0 2014 285  5.000  133.80    0.86    0.00    0.00    0.00
    391 0 2014 285  6.000  127.60    2.82    0.00    0.00    0.00
    392 0 2014 285  7.000  111.00    3.20    0.00    0.00    0.00
    393 0 2014 285  8.000   89.80    2.95    0.00    0.00    0.00
    394 0 2014 285  9.000   72.10    3.40    0.00    0.00    0.00
    395 0 2014 285 10.000   62.20    4.44    0.00    0.00    0.00
    396 0 2014 285 11.000   61.20    5.63    0.00    0.00    0.00
    397 0 2014 285 12.000   67.50    4.48    0.00    0.00    0.00
    398 0 2014 285 13.000   81.50    1.73    0.00    0.00    0.00
    399 0 2014 285 14.000  104.10    2.27    0.00    0.00    0.00
    400 0 2014 285 15.000  124.70    2.11    0.00    0.00    0.00
    401 0 2014 285 16.000  141.80    4.86    0.00    0.00    0.00
    402 0 2014 285 17.000  147.10    4.38    0.00    0.00    0.00
    403 0 2014 285 18.000  140.00    1.10    0.00    0.00    0.00
    404 0 2014 285 19.000  127.50    1.94    0.00    0.00    0.00
    405 0 2014 285 20.000  109.00    2.94    0.00    0.00    0.00
    406 0 2014 285 21.000   89.40    2.94    0.00    0.00    0.00
    407 0 2014 285 22.000   74.90    3.02    0.00    0.00    0.00
    408 0 2014 285 23.000   66.40    1.77    0.00    0.00    0.00
    409 0 2014 286  0.000   67.50    1.72    0.00    0.00    0.00
    410 0 2014 286  1.000   75.30   -0.25    0.00    0.00    0.00
    411 0 2014 286  2.000   91.70    0.24    0.00    0.00    0.00
    412 0 2014 286  3.000  108.20    0.01    0.00    0.00    0.00
    413 0 2014 286  4.000  121.00    0.21    0.00    0.00    0.00
    414 0 2014 286  5.000  127.30    0.49    0.00    0.00    0.00
    415 0 2014 286  6.000  130.30    5.01    0.00    0.00    0.00
    416 0 2014 286  7.000  121.90    5.87    0.00    0.00    0.00
    417 0 2014 286  8.000  107.00    6.02    0.00    0.00    0.00
    418 0 2014 286  9.000   90.50    5.77    0.00    0.00    0.00
    419 0 2014 286 10.000   77.80    5.81    0.00    0.00    0.00
    420 0 2014 286 11.000   68.70    3.25    0.00    0.00    0.00
    421 0 2014 286 12.000   68.20    1.80    0.00    0.00    0.00
    422 0 2014 286 13.000   76.70    1.32    0.00    0.00    0.00
    423 0 2014 286 14.000   93.80    2.86    0.00    0.00    0.00
    424 0 2014 286 15.000  114.90    6.04    0.00    0.00    0.00
    425 0 2014 286 16.000  129.20    4.96    0.00    0.00    0.00
    426 0 2014 286 17.000  138.90    5.05    0.00    0.00    0.00
    427 0 2014 286 18.000  141.80    5.72    0.00    0.00    0.00
    428 0 2014 286 19.000  135.60    5.31    0.00    0.00    0.00
    429 0 2014 286 20.000  121.60    3.97    0.00    0.00    0.00
    430 0 2014 286 21.000  105.20    3.48    0.00    0.00    0.00
    431 0 2014 286 22.000   88.50    1.48    0.00    0.00    0.00
    432 0 2014 286 23.000   80.30    3.55    0.00    0.00    0.00
    433 0 2014 287  0.000   71.90   -0.81    0.00    0.00    0.00
    434 0 2014 287  1.000   78.70    2.89    0.00    0.00    0.00
    435 0 2014 287  2.000   86.50    1.20    0.00    0.00    0.00
    436 0 2014 287  3.000   98.80    0.71    0.00    0.00    0.00
    437 0 2014 287  4.000  109.00   -1.13    0.00    0.00    0.00
    438 0 2014 287  5.000  119.80    1.37    0.00    0.00    0.00
    439 0 2014 287  6.000  121.30   -0.09    0.00    0.00    0.00
    440 0 2014 287  7.000  117.50   -0.82    0.00    0.00    0.00
    441 0 2014 287  8.000  106.00   -3.80    0.00    0.00    0.00
    442 0 2014 287  9.000   91.70   -6.52    0.00    0.00    0.00
    443 0 2014 287 10.000   79.60   -7.29    0.00    0.00    0.00
    444 0 2014 287 11.000   68.20  -10.30    0.00    0.00    0.00
    445 0 2014 287 12.000   65.50   -9.46    0.00    0.00    0.00
    446 0 2014 287 13.000   69.00   -8.55    0.00    0.00    0.00
    447 0 2014 287 14.000   75.00  -11.24    0.00    0.00    0.00
    448 0 2014 287 15.000   92.00   -6.91    0.00    0.00    0.00
    449 0 2014 287 16.000  104.10   -8.09    0.00    0.00    0.00
    450 0 2014 287 17.000  116.00   -7.03    0.00    0.00    0.00
    451 0 2014 287 18.000  125.10   -4.18    0.00    0.00    0.00
    452 0 2014 287 19.000  126.00   -3.51    0.00    0.00    0.00
    453 0 2014 287 20.000  120.80   -2.84    0.00    0.00    0.00
    454 0 2014 287 21.000  111.20   -2.23    0.00    0.00    0.00
    455 0 2014 287 22.000   99.40   -2.31    0.00    0.00    0.00
    456 0 2014 287 23.000   86.60   -4.52    0.00    0.00    0.00
    457 0 2014 288  0.000   77.00   -6.82    0.00    0.00    0.00
    458 0 2014 288  1.000   75.20   -6.40    0.00    0.00    0.00
    459 1 2014 288  2.000   71.90    0.00    0.00    0.00    0.00
    460 1 2014 288  3.000   77.30    0.00    0.00    0.00    0.00
    461 1 2014 288  4.000   84.40    0.00    0.00    0.00    0.00
    462 1 2014 288  5.000   92.90    0.00    0.00    0.00    0.00
    463 1 2014 288  6.000  101.60    0.00    0.00    0.00    0.00
    464 0 2014 288  7.000  106.00  -10.53    0.00    0.00    0.00
    465 0 2014 288  8.000  102.60  -11.00    0.00    0.00    0.00
    466 0 2014 288  9.000   99.50   -7.89    0.00    0.00    0.00
    467 0 2014 288 10.000   94.80   -5.01    0.00    0.00    0.00
    468 0 2014 288 11.000   92.00   -0.48    0.00    0.00    0.00
    469 0 2014 288 12.000   86.00   -0.84    0.00    0.00    0.00
    470 0 2014 288 13.000   86.10    1.42    0.00    0.00    0.00
    471 0 2014 288 14.000   86.80   -0.47    0.00    0.00    0.00
    472 0 2014 288 15.000   92.80   -1.27    0.00    0.00    0.00
    473 0 2014 288 16.000  101.70   -1.45    0.00    0.00    0.00
    474 0 2014 288 17.000  112.10   -0.39    0.00    0.00    0.00
    475 0 2014 288 18.000  118.60   -1.77    0.00    0.00    0.00
    476 0 2014 288 19.000  124.00   -0.96    0.00    0.00    0.00
    477 0 2014 288 20.000  121.10   -3.85    0.00    0.00    0.00
    478 0 2014 288 21.000  115.20   -5.46    0.00    0.00    0.00
    479 0 2014 288 22.000  108.60   -5.06    0.00    0.00    0.00
    480 0 2014 288 23.000  102.10   -3.35    0.00    0.00    0.00
    481 0 2014 289  0.000   94.40   -2.99    0.00    0.00    0.00
    482 0 2014 289  1.000   89.20   -2.19    0.00    0.00    0.00
    483 0 2014 289  2.000   85.20   -4.13    0.00    0.00    0.00
    484 0 2014 289  3.000   86.20   -5.24    0.00    0.00    0.00
    485 0 2014 289  4.000   95.70   -0.52    0.00    0.00    0.00
    486 0 2014 289  5.000  101.40   -0.62    0.00    0.00    0.00
    487 0 2014 289  6.000  109.10    1.38    0.00    0.00    0.00
    488 0 2014 289  7.000  115.10    3.06    0.00    0.00    0.00
    489 0 2014 289  8.000  120.20    6.50    0.00    0.00    0.00
    490 0 2014 289  9.000  120.30    7.82    0.00    0.00    0.00
    491 0 2014 289 10.000  117.00    7.66    0.00    0.00    0.00
    492 0 2014 289 11.000  111.90    6.81    0.00    0.00    0.00
    493 0 2014 289 12.000  102.80    2.74    0.00    0.00    0.00
    494 0 2014 289 13.000  100.40    5.08    0.00    0.00    0.00
    495 0 2014 289 14.000   94.10    1.23    0.00    0.00    0.00
    496 0 2014 289 15.000   92.40   -1.55    0.00    0.00    0.00
    497 0 2014 289 16.000   98.80    0.75    0.00    0.00    0.00
    498 0 2014 289 17.000  101.10   -2.93    0.00    0.00    0.00
    499 0 2014 289 18.000  108.40   -2.63    0.00    0.00    0.00
    500 0 2014 289 19.000  117.40   -0.43    0.00    0.00    0.00
    501 0 2014 289 20.000  120.90   -1.64    0.00    0.00    0.00
    502 0 2014 289 21.000  121.10   -2.75    0.00    0.00    0.00
    503 0 2014 289 22.000  119.40   -2.58    0.00    0.00    0.00
    504 0 2014 289 23.000  117.00   -0.65    0.00    0.00    0.00
    505 0 2014 290  0.000  109.50   -1.77    0.00    0.00    0.00
    506 0 2014 290  1.000  104.10    0.34    0.00    0.00    0.00
    507 0 2014 290  2.000   96.20   -1.07    0.00    0.00    0.00
    508 0 2014 290  3.000   91.50   -2.35    0.00    0.00    0.00
    509 0 2014 290  4.000   91.10   -2.68    0.00    0.00    0.00
    510 0 2014 290  5.000   93.40   -2.76    0.00    0.00    0.00
    511 0 2014 290  6.000   99.30   -1.01    0.00    0.00    0.00
    512 0 2014 290  7.000  103.40   -2.24    0.00    0.00    0.00
    513 0 2014 290  8.000  109.10   -1.70    0.00    0.00    0.00
    514 0 2014 290  9.000  111.30   -2.98    0.00    0.00    0.00
    515 0 2014 290 10.000  114.60   -1.06    0.00    0.00    0.00
    516 0 2014 290 11.000  109.00   -6.16    0.00    0.00    0.00
    517 0 2014 290 12.000  112.40   -0.17    0.00    0.00    0.00
    518 0 2014 290 13.000  110.70    2.95    0.00    0.00    0.00
    519 0 2014 290 14.000  106.60    4.57    0.00    0.00    0.00
    520 0 2014 290 15.000  100.80    3.01    0.00    0.00    0.00
    521 0 2014 290 16.000  104.70    8.17    0.00    0.00    0.00
    522 0 2014 290 17.000  102.80    4.53    0.00    0.00    0.00
    523 0 2014 290 18.000  109.20    6.54    0.00    0.00    0.00
    524 0 2014 290 19.000  111.60    2.27    0.00    0.00    0.00
    525 0 2014 290 20.000  119.40    2.46    0.00    0.00    0.00
    526 0 2014 290 21.000  127.90    4.63    0.00    0.00    0.00
    527 0 2014 290 22.000  128.80    2.12    0.00    0.00    0.00
    528 0 2014 290 23.000  129.80    3.03    0.00    0.00    0.00
    529 0 2014 291  0.000  125.80    2.36    0.00    0.00    0.00
    530 0 2014 291  1.000  119.90    3.20    0.00    0.00    0.00
    531 0 2014 291  2.000  109.70    1.95    0.00    0.00    0.00
    532 0 2014 291  3.000  100.40    1.13    0.00    0.00    0.00
    533 0 2014 291  4.000   93.90    0.21    0.00    0.00    0.00
    534 0 2014 291  5.000   93.50    1.70    0.00    0.00    0.00
    535 0 2014 291  6.000   93.80    0.45    0.00    0.00    0.00
    536 0 2014 291  7.000   95.60   -2.46    0.00    0.00    0.00
    537 0 2014 291  8.000  105.10   -0.06    0.00    0.00    0.00
    538 0 2014 291  9.000  111.40   -1.44    0.00    0.00    0.00
    539 0 2014 291 10.000  118.80   -0.27    0.00    0.00    0.00
    540 0 2014 291 11.000  122.60   -0.11    0.00    0.00    0.00
    541 0 2014 291 12.000  121.00   -2.23    0.00    0.00    0.00
    542 0 2014 291 13.000  115.20   -4.84    0.00    0.00    0.00
    543 0 2014 291 14.000  109.50   -3.84    0.00    0.00    0.00
    544 0 2014 291 15.000  103.50   -1.59    0.00    0.00    0.00
    545 0 2014 291 16.000   97.20   -1.07    0.00    0.00    0.00
    546 0 2014 291 17.000   93.10   -1.85    0.00    0.00    0.00
    547 0 2014 291 18.000   92.90   -2.85    0.00    0.00    0.00
    548 0 2014 291 19.000  101.60    0.98    0.00    0.00    0.00
    549 0 2014 291 20.000  107.40   -1.54    0.00    0.00    0.00
    550 0 2014 291 21.000  120.00    1.17    0.00    0.00    0.00
    551 0 2014 291 22.000  123.80   -3.66    0.00    0.00    0.00
    552 0 2014 291 23.000  133.70    1.19    0.00    0.00    0.00
    553 0 2014 292  0.000  132.60   -0.28    0.00    0.00    0.00
    554 0 2014 292  1.000  125.90   -2.36    0.00    0.00    0.00
    555 0 2014 292  2.000  121.20    2.16    0.00    0.00    0.00
    556 0 2014 292  3.000  108.00    0.83    0.00    0.00    0.00
    557 0 2014 292  4.000   98.50    2.44    0.00    0.00    0.00
    558 0 2014 292  5.000   91.50    2.72    0.00    0.00    0.00
    559 0 2014 292  6.000   89.10    2.41    0.00    0.00    0.00
    560 0 2014 292  7.000   90.30    0.58    0.00    0.00    0.00
    561 0 2014 292  8.000   99.60    2.33    0.00    0.00    0.00
    562 0 2014 292  9.000  110.30    2.41    0.00    0.00    0.00
    563 0 2014 292 10.000  121.10    2.15    0.00    0.00    0.00
    564 0 2014 292 11.000  129.00    1.44    0.00    0.00    0.00
    565 0 2014 292 12.000  130.20   -1.66    0.00    0.00    0.00
    566 0 2014 292 13.000  132.30    1.25    0.00    0.00    0.00
    567 0 2014 292 14.000  122.90   -2.11    0.00    0.00    0.00
    568 0 2014 292 15.000  111.00   -3.77    0.00    0.00    0.00
    569 0 2014 292 16.000  100.00   -3.24    0.00    0.00    0.00
    570 0 2014 292 17.000   92.30   -1.89    0.00    0.00    0.00
    571 0 2014 292 18.000   87.30   -2.95    0.00    0.00    0.00
    572 0 2014 292 19.000   89.40   -2.77    0.00    0.00    0.00
    573 0 2014 292 20.000   96.60   -2.94    0.00    0.00    0.00
    574 0 2014 292 21.000  105.80   -5.17    0.00    0.00    0.00
    575 0 2014 292 22.000  118.70   -5.03    0.00    0.00    0.00
    576 0 2014 292 23.000  128.70   -5.39    0.00    0.00    0.00
    577 0 2014 293  0.000  134.60   -4.47    0.00    0.00    0.00
    578 0 2014 293  1.000  131.40   -6.02    0.00    0.00    0.00
    579 0 2014 293  2.000  126.50   -2.85    0.00    0.00    0.00
    580 0 2014 293  3.000  112.40   -3.79    0.00    0.00    0.00
    581 0 2014 293  4.000   91.70   -9.23    0.00    0.00    0.00
    582 0 2014 293  5.000   83.60   -4.26    0.00    0.00    0.00
    583 0 2014 293  6.000   77.90   -2.76    0.00    0.00    0.00
    584 0 2014 293  7.000   76.10   -4.63    0.00    0.00    0.00
    585 0 2014 293  8.000   83.70   -3.87    0.00    0.00    0.00
    586 0 2014 293  9.000   96.50   -3.20    0.00    0.00    0.00
    587 0 2014 293 10.000  111.30   -3.30    0.00    0.00    0.00
    588 0 2014 293 11.000  124.10   -4.45    0.00    0.00    0.00
    589 0 2014 293 12.000  135.60   -2.24    0.00    0.00    0.00
    590 0 2014 293 13.000  136.40   -3.98    0.00    0.00    0.00
    591 0 2014 293 14.000  132.40   -3.49    0.00    0.00    0.00
    592 0 2014 293 15.000  122.10   -3.18    0.00    0.00    0.00
    593 0 2014 293 16.000  110.30   -0.51    0.00    0.00    0.00
    594 0 2014 293 17.000   97.50    1.01    0.00    0.00    0.00
    595 0 2014 293 18.000   86.40   -0.33    0.00    0.00    0.00
    596 0 2014 293 19.000   82.20   -2.07    0.00    0.00    0.00
    597 0 2014 293 20.000   91.40    2.06    0.00    0.00    0.00
    598 0 2014 293 21.000  104.40    3.77    0.00    0.00    0.00
    599 0 2014 293 22.000  114.90   -0.77    0.00    0.00    0.00
    600 0 2014 293 23.000  131.40    0.79    0.00    0.00    0.00
    601 0 2014 294  0.000  145.40    4.46    0.00    0.00    0.00
    602 0 2014 294  1.000  146.60    3.06    0.00    0.00    0.00
    603 0 2014 294  2.000  141.00    3.26    0.00    0.00    0.00
    604 0 2014 294  3.000  128.00    3.18    0.00    0.00    0.00
    605 0 2014 294  4.000  109.80    2.40    0.00    0.00    0.00
    606 0 2014 294  5.000   91.90    2.24    0.00    0.00    0.00
    607 0 2014 294  6.000   77.70    1.11    0.00    0.00    0.00
    608 0 2014 294  7.000   73.20    1.31    0.00    0.00    0.00
    609 0 2014 294  8.000   75.10   -1.33    0.00    0.00    0.00
    610 0 2014 294  9.000   89.90    1.17    0.00    0.00    0.00
    611 0 2014 294 10.000  106.30    0.24    0.00    0.00    0.00
    612 0 2014 294 11.000  123.80   -0.77    0.00    0.00    0.00
    613 0 2014 294 12.000  139.60    0.05    0.00    0.00    0.00
    614 0 2014 294 13.000  149.50    2.47    0.00    0.00    0.00
    615 0 2014 294 14.000  145.60    0.18    0.00    0.00    0.00
    616 0 2014 294 15.000  137.10    1.56    0.00    0.00    0.00
    617 0 2014 294 16.000  118.70   -1.02    0.00    0.00    0.00
    618 0 2014 294 17.000  101.50   -0.16    0.00    0.00    0.00
    619 0 2014 294 18.000   87.10    0.87    0.00    0.00    0.00
    620 0 2014 294 19.000   79.90    1.94    0.00    0.00    0.00
    621 1 2014 294 20.000 9999.99    0.00    0.00    0.00    0.00
    622 1 2014 294 21.000 9999.99    0.00    0.00    0.00    0.00
    623 1 2014 294 22.000 9999.99    0.00    0.00    0.00    0.00
    624 0 2014 294 23.000  126.10    3.98    0.00    0.00    0.00
    625 0 2014 295  0.000  142.20    4.82    0.00    0.00    0.00
    626 0 2014 295  1.000  149.80    4.42    0.00    0.00    0.00
    627 0 2014 295  2.000  147.70    4.15    0.00    0.00    0.00
    628 0 2014 295  3.000  136.40    4.09    0.00    0.00    0.00
    629 0 2014 295  4.000  119.25    4.92    0.00    0.00    0.00
    630 0 2014 295  5.000   99.00    5.27    0.00    0.00    0.00
    631 0 2014 295  6.000   79.20    3.57    0.00    0.00    0.00
    632 0 2014 295  7.000   68.60    3.54    0.00    0.00    0.00
    633 0 2014 295  8.000   69.80    4.72    0.00    0.00    0.00
    634 0 2014 295  9.000   78.30    2.73    0.00    0.00    0.00
    635 0 2014 295 10.000   97.30    3.51    0.00    0.00    0.00
    636 0 2014 295 11.000  118.90    3.40    0.00    0.00    0.00
    637 0 2014 295 12.000  136.70    1.09    0.00    0.00    0.00
    638 0 2014 295 13.000  153.00    3.95    0.00    0.00    0.00
    639 0 2014 295 14.000  155.30    2.95    0.00    0.00    0.00
    640 0 2014 295 15.000  149.30    4.35    0.00    0.00    0.00
    641 0 2014 295 16.000  133.30    4.20    0.00    0.00    0.00
    642 0 2014 295 17.000  109.90    1.11    0.00    0.00    0.00
    643 0 2014 295 18.000   91.60    2.60    0.00    0.00    0.00
    644 0 2014 295 19.000   75.50    0.72    0.00    0.00    0.00
    645 0 2014 295 20.000   73.50    3.51    0.00    0.00    0.00
    646 0 2014 295 21.000   79.10    3.30    0.00    0.00    0.00
    647 0 2014 295 22.000   94.00    3.65    0.00    0.00    0.00
    648 0 2014 295 23.000  114.40    4.81    0.00    0.00    0.00
    649 0 2014 296  0.000  131.20    2.76    0.00    0.00    0.00
    650 0 2014 296  1.000  146.00    4.27    0.00    0.00    0.00
    651 0 2014 296  2.000  147.80    2.38    0.00    0.00    0.00
    652 0 2014 296  3.000  142.80    4.79    0.00    0.00    0.00
    653 0 2014 296  4.000  124.20    2.98    0.00    0.00    0.00
    654 0 2014 296  5.000  104.50    5.18    0.00    0.00    0.00
    655 0 2014 296  6.000   83.10    5.35    0.00    0.00    0.00
    656 0 2014 296  7.000   67.30    5.44    0.00    0.00    0.00
    657 0 2014 296  8.000   62.30    6.38    0.00    0.00    0.00
    658 0 2014 296  9.000   65.90    3.98    0.00    0.00    0.00
    659 0 2014 296 10.000   77.20   -1.45    0.00    0.00    0.00
    660 0 2014 296 11.000  104.20    2.33    0.00    0.00    0.00
    661 0 2014 296 12.000  128.90    3.06    0.00    0.00    0.00
    662 0 2014 296 13.000  151.10    6.21    0.00    0.00    0.00
    663 0 2014 296 14.000  161.80    7.35    0.00    0.00    0.00
    664 0 2014 296 15.000  162.20   10.13    0.00    0.00    0.00
    665 0 2014 296 16.000  146.50    8.10    0.00    0.00    0.00
    666 0 2014 296 17.000  127.00    9.69    0.00    0.00    0.00
    667 0 2014 296 18.000  103.40    8.93    0.00    0.00    0.00
    668 0 2014 296 19.000   80.60    5.21    0.00    0.00    0.00
    669 0 2014 296 20.000   68.60    4.18    0.00    0.00    0.00
    670 0 2014 296 21.000   66.30    1.96    0.00    0.00    0.00
    671 0 2014 296 22.000   78.50    3.20    0.00    0.00    0.00
    672 0 2014 296 23.000   99.60    5.52    0.00    0.00    0.00
    673 0 2014 297  0.000  118.50    3.40    0.00    0.00    0.00
    674 0 2014 297  1.000  136.80    4.20    0.00    0.00    0.00
    675 0 2014 297  2.000  145.60    3.58    0.00    0.00    0.00
    676 0 2014 297  3.000  144.70    4.27    0.00    0.00    0.00
    677 0 2014 297  4.000  132.60    5.17    0.00    0.00    0.00
    678 0 2014 297  5.000  110.30    4.15    0.00    0.00    0.00
    679 0 2014 297  6.000   88.50    6.01    0.00    0.00    0.00
    680 0 2014 297  7.000   68.70    6.14    0.00    0.00    0.00
    681 0 2014 297  8.000   55.80    4.86    0.00    0.00    0.00
    682 0 2014 297  9.000   56.60    5.94    0.00    0.00    0.00
    683 0 2014 297 10.000   68.80    6.07    0.00    0.00    0.00
    684 0 2014 297 11.000   88.40    3.65    0.00    0.00    0.00
    685 0 2014 297 12.000  116.00    5.10    0.00    0.00    0.00
    686 0 2014 297 13.000  136.80    2.37    0.00    0.00    0.00
    687 0 2014 297 14.000  152.40    2.32    0.00    0.00    0.00
    688 0 2014 297 15.000  157.80    3.38    0.00    0.00    0.00
    689 0 2014 297 16.000  149.80    3.79    0.00    0.00    0.00
    690 0 2014 297 17.000  128.20    1.43    0.00    0.00    0.00
    691 0 2014 297 18.000  103.50    1.14    0.00    0.00    0.00
    692 0 2014 297 19.000   83.80    4.27    0.00    0.00    0.00
    693 0 2014 297 20.000   67.50    4.20    0.00    0.00    0.00
    694 0 2014 297 21.000   62.40    5.66    0.00    0.00    0.00
    695 0 2014 297 22.000   65.00    3.39    0.00    0.00    0.00
