                                                                                
                                                                                
                                                                                
                                                                                
                                                                                
                                                                                
                                                                                
                                                                                
                                                                                
                                                                                
                                                                                
                                                                                
                                                                                
                                                                                
                                                                                
                                                                                
                                                                                
                                                                                
                                                                                
                                                                                
      1 1 2014 269  0.000 9999.99    0.00    0.00    0.00    0.00
      2 0 2014 269  1.000  146.80   -3.25    0.00    0.00    0.00
      3 0 2014 269  2.000  179.60   -2.73    0.00    0.00    0.00
      4 0 2014 269  3.000  203.20   -1.51    0.00    0.00    0.00
      5 0 2014 269  4.000  206.60   -3.35    0.00    0.00    0.00
      6 0 2014 269  5.000  196.30   -2.45    0.00    0.00    0.00
      7 0 2014 269  6.000  171.00   -3.87    0.00    0.00    0.00
      8 0 2014 269  7.000  137.90   -4.65    0.00    0.00    0.00
      9 0 2014 269  8.000  106.30   -3.14    0.00    0.00    0.00
     10 0 2014 269  9.000   83.20   -2.58    0.00    0.00    0.00
     11 0 2014 269 10.000   75.30   -2.33    0.00    0.00    0.00
     12 0 2014 269 11.000   79.80   -4.78    0.00    0.00    0.00
     13 0 2014 269 12.000  100.20   -4.48    0.00    0.00    0.00
     14 0 2014 269 13.000  131.10   -5.20    0.00    0.00    0.00
     15 0 2014 269 14.000  167.80   -5.31    0.00    0.00    0.00
     16 0 2014 269 15.000  197.00   -6.00    0.00    0.00    0.00
     17 0 2014 269 16.000  211.90   -4.18    0.00    0.00    0.00
     18 0 2014 269 17.000  202.40   -8.51    0.00    0.00    0.00
     19 0 2014 269 18.000  184.00   -7.11    0.00    0.00    0.00
     20 0 2014 269 19.000  153.50   -7.47    0.00    0.00    0.00
     21 0 2014 269 20.000  119.50   -7.72    0.00    0.00    0.00
     22 0 2014 269 21.000   92.30   -7.69    0.00    0.00    0.00
     23 0 2014 269 22.000   81.60   -5.33    0.00    0.00    0.00
     24 0 2014 269 23.000   82.50   -6.14    0.00    0.00    0.00
     25 0 2014 270  0.000   96.10   -6.56    0.00    0.00    0.00
     26 0 2014 270  1.000  122.30   -5.24    0.00    0.00    0.00
     27 0 2014 270  2.000  155.20   -3.98    0.00    0.00    0.00
     28 0 2014 270  3.000  183.10   -4.23    0.00    0.00    0.00
     29 0 2014 270  4.000  195.60   -5.69    0.00    0.00    0.00
     30 0 2014 270  5.000  191.20   -6.57    0.00    0.00    0.00
     31 0 2014 270  6.000  170.30   -9.47    0.00    0.00    0.00
     32 0 2014 270  7.000  144.80   -6.58    0.00    0.00    0.00
     33 0 2014 270  8.000  108.70   -9.39    0.00    0.00    0.00
     34 0 2014 270  9.000   81.00   -8.16    0.00    0.00    0.00
     35 0 2014 270 10.000   67.10   -6.38    0.00    0.00    0.00
     36 0 2014 270 11.000   66.50   -7.06    0.00    0.00    0.00
     37 0 2014 270 12.000   80.60   -6.67    0.00    0.00    0.00
     38 0 2014 270 13.000  108.10   -4.82    0.00    0.00    0.00
     39 0 2014 270 14.000  141.10   -6.43    0.00    0.00    0.00
     40 0 2014 270 15.000  175.60   -6.46    0.00    0.00    0.00
     41 0 2014 270 16.000  200.70   -3.88    0.00    0.00    0.00
     42 0 2014 270 17.000  204.40   -4.59    0.00    0.00    0.00
     43 0 2014 270 18.000  191.30   -5.51    0.00    0.00    0.00
     44 0 2014 270 19.000  169.00   -3.10    0.00    0.00    0.00
     45 0 2014 270 20.000  136.20   -3.77    0.00    0.00    0.00
     46 0 2014 270 21.000  105.90   -3.05    0.00    0.00    0.00
     47 0 2014 270 22.000   86.30   -2.30    0.00    0.00    0.00
     48 0 2014 270 23.000   79.40   -3.58    0.00    0.00    0.00
     49 0 2014 271  0.000   87.80   -2.54    0.00    0.00    0.00
     50 0 2014 271  1.000  106.00   -2.55    0.00    0.00    0.00
     51 0 2014 271  2.000  135.00   -0.77    0.00    0.00    0.00
     52 0 2014 271  3.000  162.60   -2.84    0.00    0.00    0.00
     53 0 2014 271  4.000  184.60   -2.12    0.00    0.00    0.00
     54 0 2014 271  5.000  188.80   -3.47    0.00    0.00    0.00
     55 0 2014 271  6.000  179.60   -2.54    0.00    0.00    0.00
     56 0 2014 271  7.000  158.50   -1.40    0.00    0.00    0.00
     57 0 2014 271  8.000  130.20    0.44    0.00    0.00    0.00
     58 0 2014 271  9.000   96.70   -2.15    0.00    0.00    0.00
     59 0 2014 271 10.000   78.00    1.38    0.00    0.00    0.00
     60 0 2014 271 11.000   67.30   -1.56    0.00    0.00    0.00
     61 0 2014 271 12.000   74.00   -1.12    0.00    0.00    0.00
     62 0 2014 271 13.000   88.80   -4.53    0.00    0.00    0.00
     63 0 2014 271 14.000  118.40   -3.65    0.00    0.00    0.00
     64 0 2014 271 15.000  153.40   -2.74    0.00    0.00    0.00
     65 0 2014 271 16.000  184.10   -1.00    0.00    0.00    0.00
     66 0 2014 271 17.000  199.30   -0.29    0.00    0.00    0.00
     67 0 2014 271 18.000  195.30   -1.98    0.00    0.00    0.00
     68 0 2014 271 19.000  179.10   -1.64    0.00    0.00    0.00
     69 0 2014 271 20.000  151.60   -2.25    0.00    0.00    0.00
     70 0 2014 271 21.000  122.70   -0.29    0.00    0.00    0.00
     71 0 2014 271 22.000   96.90   -0.59    0.00    0.00    0.00
     72 0 2014 271 23.000   81.70   -2.66    0.00    0.00    0.00
     73 0 2014 272  0.000   80.60   -3.64    0.00    0.00    0.00
     74 0 2014 272  1.000   93.40   -1.54    0.00    0.00    0.00
     75 0 2014 272  2.000  115.10   -0.13    0.00    0.00    0.00
     76 0 2014 272  3.000  142.10    0.17    0.00    0.00    0.00
     77 0 2014 272  4.000  165.10   -1.64    0.00    0.00    0.00
     78 0 2014 272  5.000  179.30   -1.26    0.00    0.00    0.00
     79 0 2014 272  6.000  178.10   -1.75    0.00    0.00    0.00
     80 0 2014 272  7.000  167.40    1.21    0.00    0.00    0.00
     81 0 2014 272  8.000  144.90    2.37    0.00    0.00    0.00
     82 0 2014 272  9.000  116.50    2.84    0.00    0.00    0.00
     83 0 2014 272 10.000   90.10    2.27    0.00    0.00    0.00
     84 0 2014 272 11.000   73.50    0.72    0.00    0.00    0.00
     85 0 2014 272 12.000   72.20    1.43    0.00    0.00    0.00
     86 0 2014 272 13.000   81.40    1.06    0.00    0.00    0.00
     87 0 2014 272 14.000  100.50   -0.04    0.00    0.00    0.00
     88 0 2014 272 15.000  130.20    0.81    0.00    0.00    0.00
     89 0 2014 272 16.000  158.40   -1.36    0.00    0.00    0.00
     90 0 2014 272 17.000  182.70    0.79    0.00    0.00    0.00
     91 0 2014 272 18.000  191.00    0.89    0.00    0.00    0.00
     92 0 2014 272 19.000  185.30    1.09    0.00    0.00    0.00
     93 0 2014 272 20.000  165.20   -1.05    0.00    0.00    0.00
     94 0 2014 272 21.000  140.70    0.60    0.00    0.00    0.00
     95 0 2014 272 22.000  113.90    0.62    0.00    0.00    0.00
     96 0 2014 272 23.000   92.80   -1.36    0.00    0.00    0.00
     97 0 2014 273  0.000   84.60   -1.73    0.00    0.00    0.00
     98 0 2014 273  1.000   89.00    0.27    0.00    0.00    0.00
     99 0 2014 273  2.000   99.80   -0.51    0.00    0.00    0.00
    100 0 2014 273  3.000  121.60    1.37    0.00    0.00    0.00
    101 0 2014 273  4.000  144.80    1.07    0.00    0.00    0.00
    102 0 2014 273  5.000  162.40   -0.12    0.00    0.00    0.00
    103 0 2014 273  6.000  174.10    3.44    0.00    0.00    0.00
    104 0 2014 273  7.000  172.00    4.83    0.00    0.00    0.00
    105 0 2014 273  8.000  154.60    1.40    0.00    0.00    0.00
    106 0 2014 273  9.000  130.70   -0.23    0.00    0.00    0.00
    107 0 2014 273 10.000  110.40    4.47    0.00    0.00    0.00
    108 0 2014 273 11.000   85.80   -0.34    0.00    0.00    0.00
    109 0 2014 273 12.000   77.00    0.59    0.00    0.00    0.00
    110 0 2014 273 13.000   80.80    3.96    0.00    0.00    0.00
    111 0 2014 273 14.000   89.80    2.99    0.00    0.00    0.00
    112 0 2014 273 15.000  108.70    2.24    0.00    0.00    0.00
    113 0 2014 273 16.000  134.70    2.03    0.00    0.00    0.00
    114 0 2014 273 17.000  160.40    2.69    0.00    0.00    0.00
    115 0 2014 273 18.000  174.30    0.04    0.00    0.00    0.00
    116 0 2014 273 19.000  179.70    0.19    0.00    0.00    0.00
    117 0 2014 273 20.000  176.50    3.14    0.00    0.00    0.00
    118 0 2014 273 21.000  159.90    3.15    0.00    0.00    0.00
    119 0 2014 273 22.000  137.70    3.89    0.00    0.00    0.00
    120 0 2014 273 23.000  113.90    1.73    0.00    0.00    0.00
    121 0 2014 274  0.000   97.50   -0.37    0.00    0.00    0.00
    122 0 2014 274  1.000   92.40    0.40    0.00    0.00    0.00
    123 0 2014 274  2.000   94.10    0.23    0.00    0.00    0.00
    124 0 2014 274  3.000  104.80    0.80    0.00    0.00    0.00
    125 0 2014 274  4.000  119.70   -1.59    0.00    0.00    0.00
    126 0 2014 274  5.000  142.60    2.39    0.00    0.00    0.00
    127 0 2014 274  6.000  156.10    1.92    0.00    0.00    0.00
    128 0 2014 274  7.000  161.70    1.57    0.00    0.00    0.00
    129 0 2014 274  8.000  160.30    2.75    0.00    0.00    0.00
    130 0 2014 274  9.000  147.90    1.77    0.00    0.00    0.00
    131 0 2014 274 10.000  130.90    3.35    0.00    0.00    0.00
    132 0 2014 274 11.000  111.30    3.72    0.00    0.00    0.00
    133 0 2014 274 12.000   96.10    3.59    0.00    0.00    0.00
    134 0 2014 274 13.000   87.50    2.77    0.00    0.00    0.00
    135 0 2014 274 14.000   89.30    5.09    0.00    0.00    0.00
    136 0 2014 274 15.000   94.80    2.69    0.00    0.00    0.00
    137 0 2014 274 16.000  114.00    4.99    0.00    0.00    0.00
    138 0 2014 274 17.000  134.10    3.07    0.00    0.00    0.00
    139 0 2014 274 18.000  154.60    3.22    0.00    0.00    0.00
    140 0 2014 274 19.000  165.00   -0.44    0.00    0.00    0.00
    141 0 2014 274 20.000  171.70    0.31    0.00    0.00    0.00
    142 0 2014 274 21.000  169.20    1.37    0.00    0.00    0.00
    143 0 2014 274 22.000  156.40    1.77    0.00    0.00    0.00
    144 0 2014 274 23.000  137.90    1.91    0.00    0.00    0.00
    145 0 2014 275  0.000  122.20    3.78    0.00    0.00    0.00
    146 0 2014 275  1.000  108.80    3.13    0.00    0.00    0.00
    147 0 2014 275  2.000  102.80    4.59    0.00    0.00    0.00
    148 0 2014 275  3.000   99.10    2.06    0.00    0.00    0.00
    149 0 2014 275  4.000  108.00    4.08    0.00    0.00    0.00
    150 0 2014 275  5.000  120.40    2.97    0.00    0.00    0.00
    151 0 2014 275  6.000  137.40    4.91    0.00    0.00    0.00
    152 0 2014 275  7.000  149.20    4.44    0.00    0.00    0.00
    153 0 2014 275  8.000  155.70    3.25    0.00    0.00    0.00
    154 0 2014 275  9.000  159.60    5.74    0.00    0.00    0.00
    155 0 2014 275 10.000  151.30    4.31    0.00    0.00    0.00
    156 0 2014 275 11.000  135.00    1.91    0.00    0.00    0.00
    157 0 2014 275 12.000  121.10    3.88    0.00    0.00    0.00
    158 0 2014 275 13.000  104.40    0.59    0.00    0.00    0.00
    159 0 2014 275 14.000   96.50    2.16    0.00    0.00    0.00
    160 0 2014 275 15.000   91.30    1.06    0.00    0.00    0.00
    161 0 2014 275 16.000   97.50    3.16    0.00    0.00    0.00
    162 0 2014 275 17.000  110.40    3.04    0.00    0.00    0.00
    163 0 2014 275 18.000  130.00    4.45    0.00    0.00    0.00
    164 0 2014 275 19.000  147.60    3.80    0.00    0.00    0.00
    165 0 2014 275 20.000  162.70    3.69    0.00    0.00    0.00
    166 0 2014 275 21.000  174.30    5.66    0.00    0.00    0.00
    167 0 2014 275 22.000  177.10    7.66    0.00    0.00    0.00
    168 0 2014 275 23.000  167.90    7.51    0.00    0.00    0.00
    169 0 2014 276  0.000  148.50    3.41    0.00    0.00    0.00
    170 0 2014 276  1.000  133.30    4.64    0.00    0.00    0.00
    171 0 2014 276  2.000  119.50    5.70    0.00    0.00    0.00
    172 0 2014 276  3.000  106.90    4.89    0.00    0.00    0.00
    173 0 2014 276  4.000   99.70    3.38    0.00    0.00    0.00
    174 0 2014 276  5.000  104.00    4.69    0.00    0.00    0.00
    175 0 2014 276  6.000  112.70    3.04    0.00    0.00    0.00
    176 0 2014 276  7.000  127.00    3.51    0.00    0.00    0.00
    177 0 2014 276  8.000  140.10    2.25    0.00    0.00    0.00
    178 0 2014 276  9.000  153.20    2.67    0.00    0.00    0.00
    179 0 2014 276 10.000  156.60   -1.18    0.00    0.00    0.00
    180 0 2014 276 11.000  157.10    1.03    0.00    0.00    0.00
    181 0 2014 276 12.000  145.30   -0.65    0.00    0.00    0.00
    182 0 2014 276 13.000  128.30   -3.17    0.00    0.00    0.00
    183 0 2014 276 14.000  116.20    0.04    0.00    0.00    0.00
    184 0 2014 276 15.000  107.00    4.79    0.00    0.00    0.00
    185 0 2014 276 16.000   96.40    3.36    0.00    0.00    0.00
    186 0 2014 276 17.000   97.60    4.82    0.00    0.00    0.00
    187 0 2014 276 18.000  103.60    1.17    0.00    0.00    0.00
    188 0 2014 276 19.000  121.40    2.48    0.00    0.00    0.00
    189 0 2014 276 20.000  140.70    2.31    0.00    0.00    0.00
    190 0 2014 276 21.000  163.10    5.38    0.00    0.00    0.00
    191 0 2014 276 22.000  175.90    3.23    0.00    0.00    0.00
    192 0 2014 276 23.000  177.40   -0.71    0.00    0.00    0.00
    193 0 2014 277  0.000  160.10  -11.99    0.00    0.00    0.00
    194 0 2014 277  1.000  160.60    3.09    0.00    0.00    0.00
    195 0 2014 277  2.000  138.70   -0.06    0.00    0.00    0.00
    196 0 2014 277  3.000  116.70   -2.28    0.00    0.00    0.00
    197 0 2014 277  4.000  101.00   -0.54    0.00    0.00    0.00
    198 0 2014 277  5.000   91.40    0.17    0.00    0.00    0.00
    199 0 2014 277  6.000   90.10   -1.17    0.00    0.00    0.00
    200 0 2014 277  7.000  101.90    1.06    0.00    0.00    0.00
    201 0 2014 277  8.000  115.00   -1.86    0.00    0.00    0.00
    202 0 2014 277  9.000  134.60   -1.90    0.00    0.00    0.00
    203 0 2014 277 10.000  156.20    0.24    0.00    0.00    0.00
    204 0 2014 277 11.000  166.50   -2.78    0.00    0.00    0.00
    205 0 2014 277 12.000  165.80   -5.70    0.00    0.00    0.00
    206 0 2014 277 13.000  161.10   -1.45    0.00    0.00    0.00
    207 0 2014 277 14.000  142.80   -3.33    0.00    0.00    0.00
    208 0 2014 277 15.000  122.70   -3.41    0.00    0.00    0.00
    209 0 2014 277 16.000  102.60   -3.67    0.00    0.00    0.00
    210 0 2014 277 17.000   88.80   -3.16    0.00    0.00    0.00
    211 0 2014 277 18.000   86.60   -1.69    0.00    0.00    0.00
    212 0 2014 277 19.000   94.80   -1.80    0.00    0.00    0.00
    213 0 2014 277 20.000  112.60   -1.68    0.00    0.00    0.00
    214 0 2014 277 21.000  136.30   -1.44    0.00    0.00    0.00
    215 0 2014 277 22.000  158.00   -4.78    0.00    0.00    0.00
    216 0 2014 277 23.000  182.40   -0.63    0.00    0.00    0.00
    217 0 2014 278  0.000  189.60   -2.04    0.00    0.00    0.00
    218 0 2014 278  1.000  185.60   -0.40    0.00    0.00    0.00
    219 0 2014 278  2.000  165.80   -3.14    0.00    0.00    0.00
    220 0 2014 278  3.000  144.60   -0.62    0.00    0.00    0.00
    221 0 2014 278  4.000  119.10   -0.19    0.00    0.00    0.00
    222 0 2014 278  5.000   96.30   -0.20    0.00    0.00    0.00
    223 0 2014 278  6.000   79.90   -3.16    0.00    0.00    0.00
    224 0 2014 278  7.000   81.50   -1.14    0.00    0.00    0.00
    225 0 2014 278  8.000   92.20   -2.30    0.00    0.00    0.00
    226 0 2014 278  9.000  114.90   -0.73    0.00    0.00    0.00
    227 0 2014 278 10.000  143.00    0.70    0.00    0.00    0.00
    228 0 2014 278 11.000  163.40   -5.16    0.00    0.00    0.00
    229 0 2014 278 12.000  184.40   -1.89    0.00    0.00    0.00
    230 0 2014 278 13.000  189.80    0.21    0.00    0.00    0.00
    231 0 2014 278 14.000  178.40   -0.18    0.00    0.00    0.00
    232 0 2014 278 15.000  156.60   -0.93    0.00    0.00    0.00
    233 0 2014 278 16.000  130.60   -0.83    0.00    0.00    0.00
    234 0 2014 278 17.000  101.50   -4.38    0.00    0.00    0.00
    235 0 2014 278 18.000   81.80   -6.06    0.00    0.00    0.00
    236 0 2014 278 19.000   79.50   -3.59    0.00    0.00    0.00
    237 0 2014 278 20.000   91.20   -1.53    0.00    0.00    0.00
    238 0 2014 278 21.000  110.60   -3.46    0.00    0.00    0.00
    239 0 2014 278 22.000  139.20   -3.78    0.00    0.00    0.00
    240 0 2014 278 23.000  170.70   -2.93    0.00    0.00    0.00
    241 0 2014 279  0.000  193.70   -3.70    0.00    0.00    0.00
    242 0 2014 279  1.000  205.40   -0.85    0.00    0.00    0.00
    243 0 2014 279  2.000  198.20    0.33    0.00    0.00    0.00
    244 0 2014 279  3.000  175.20   -0.72    0.00    0.00    0.00
    245 0 2014 279  4.000  142.60   -3.53    0.00    0.00    0.00
    246 0 2014 279  5.000  112.20   -2.34    0.00    0.00    0.00
    247 0 2014 279  6.000   82.90   -5.44    0.00    0.00    0.00
    248 0 2014 279  7.000   71.40   -3.24    0.00    0.00    0.00
    249 0 2014 279  8.000   72.30   -4.51    0.00    0.00    0.00
    250 0 2014 279  9.000   89.00   -4.57    0.00    0.00    0.00
    251 0 2014 279 10.000  116.10   -5.28    0.00    0.00    0.00
    252 0 2014 279 11.000  147.80   -7.26    0.00    0.00    0.00
    253 0 2014 279 12.000  182.30   -3.92    0.00    0.00    0.00
    254 0 2014 279 13.000  202.80   -2.30    0.00    0.00    0.00
    255 0 2014 279 14.000  206.30    0.25    0.00    0.00    0.00
    256 0 2014 279 15.000  189.60   -0.77    0.00    0.00    0.00
    257 0 2014 279 16.000  160.90   -2.49    0.00    0.00    0.00
    258 0 2014 279 17.000  128.40   -3.03    0.00    0.00    0.00
    259 0 2014 279 18.000   97.80   -4.08    0.00    0.00    0.00
    260 0 2014 279 19.000   77.70   -5.18    0.00    0.00    0.00
    261 0 2014 279 20.000   77.50   -2.32    0.00    0.00    0.00
    262 0 2014 279 21.000   93.60    0.59    0.00    0.00    0.00
    263 0 2014 279 22.000  115.60   -3.68    0.00    0.00    0.00
    264 0 2014 279 23.000  149.40   -4.23    0.00    0.00    0.00
    265 0 2014 280  0.000  183.20   -4.89    0.00    0.00    0.00
    266 0 2014 280  1.000  211.50   -0.66    0.00    0.00    0.00
    267 0 2014 280  2.000  215.90   -2.02    0.00    0.00    0.00
    268 0 2014 280  3.000  203.40   -1.07    0.00    0.00    0.00
    269 0 2014 280  4.000  172.10   -4.60    0.00    0.00    0.00
    270 0 2014 280  5.000  138.50   -2.90    0.00    0.00    0.00
    271 0 2014 280  6.000  103.30   -2.94    0.00    0.00    0.00
    272 0 2014 280  7.000   81.20    1.32    0.00    0.00    0.00
    273 0 2014 280  8.000   66.80   -2.42    0.00    0.00    0.00
    274 0 2014 280  9.000   73.50   -2.92    0.00    0.00    0.00
    275 0 2014 280 10.000   97.50   -1.93    0.00    0.00    0.00
    276 0 2014 280 11.000  133.80   -0.15    0.00    0.00    0.00
    277 0 2014 280 12.000  172.10   -0.70    0.00    0.00    0.00
    278 0 2014 280 13.000  204.50   -0.84    0.00    0.00    0.00
    279 0 2014 280 14.000  220.60   -0.91    0.00    0.00    0.00
    280 0 2014 280 15.000  216.10   -1.26    0.00    0.00    0.00
    281 0 2014 280 16.000  197.50    1.72    0.00    0.00    0.00
    282 0 2014 280 17.000  164.20    1.14    0.00    0.00    0.00
    283 0 2014 280 18.000  124.00   -2.94    0.00    0.00    0.00
    284 0 2014 280 19.000   94.00   -2.40    0.00    0.00    0.00
    285 0 2014 280 20.000   79.40   -0.22    0.00    0.00    0.00
    286 0 2014 280 21.000   77.70   -2.81    0.00    0.00    0.00
    287 0 2014 280 22.000   95.60   -2.75    0.00    0.00    0.00
    288 0 2014 280 23.000  127.80   -1.79    0.00    0.00    0.00
    289 0 2014 281  0.000  168.40    0.54    0.00    0.00    0.00
    290 0 2014 281  1.000  201.60   -1.30    0.00    0.00    0.00
    291 0 2014 281  2.000  224.60    1.02    0.00    0.00    0.00
    292 0 2014 281  3.000  221.10   -2.62    0.00    0.00    0.00
    293 0 2014 281  4.000  201.40   -3.00    0.00    0.00    0.00
    294 0 2014 281  5.000  172.90    1.53    0.00    0.00    0.00
    295 0 2014 281  6.000  134.50    2.01    0.00    0.00    0.00
    296 0 2014 281  7.000   97.60    0.48    0.00    0.00    0.00
    297 0 2014 281  8.000   77.50    3.23    0.00    0.00    0.00
    298 0 2014 281  9.000   67.50   -1.74    0.00    0.00    0.00
    299 0 2014 281 10.000   81.20   -1.39    0.00    0.00    0.00
    300 0 2014 281 11.000  115.05    3.23    0.00    0.00    0.00
    301 0 2014 281 12.000  151.40   -0.15    0.00    0.00    0.00
    302 0 2014 281 13.000  192.30    0.13    0.00    0.00    0.00
    303 0 2014 281 14.000  224.00    2.15    0.00    0.00    0.00
    304 0 2014 281 15.000  229.30   -2.88    0.00    0.00    0.00
    305 0 2014 281 16.000  218.90   -2.79    0.00    0.00    0.00
    306 0 2014 281 17.000  195.00    0.60    0.00    0.00    0.00
    307 0 2014 281 18.000  156.30   -1.13    0.00    0.00    0.00
    308 0 2014 281 19.000  119.40   -0.70    0.00    0.00    0.00
    309 0 2014 281 20.000   90.80   -1.35    0.00    0.00    0.00
    310 0 2014 281 21.000   78.30   -1.84    0.00    0.00    0.00
    311 0 2014 281 22.000   82.40   -3.58    0.00    0.00    0.00
    312 0 2014 281 23.000  104.70   -3.74    0.00    0.00    0.00
    313 0 2014 282  0.000  139.90   -3.66    0.00    0.00    0.00
    314 0 2014 282  1.000  177.90   -4.98    0.00    0.00    0.00
    315 0 2014 282  2.000  210.60   -4.00    0.00    0.00    0.00
    316 0 2014 282  3.000  222.75   -6.21    0.00    0.00    0.00
    317 0 2014 282  4.000  215.80   -6.81    0.00    0.00    0.00
    318 0 2014 282  5.000  192.30   -5.72    0.00    0.00    0.00
    319 0 2014 282  6.000  157.00   -4.42    0.00    0.00    0.00
    320 0 2014 282  7.000  117.60   -4.43    0.00    0.00    0.00
    321 0 2014 282  8.000   89.00   -1.31    0.00    0.00    0.00
    322 0 2014 282  9.000   72.80   -1.09    0.00    0.00    0.00
    323 0 2014 282 10.000   71.90   -3.63    0.00    0.00    0.00
    324 0 2014 282 11.000   93.30   -1.55    0.00    0.00    0.00
    325 0 2014 282 12.000  126.30   -2.82    0.00    0.00    0.00
    326 0 2014 282 13.000  168.80   -2.36    0.00    0.00    0.00
    327 0 2014 282 14.000  205.70   -3.57    0.00    0.00    0.00
    328 0 2014 282 15.000  233.40    0.93    0.00    0.00    0.00
    329 1 2014 282 16.000 9999.99    0.00    0.00    0.00    0.00
    330 0 2014 282 17.000  214.70   -4.29    0.00    0.00    0.00
    331 0 2014 282 18.000  186.00   -1.30    0.00    0.00    0.00
    332 0 2014 282 19.000  149.40    0.74    0.00    0.00    0.00
    333 0 2014 282 20.000  114.60    0.79    0.00    0.00    0.00
    334 0 2014 282 21.000   92.30    0.84    0.00    0.00    0.00
    335 0 2014 282 22.000   83.40   -1.93    0.00    0.00    0.00
    336 0 2014 282 23.000   91.50   -4.41    0.00    0.00    0.00
    337 0 2014 283  0.000  122.70    0.57    0.00    0.00    0.00
    338 0 2014 283  1.000  156.60   -2.30    0.00    0.00    0.00
    339 0 2014 283  2.000  192.30   -3.27    0.00    0.00    0.00
    340 0 2014 283  3.000  217.05   -3.54    0.00    0.00    0.00
    341 0 2014 283  4.000  223.60   -3.83    0.00    0.00    0.00
    342 0 2014 283  5.000  212.40   -2.86    0.00    0.00    0.00
    343 0 2014 283  6.000  187.70    0.76    0.00    0.00    0.00
    344 0 2014 283  7.000  143.70   -5.62    0.00    0.00    0.00
    345 0 2014 283  8.000  111.40   -1.73    0.00    0.00    0.00
    346 0 2014 283  9.000   91.80    3.47    0.00    0.00    0.00
    347 0 2014 283 10.000   83.10    3.55    0.00    0.00    0.00
    348 0 2014 283 11.000   85.80   -1.61    0.00    0.00    0.00
    349 0 2014 283 12.000  115.80    4.22    0.00    0.00    0.00
    350 0 2014 283 13.000  151.30    2.62    0.00    0.00    0.00
    351 0 2014 283 14.000  190.90    1.74    0.00    0.00    0.00
    352 0 2014 283 15.000  228.00    7.20    0.00    0.00    0.00
    353 0 2014 283 16.000  243.50    7.80    0.00    0.00    0.00
    354 0 2014 283 17.000  236.10    4.22    0.00    0.00    0.00
    355 0 2014 283 18.000  215.20    4.58    0.00    0.00    0.00
    356 0 2014 283 19.000  185.10    8.40    0.00    0.00    0.00
    357 0 2014 283 20.000  149.20    9.37    0.00    0.00    0.00
    358 0 2014 283 21.000  120.50    9.68    0.00    0.00    0.00
    359 0 2014 283 22.000  106.30   10.79    0.00    0.00    0.00
    360 0 2014 283 23.000  107.00   12.15    0.00    0.00    0.00
    361 0 2014 284  0.000  119.00    9.81    0.00    0.00    0.00
    362 0 2014 284  1.000  150.20   12.65    0.00    0.00    0.00
    363 0 2014 284  2.000  186.10   13.26    0.00    0.00    0.00
    364 0 2014 284  3.000  218.30   15.04    0.00    0.00    0.00
    365 0 2014 284  4.000  233.00   13.14    0.00    0.00    0.00
    366 0 2014 284  5.000  235.50   15.67    0.00    0.00    0.00
    367 0 2014 284  6.000  216.40   12.91    0.00    0.00    0.00
    368 0 2014 284  7.000  190.80   17.23    0.00    0.00    0.00
    369 1 2014 284  8.000  158.50    0.00    0.00    0.00    0.00
    370 1 2014 284  9.000  129.20    0.00    0.00    0.00    0.00
    371 1 2014 284 10.000  120.60    0.00    0.00    0.00    0.00
    372 1 2014 284 11.000  117.60    0.00    0.00    0.00    0.00
    373 1 2014 284 12.000  128.70    0.00    0.00    0.00    0.00
    374 1 2014 284 13.000  164.00    0.00    0.00    0.00    0.00
    375 1 2014 284 14.000  193.50    0.00    0.00    0.00    0.00
    376 1 2014 284 15.000  231.20    0.00    0.00    0.00    0.00
    377 1 2014 284 16.000  257.60    0.00    0.00    0.00    0.00
    378 1 2014 284 17.000  266.00    0.00    0.00    0.00    0.00
    379 1 2014 284 18.000  250.60    0.00    0.00    0.00    0.00
    380 1 2014 284 19.000  228.20    0.00    0.00    0.00    0.00
    381 1 2014 284 20.000  202.30    0.00    0.00    0.00    0.00
    382 1 2014 284 21.000  177.40    0.00    0.00    0.00    0.00
    383 1 2014 284 22.000  152.50    0.00    0.00    0.00    0.00
    384 1 2014 284 23.000  144.50    0.00    0.00    0.00    0.00
    385 1 2014 285  0.000  142.40    0.00    0.00    0.00    0.00
    386 1 2014 285  1.000  159.60    0.00    0.00    0.00    0.00
    387 1 2014 285  2.000  185.90    0.00    0.00    0.00    0.00
    388 1 2014 285  3.000  208.10    0.00    0.00    0.00    0.00
    389 1 2014 285  4.000  228.80    0.00    0.00    0.00    0.00
    390 1 2014 285  5.000  235.50    0.00    0.00    0.00    0.00
    391 1 2014 285  6.000  233.70    0.00    0.00    0.00    0.00
    392 1 2014 285  7.000  208.60    0.00    0.00    0.00    0.00
    393 0 2014 285  8.000  166.00    5.16    0.00    0.00    0.00
    394 0 2014 285  9.000  136.70    5.93    0.00    0.00    0.00
    395 0 2014 285 10.000  121.00   11.24    0.00    0.00    0.00
    396 0 2014 285 11.000  108.80    7.36    0.00    0.00    0.00
    397 0 2014 285 12.000  108.90    4.04    0.00    0.00    0.00
    398 0 2014 285 13.000  127.30    6.70    0.00    0.00    0.00
    399 0 2014 285 14.000  151.80    3.27    0.00    0.00    0.00
    400 0 2014 285 15.000  179.80   -1.74    0.00    0.00    0.00
    401 0 2014 285 16.000  208.00   -0.35    0.00    0.00    0.00
    402 0 2014 285 17.000  210.60  -11.85    0.00    0.00    0.00
    403 1 2014 285 18.000  206.10    0.00    0.00    0.00    0.00
    404 0 2014 285 19.000  197.00  -14.24    0.00    0.00    0.00
    405 0 2014 285 20.000  172.10  -14.91    0.00    0.00    0.00
    406 0 2014 285 21.000  148.00   -9.57    0.00    0.00    0.00
    407 0 2014 285 22.000  126.90   -6.42    0.00    0.00    0.00
    408 0 2014 285 23.000  109.80   -9.80    0.00    0.00    0.00
    409 0 2014 286  0.000  112.80   -2.81    0.00    0.00    0.00
    410 0 2014 286  1.000  119.90   -1.42    0.00    0.00    0.00
    411 0 2014 286  2.000  137.40   -1.04    0.00    0.00    0.00
    412 0 2014 286  3.000  164.40    1.00    0.00    0.00    0.00
    413 0 2014 286  4.000  188.60    2.19    0.00    0.00    0.00
    414 0 2014 286  5.000  201.40    1.53    0.00    0.00    0.00
    415 0 2014 286  6.000  205.80    3.13    0.00    0.00    0.00
    416 0 2014 286  7.000  193.80   -1.38    0.00    0.00    0.00
    417 0 2014 286  8.000  177.90    1.00    0.00    0.00    0.00
    418 0 2014 286  9.000  152.90    1.16    0.00    0.00    0.00
    419 0 2014 286 10.000  122.70   -6.55    0.00    0.00    0.00
    420 0 2014 286 11.000  112.70   -3.94    0.00    0.00    0.00
    421 0 2014 286 12.000  112.10   -1.97    0.00    0.00    0.00
    422 0 2014 286 13.000  120.80    0.43    0.00    0.00    0.00
    423 0 2014 286 14.000  140.70    3.61    0.00    0.00    0.00
    424 0 2014 286 15.000  166.00    3.10    0.00    0.00    0.00
    425 0 2014 286 16.000  196.30    6.94    0.00    0.00    0.00
    426 0 2014 286 17.000  220.40   12.86    0.00    0.00    0.00
    427 1 2014 286 18.000  232.00    0.00    0.00    0.00    0.00
    428 0 2014 286 19.000  227.70   15.11    0.00    0.00    0.00
    429 0 2014 286 20.000  210.10   10.33    0.00    0.00    0.00
    430 0 2014 286 21.000  187.40    9.47    0.00    0.00    0.00
    431 0 2014 286 22.000  161.80    7.16    0.00    0.00    0.00
    432 0 2014 286 23.000  142.40    4.38    0.00    0.00    0.00
    433 0 2014 287  0.000  132.40    2.70    0.00    0.00    0.00
    434 0 2014 287  1.000  124.00   -4.00    0.00    0.00    0.00
    435 0 2014 287  2.000  129.50   -4.66    0.00    0.00    0.00
    436 0 2014 287  3.000  143.30   -6.19    0.00    0.00    0.00
    437 0 2014 287  4.000  163.60   -5.34    0.00    0.00    0.00
    438 0 2014 287  5.000  177.00   -7.08    0.00    0.00    0.00
    439 0 2014 287  6.000  184.00   -7.20    0.00    0.00    0.00
    440 0 2014 287  7.000  184.40   -6.76    0.00    0.00    0.00
    441 0 2014 287  8.000  178.80   -4.79    0.00    0.00    0.00
    442 0 2014 287  9.000  162.50   -5.30    0.00    0.00    0.00
    443 0 2014 287 10.000  146.30   -2.22    0.00    0.00    0.00
    444 0 2014 287 11.000  128.50   -5.33    0.00    0.00    0.00
    445 0 2014 287 12.000  121.80   -5.55    0.00    0.00    0.00
    446 0 2014 287 13.000  127.20   -0.40    0.00    0.00    0.00
    447 0 2014 287 14.000  134.70    0.17    0.00    0.00    0.00
    448 0 2014 287 15.000  150.20    0.19    0.00    0.00    0.00
    449 0 2014 287 16.000  170.90   -0.33    0.00    0.00    0.00
    450 0 2014 287 17.000  194.10    3.83    0.00    0.00    0.00
    451 0 2014 287 18.000  206.30    4.61    0.00    0.00    0.00
    452 0 2014 287 19.000  207.20    1.57    0.00    0.00    0.00
    453 0 2014 287 20.000  204.80    2.19    0.00    0.00    0.00
    454 0 2014 287 21.000  196.70    5.33    0.00    0.00    0.00
    455 0 2014 287 22.000  177.70    3.68    0.00    0.00    0.00
    456 0 2014 287 23.000  162.20    4.83    0.00    0.00    0.00
    457 0 2014 288  0.000  152.30    5.96    0.00    0.00    0.00
    458 0 2014 288  1.000  148.80    8.41    0.00    0.00    0.00
    459 0 2014 288  2.000  147.10    8.42    0.00    0.00    0.00
    460 0 2014 288  3.000  154.00   10.53    0.00    0.00    0.00
    461 0 2014 288  4.000  166.00   10.93    0.00    0.00    0.00
    462 0 2014 288  5.000  178.20    9.94    0.00    0.00    0.00
    463 0 2014 288  6.000  184.60    7.21    0.00    0.00    0.00
    464 0 2014 288  7.000  187.40    5.82    0.00    0.00    0.00
    465 0 2014 288  8.000  189.00    7.34    0.00    0.00    0.00
    466 0 2014 288  9.000  183.10    6.94    0.00    0.00    0.00
    467 0 2014 288 10.000  171.40    6.74    0.00    0.00    0.00
    468 0 2014 288 11.000  158.10    6.38    0.00    0.00    0.00
    469 0 2014 288 12.000  149.50    6.66    0.00    0.00    0.00
    470 0 2014 288 13.000  143.80    4.69    0.00    0.00    0.00
    471 0 2014 288 14.000  144.00    4.62    0.00    0.00    0.00
    472 0 2014 288 15.000  149.20    4.25    0.00    0.00    0.00
    473 0 2014 288 16.000  157.40    0.17    0.00    0.00    0.00
    474 0 2014 288 17.000  172.20   -0.64    0.00    0.00    0.00
    475 0 2014 288 18.000  185.30   -0.57    0.00    0.00    0.00
    476 0 2014 288 19.000  193.10   -0.74    0.00    0.00    0.00
    477 0 2014 288 20.000  198.10    0.67    0.00    0.00    0.00
    478 0 2014 288 21.000  197.70    1.73    0.00    0.00    0.00
    479 0 2014 288 22.000  188.80    0.80    0.00    0.00    0.00
    480 0 2014 288 23.000  176.90    1.22    0.00    0.00    0.00
    481 0 2014 289  0.000  163.60   -0.36    0.00    0.00    0.00
    482 0 2014 289  1.000  153.60   -1.59    0.00    0.00    0.00
    483 0 2014 289  2.000  144.30   -4.38    0.00    0.00    0.00
    484 0 2014 289  3.000  143.10   -2.07    0.00    0.00    0.00
    485 0 2014 289  4.000  144.60   -2.59    0.00    0.00    0.00
    486 0 2014 289  5.000  149.20   -5.23    0.00    0.00    0.00
    487 0 2014 289  6.000  157.80   -5.06    0.00    0.00    0.00
    488 0 2014 289  7.000  166.80   -2.66    0.00    0.00    0.00
    489 0 2014 289  8.000  172.90   -1.35    0.00    0.00    0.00
    490 0 2014 289  9.000  175.20   -1.57    0.00    0.00    0.00
    491 0 2014 289 10.000  171.40   -3.41    0.00    0.00    0.00
    492 0 2014 289 11.000  165.20   -2.82    0.00    0.00    0.00
    493 0 2014 289 12.000  160.00    0.25    0.00    0.00    0.00
    494 0 2014 289 13.000  150.40   -2.83    0.00    0.00    0.00
    495 0 2014 289 14.000  143.00   -5.90    0.00    0.00    0.00
    496 0 2014 289 15.000  142.00   -5.05    0.00    0.00    0.00
    497 0 2014 289 16.000  147.80   -1.98    0.00    0.00    0.00
    498 0 2014 289 17.000  154.20   -3.82    0.00    0.00    0.00
    499 0 2014 289 18.000  160.80   -8.22    0.00    0.00    0.00
    500 0 2014 289 19.000  169.90   -9.23    0.00    0.00    0.00
    501 0 2014 289 20.000  182.10   -5.04    0.00    0.00    0.00
    502 0 2014 289 21.000  187.50   -5.28    0.00    0.00    0.00
    503 0 2014 289 22.000  188.70   -5.52    0.00    0.00    0.00
    504 0 2014 289 23.000  183.00   -6.83    0.00    0.00    0.00
    505 0 2014 290  0.000  175.20   -5.87    0.00    0.00    0.00
    506 0 2014 290  1.000  165.10   -5.89    0.00    0.00    0.00
    507 0 2014 290  2.000  155.80   -5.32    0.00    0.00    0.00
    508 0 2014 290  3.000  144.70   -7.30    0.00    0.00    0.00
    509 0 2014 290  4.000  139.60   -6.10    0.00    0.00    0.00
    510 0 2014 290  5.000  138.60   -6.10    0.00    0.00    0.00
    511 0 2014 290  6.000  142.10   -6.78    0.00    0.00    0.00
    512 0 2014 290  7.000  145.50  -10.33    0.00    0.00    0.00
    513 0 2014 290  8.000  153.40  -10.35    0.00    0.00    0.00
    514 0 2014 290  9.000  165.00   -6.82    0.00    0.00    0.00
    515 0 2014 290 10.000  170.20   -7.92    0.00    0.00    0.00
    516 0 2014 290 11.000  171.40   -8.43    0.00    0.00    0.00
    517 0 2014 290 12.000  171.20   -5.04    0.00    0.00    0.00
    518 0 2014 290 13.000  165.00   -4.37    0.00    0.00    0.00
    519 0 2014 290 14.000  159.40   -2.16    0.00    0.00    0.00
    520 0 2014 290 15.000  150.80   -3.36    0.00    0.00    0.00
    521 0 2014 290 16.000  148.60   -0.34    0.00    0.00    0.00
    522 0 2014 290 17.000  143.00   -5.39    0.00    0.00    0.00
    523 0 2014 290 18.000  144.20   -9.27    0.00    0.00    0.00
    524 0 2014 290 19.000  156.20   -6.37    0.00    0.00    0.00
    525 0 2014 290 20.000  170.60   -2.68    0.00    0.00    0.00
    526 0 2014 290 21.000  177.30   -6.68    0.00    0.00    0.00
    527 0 2014 290 22.000  186.60   -6.29    0.00    0.00    0.00
    528 0 2014 290 23.000  190.00   -7.20    0.00    0.00    0.00
    529 0 2014 291  0.000  190.00   -4.91    0.00    0.00    0.00
    530 0 2014 291  1.000  182.00   -4.64    0.00    0.00    0.00
    531 0 2014 291  2.000  170.00   -4.73    0.00    0.00    0.00
    532 0 2014 291  3.000  159.80   -1.60    0.00    0.00    0.00
    533 0 2014 291  4.000  144.90   -3.93    0.00    0.00    0.00
    534 0 2014 291  5.000  138.00   -1.95    0.00    0.00    0.00
    535 0 2014 291  6.000  132.90   -4.45    0.00    0.00    0.00
    536 0 2014 291  7.000  139.40   -2.08    0.00    0.00    0.00
    537 0 2014 291  8.000  149.20   -1.55    0.00    0.00    0.00
    538 0 2014 291  9.000  160.40   -2.57    0.00    0.00    0.00
    539 0 2014 291 10.000  175.60   -0.10    0.00    0.00    0.00
    540 0 2014 291 11.000  183.60   -2.01    0.00    0.00    0.00
    541 0 2014 291 12.000  185.00   -4.38    0.00    0.00    0.00
    542 0 2014 291 13.000  183.80   -2.08    0.00    0.00    0.00
    543 0 2014 291 14.000  176.30   -0.46    0.00    0.00    0.00
    544 0 2014 291 15.000  166.10    1.16    0.00    0.00    0.00
    545 0 2014 291 16.000  149.20   -4.06    0.00    0.00    0.00
    546 0 2014 291 17.000  141.10   -3.55    0.00    0.00    0.00
    547 0 2014 291 18.000  139.90   -1.98    0.00    0.00    0.00
    548 0 2014 291 19.000  148.80    2.56    0.00    0.00    0.00
    549 0 2014 291 20.000  159.00    2.29    0.00    0.00    0.00
    550 0 2014 291 21.000  173.20    2.43    0.00    0.00    0.00
    551 0 2014 291 22.000  185.20   -0.24    0.00    0.00    0.00
    552 0 2014 291 23.000  198.70    1.37    0.00    0.00    0.00
    553 0 2014 292  0.000  205.70    2.87    0.00    0.00    0.00
    554 0 2014 292  1.000  201.90    2.18    0.00    0.00    0.00
    555 0 2014 292  2.000  186.80   -1.77    0.00    0.00    0.00
    556 0 2014 292  3.000  175.30    2.95    0.00    0.00    0.00
    557 0 2014 292  4.000  161.30    6.60    0.00    0.00    0.00
    558 0 2014 292  5.000  142.00    2.75    0.00    0.00    0.00
    559 0 2014 292  6.000  132.60    3.09    0.00    0.00    0.00
    560 0 2014 292  7.000  132.20    4.02    0.00    0.00    0.00
    561 0 2014 292  8.000  143.00    7.19    0.00    0.00    0.00
    562 0 2014 292  9.000  158.10    7.68    0.00    0.00    0.00
    563 0 2014 292 10.000  174.20    5.77    0.00    0.00    0.00
    564 0 2014 292 11.000  190.40    4.90    0.00    0.00    0.00
    565 0 2014 292 12.000  202.50    5.36    0.00    0.00    0.00
    566 0 2014 292 13.000  205.10    5.25    0.00    0.00    0.00
    567 0 2014 292 14.000  197.70    4.79    0.00    0.00    0.00
    568 0 2014 292 15.000  182.00    3.23    0.00    0.00    0.00
    569 0 2014 292 16.000  166.10    4.41    0.00    0.00    0.00
    570 0 2014 292 17.000  150.50    4.54    0.00    0.00    0.00
    571 0 2014 292 18.000  137.80    2.45    0.00    0.00    0.00
    572 0 2014 292 19.000  137.60    4.83    0.00    0.00    0.00
    573 0 2014 292 20.000  141.90    2.49    0.00    0.00    0.00
    574 0 2014 292 21.000  158.30    4.38    0.00    0.00    0.00
    575 0 2014 292 22.000  175.00    2.29    0.00    0.00    0.00
    576 0 2014 292 23.000  191.80    0.78    0.00    0.00    0.00
    577 0 2014 293  0.000  207.00    2.99    0.00    0.00    0.00
    578 0 2014 293  1.000  211.90    4.17    0.00    0.00    0.00
    579 0 2014 293  2.000  204.00    3.43    0.00    0.00    0.00
    580 0 2014 293  3.000  187.70    3.58    0.00    0.00    0.00
    581 0 2014 293  4.000  166.20    3.52    0.00    0.00    0.00
    582 0 2014 293  5.000  143.20    1.77    0.00    0.00    0.00
    583 0 2014 293  6.000  128.10    3.01    0.00    0.00    0.00
    584 0 2014 293  7.000  120.80    3.37    0.00    0.00    0.00
    585 0 2014 293  8.000  124.00    3.32    0.00    0.00    0.00
    586 0 2014 293  9.000  138.40    3.77    0.00    0.00    0.00
    587 0 2014 293 10.000  156.20    0.11    0.00    0.00    0.00
    588 0 2014 293 11.000  181.20    1.64    0.00    0.00    0.00
    589 0 2014 293 12.000  199.10    0.20    0.00    0.00    0.00
    590 0 2014 293 13.000  208.20   -0.78    0.00    0.00    0.00
    591 0 2014 293 14.000  204.40   -2.75    0.00    0.00    0.00
    592 0 2014 293 15.000  194.30    0.21    0.00    0.00    0.00
    593 0 2014 293 16.000  170.90   -2.79    0.00    0.00    0.00
    594 0 2014 293 17.000  151.00   -0.66    0.00    0.00    0.00
    595 0 2014 293 18.000  130.90   -2.67    0.00    0.00    0.00
    596 0 2014 293 19.000  123.60    0.03    0.00    0.00    0.00
    597 0 2014 293 20.000  126.80    2.72    0.00    0.00    0.00
    598 0 2014 293 21.000  137.20    1.75    0.00    0.00    0.00
    599 0 2014 293 22.000  157.50    2.11    0.00    0.00    0.00
    600 0 2014 293 23.000  179.70    0.99    0.00    0.00    0.00
    601 0 2014 294  0.000  199.40    0.64    0.00    0.00    0.00
    602 0 2014 294  1.000  212.50    2.75    0.00    0.00    0.00
    603 0 2014 294  2.000  207.00   -1.48    0.00    0.00    0.00
    604 0 2014 294  3.000  195.80    0.84    0.00    0.00    0.00
    605 0 2014 294  4.000  172.50    0.13    0.00    0.00    0.00
    606 0 2014 294  5.000  142.80   -3.60    0.00    0.00    0.00
    607 0 2014 294  6.000  120.90   -2.76    0.00    0.00    0.00
    608 0 2014 294  7.000  110.30    0.77    0.00    0.00    0.00
    609 0 2014 294  8.000  103.20   -3.93    0.00    0.00    0.00
    610 0 2014 294  9.000  114.20   -3.28    0.00    0.00    0.00
    611 0 2014 294 10.000  138.90   -0.22    0.00    0.00    0.00
    612 0 2014 294 11.000  165.20   -2.00    0.00    0.00    0.00
    613 0 2014 294 12.000  194.30    0.23    0.00    0.00    0.00
    614 0 2014 294 13.000  212.20    0.00    0.00    0.00    0.00
    615 0 2014 294 14.000  217.80    0.70    0.00    0.00    0.00
    616 0 2014 294 15.000  206.80   -1.31    0.00    0.00    0.00
    617 0 2014 294 16.000  188.10    0.31    0.00    0.00    0.00
    618 0 2014 294 17.000  162.40    0.92    0.00    0.00    0.00
    619 0 2014 294 18.000  135.70   -0.60    0.00    0.00    0.00
    620 0 2014 294 19.000  118.60   -0.10    0.00    0.00    0.00
    621 1 2014 294 20.000 9999.99    0.00    0.00    0.00    0.00
    622 1 2014 294 21.000 9999.99    0.00    0.00    0.00    0.00
    623 1 2014 294 22.000 9999.99    0.00    0.00    0.00    0.00
    624 0 2014 294 23.000  163.70    2.79    0.00    0.00    0.00
    625 0 2014 295  0.000  188.20    1.12    0.00    0.00    0.00
    626 0 2014 295  1.000  207.20    1.45    0.00    0.00    0.00
    627 0 2014 295  2.000  211.70    0.31    0.00    0.00    0.00
    628 0 2014 295  3.000  202.10   -0.79    0.00    0.00    0.00
    629 0 2014 295  4.000  182.50    0.21    0.00    0.00    0.00
    630 0 2014 295  5.000  153.20   -0.99    0.00    0.00    0.00
    631 0 2014 295  6.000  124.40   -1.34    0.00    0.00    0.00
    632 0 2014 295  7.000  105.10    0.45    0.00    0.00    0.00
    633 0 2014 295  8.000   95.20   -0.75    0.00    0.00    0.00
    634 0 2014 295  9.000  102.20    1.07    0.00    0.00    0.00
    635 0 2014 295 10.000  122.30    2.64    0.00    0.00    0.00
    636 0 2014 295 11.000  151.00    2.23    0.00    0.00    0.00
    637 0 2014 295 12.000  181.90    0.28    0.00    0.00    0.00
    638 0 2014 295 13.000  210.40    1.99    0.00    0.00    0.00
    639 0 2014 295 14.000  224.40    2.92    0.00    0.00    0.00
    640 0 2014 295 15.000  219.00    0.47    0.00    0.00    0.00
    641 0 2014 295 16.000  202.30    0.90    0.00    0.00    0.00
    642 0 2014 295 17.000  174.00   -0.21    0.00    0.00    0.00
    643 0 2014 295 18.000  142.90   -0.81    0.00    0.00    0.00
    644 0 2014 295 19.000  118.20   -0.16    0.00    0.00    0.00
    645 0 2014 295 20.000  104.30   -0.16    0.00    0.00    0.00
    646 0 2014 295 21.000  105.10    1.14    0.00    0.00    0.00
    647 0 2014 295 22.000  117.80    1.51    0.00    0.00    0.00
    648 0 2014 295 23.000  144.10    4.38    0.00    0.00    0.00
    649 0 2014 296  0.000  174.70    5.53    0.00    0.00    0.00
    650 0 2014 296  1.000  200.40    5.13    0.00    0.00    0.00
    651 0 2014 296  2.000  214.40    5.34    0.00    0.00    0.00
    652 0 2014 296  3.000  213.90    6.88    0.00    0.00    0.00
    653 0 2014 296  4.000  200.40    9.74    0.00    0.00    0.00
    654 0 2014 296  5.000  172.60    8.94    0.00    0.00    0.00
    655 0 2014 296  6.000  138.60    6.72    0.00    0.00    0.00
    656 0 2014 296  7.000  111.70    7.74    0.00    0.00    0.00
    657 0 2014 296  8.000   96.40    8.54    0.00    0.00    0.00
    658 0 2014 296  9.000   92.80    5.94    0.00    0.00    0.00
    659 0 2014 296 10.000  109.20    8.82    0.00    0.00    0.00
    660 0 2014 296 11.000  134.90    8.15    0.00    0.00    0.00
    661 0 2014 296 12.000  168.30    6.50    0.00    0.00    0.00
    662 0 2014 296 13.000  201.10    4.91    0.00    0.00    0.00
    663 0 2014 296 14.000  227.40    8.52    0.00    0.00    0.00
    664 0 2014 296 15.000  232.30    8.32    0.00    0.00    0.00
    665 0 2014 296 16.000  220.20    7.93    0.00    0.00    0.00
    666 0 2014 296 17.000  197.30    9.78    0.00    0.00    0.00
    667 0 2014 296 18.000  163.20    8.12    0.00    0.00    0.00
    668 0 2014 296 19.000  134.20   10.93    0.00    0.00    0.00
    669 0 2014 296 20.000  111.80   10.64    0.00    0.00    0.00
    670 0 2014 296 21.000  103.10    9.66    0.00    0.00    0.00
    671 0 2014 296 22.000  106.50    6.76    0.00    0.00    0.00
