                                                                                
                                                                                
                                                                                
                                                                                
                                                                                
                                                                                
                                                                                
                                                                                
                                                                                
                                                                                
                                                                                
                                                                                
                                                                                
                                                                                
                                                                                
                                                                                
                                                                                
                                                                                
                                                                                
                                                                                
      1 1 2014 269  0.000 9999.99    0.00    0.00    0.00    0.00
      2 0 2014 269  1.000  192.20    0.17    0.00    0.00    0.00
      3 0 2014 269  2.000  237.80    4.12    0.00    0.00    0.00
      4 0 2014 269  3.000  262.90    1.49    0.00    0.00    0.00
      5 0 2014 269  4.000  269.70    0.31    0.00    0.00    0.00
      6 0 2014 269  5.000  252.60   -3.65    0.00    0.00    0.00
      7 0 2014 269  6.000  218.50   -5.15    0.00    0.00    0.00
      8 0 2014 269  7.000  174.90   -3.85    0.00    0.00    0.00
      9 0 2014 269  8.000  130.30   -4.10    0.00    0.00    0.00
     10 0 2014 269  9.000  102.50   -0.62    0.00    0.00    0.00
     11 0 2014 269 10.000   85.30   -6.41    0.00    0.00    0.00
     12 0 2014 269 11.000   99.60   -2.44    0.00    0.00    0.00
     13 0 2014 269 12.000  130.00   -2.87    0.00    0.00    0.00
     14 0 2014 269 13.000  173.80   -3.97    0.00    0.00    0.00
     15 0 2014 269 14.000  221.40   -2.93    0.00    0.00    0.00
     16 0 2014 269 15.000  257.70   -1.81    0.00    0.00    0.00
     17 0 2014 269 16.000  271.30   -4.33    0.00    0.00    0.00
     18 0 2014 269 17.000  264.00   -6.34    0.00    0.00    0.00
     19 0 2014 269 18.000  236.60   -7.78    0.00    0.00    0.00
     20 0 2014 269 19.000  196.90   -6.18    0.00    0.00    0.00
     21 0 2014 269 20.000  148.90   -8.92    0.00    0.00    0.00
     22 0 2014 269 21.000  111.40  -10.27    0.00    0.00    0.00
     23 0 2014 269 22.000   93.00  -10.21    0.00    0.00    0.00
     24 0 2014 269 23.000   96.80   -8.67    0.00    0.00    0.00
     25 0 2014 270  0.000  123.10   -4.92    0.00    0.00    0.00
     26 0 2014 270  1.000  158.40   -7.72    0.00    0.00    0.00
     27 0 2014 270  2.000  202.80   -6.26    0.00    0.00    0.00
     28 0 2014 270  3.000  238.00   -5.78    0.00    0.00    0.00
     29 0 2014 270  4.000  254.50   -6.77    0.00    0.00    0.00
     30 0 2014 270  5.000  249.80   -8.52    0.00    0.00    0.00
     31 0 2014 270  6.000  224.80  -10.55    0.00    0.00    0.00
     32 0 2014 270  7.000  186.60   -9.97    0.00    0.00    0.00
     33 0 2014 270  8.000  141.00  -10.81    0.00    0.00    0.00
     34 0 2014 270  9.000  105.20   -8.75    0.00    0.00    0.00
     35 0 2014 270 10.000   83.50   -9.38    0.00    0.00    0.00
     36 0 2014 270 11.000   81.10  -11.63    0.00    0.00    0.00
     37 0 2014 270 12.000  106.40   -7.16    0.00    0.00    0.00
     38 0 2014 270 13.000  142.20   -9.38    0.00    0.00    0.00
     39 0 2014 270 14.000  193.60   -3.92    0.00    0.00    0.00
     40 0 2014 270 15.000  233.60   -5.01    0.00    0.00    0.00
     41 0 2014 270 16.000  260.30   -4.09    0.00    0.00    0.00
     42 0 2014 270 17.000  265.40   -4.62    0.00    0.00    0.00
     43 0 2014 270 18.000  250.50   -4.44    0.00    0.00    0.00
     44 0 2014 270 19.000  218.40   -3.71    0.00    0.00    0.00
     45 0 2014 270 20.000  173.90   -5.57    0.00    0.00    0.00
     46 0 2014 270 21.000  133.60   -5.39    0.00    0.00    0.00
     47 0 2014 270 22.000  106.40   -5.07    0.00    0.00    0.00
     48 0 2014 270 23.000   99.50   -3.24    0.00    0.00    0.00
     49 0 2014 271  0.000  110.20   -3.84    0.00    0.00    0.00
     50 0 2014 271  1.000  138.20   -4.71    0.00    0.00    0.00
     51 0 2014 271  2.000  178.30   -3.72    0.00    0.00    0.00
     52 0 2014 271  3.000  213.60   -6.30    0.00    0.00    0.00
     53 0 2014 271  4.000  240.20   -5.50    0.00    0.00    0.00
     54 0 2014 271  5.000  247.10   -6.22    0.00    0.00    0.00
     55 0 2014 271  6.000  236.60   -4.83    0.00    0.00    0.00
     56 0 2014 271  7.000  206.20   -6.04    0.00    0.00    0.00
     57 0 2014 271  8.000  168.70   -3.57    0.00    0.00    0.00
     58 0 2014 271  9.000  128.30   -3.94    0.00    0.00    0.00
     59 0 2014 271 10.000  101.50   -1.64    0.00    0.00    0.00
     60 0 2014 271 11.000   88.70   -3.34    0.00    0.00    0.00
     61 0 2014 271 12.000   93.10   -8.11    0.00    0.00    0.00
     62 0 2014 271 13.000  122.50   -6.46    0.00    0.00    0.00
     63 0 2014 271 14.000  161.20   -7.96    0.00    0.00    0.00
     64 0 2014 271 15.000  203.00   -8.44    0.00    0.00    0.00
     65 0 2014 271 16.000  236.90   -7.75    0.00    0.00    0.00
     66 0 2014 271 17.000  254.20   -6.99    0.00    0.00    0.00
     67 0 2014 271 18.000  254.60   -3.61    0.00    0.00    0.00
     68 0 2014 271 19.000  235.00   -1.70    0.00    0.00    0.00
     69 0 2014 271 20.000  196.10   -5.57    0.00    0.00    0.00
     70 0 2014 271 21.000  156.10   -6.11    0.00    0.00    0.00
     71 0 2014 271 22.000  123.40   -5.51    0.00    0.00    0.00
     72 0 2014 271 23.000  104.00   -5.89    0.00    0.00    0.00
     73 0 2014 272  0.000  100.90   -8.09    0.00    0.00    0.00
     74 0 2014 272  1.000  121.60   -4.43    0.00    0.00    0.00
     75 0 2014 272  2.000  153.70   -2.93    0.00    0.00    0.00
     76 0 2014 272  3.000  187.60   -4.69    0.00    0.00    0.00
     77 0 2014 272  4.000  219.60   -3.16    0.00    0.00    0.00
     78 0 2014 272  5.000  233.90   -6.07    0.00    0.00    0.00
     79 0 2014 272  6.000  234.10   -5.84    0.00    0.00    0.00
     80 0 2014 272  7.000  218.40   -4.25    0.00    0.00    0.00
     81 0 2014 272  8.000  188.00   -3.92    0.00    0.00    0.00
     82 0 2014 272  9.000  151.20   -4.17    0.00    0.00    0.00
     83 0 2014 272 10.000  118.30   -4.35    0.00    0.00    0.00
     84 0 2014 272 11.000   96.10   -6.06    0.00    0.00    0.00
     85 0 2014 272 12.000   93.80   -5.06    0.00    0.00    0.00
     86 0 2014 272 13.000  110.70   -3.07    0.00    0.00    0.00
     87 0 2014 272 14.000  135.90   -7.81    0.00    0.00    0.00
     88 0 2014 272 15.000  176.60   -4.79    0.00    0.00    0.00
     89 0 2014 272 16.000  210.10   -7.14    0.00    0.00    0.00
     90 0 2014 272 17.000  236.60   -6.00    0.00    0.00    0.00
     91 0 2014 272 18.000  244.50   -7.51    0.00    0.00    0.00
     92 0 2014 272 19.000  236.70   -7.13    0.00    0.00    0.00
     93 0 2014 272 20.000  217.60   -2.75    0.00    0.00    0.00
     94 0 2014 272 21.000  181.40   -6.23    0.00    0.00    0.00
     95 0 2014 272 22.000  148.90   -5.21    0.00    0.00    0.00
     96 0 2014 272 23.000  122.60   -5.47    0.00    0.00    0.00
     97 0 2014 273  0.000  109.90   -5.60    0.00    0.00    0.00
     98 0 2014 273  1.000  115.10   -3.97    0.00    0.00    0.00
     99 0 2014 273  2.000  136.10   -1.37    0.00    0.00    0.00
    100 0 2014 273  3.000  161.90   -3.49    0.00    0.00    0.00
    101 0 2014 273  4.000  192.50   -2.38    0.00    0.00    0.00
    102 0 2014 273  5.000  213.40   -4.62    0.00    0.00    0.00
    103 0 2014 273  6.000  225.80   -3.12    0.00    0.00    0.00
    104 0 2014 273  7.000  222.60   -2.24    0.00    0.00    0.00
    105 0 2014 273  8.000  204.60   -2.06    0.00    0.00    0.00
    106 0 2014 273  9.000  175.10   -3.82    0.00    0.00    0.00
    107 0 2014 273 10.000  146.10   -2.58    0.00    0.00    0.00
    108 0 2014 273 11.000  120.80   -2.62    0.00    0.00    0.00
    109 0 2014 273 12.000  106.50   -2.83    0.00    0.00    0.00
    110 0 2014 273 13.000  111.20    1.00    0.00    0.00    0.00
    111 0 2014 273 14.000  124.70   -1.58    0.00    0.00    0.00
    112 0 2014 273 15.000  154.10    0.35    0.00    0.00    0.00
    113 0 2014 273 16.000  183.20   -2.62    0.00    0.00    0.00
    114 0 2014 273 17.000  209.50   -5.42    0.00    0.00    0.00
    115 0 2014 273 18.000  231.30   -3.21    0.00    0.00    0.00
    116 0 2014 273 19.000  236.60   -3.71    0.00    0.00    0.00
    117 0 2014 273 20.000  234.60    3.29    0.00    0.00    0.00
    118 0 2014 273 21.000  208.50   -1.78    0.00    0.00    0.00
    119 0 2014 273 22.000  182.00   -0.86    0.00    0.00    0.00
    120 0 2014 273 23.000  151.40   -4.28    0.00    0.00    0.00
    121 0 2014 274  0.000  133.70   -1.23    0.00    0.00    0.00
    122 0 2014 274  1.000  122.00   -3.39    0.00    0.00    0.00
    123 0 2014 274  2.000  129.90    0.74    0.00    0.00    0.00
    124 0 2014 274  3.000  145.80    1.18    0.00    0.00    0.00
    125 0 2014 274  4.000  167.00    0.08    0.00    0.00    0.00
    126 0 2014 274  5.000  190.00    0.05    0.00    0.00    0.00
    127 0 2014 274  6.000  207.70   -0.21    0.00    0.00    0.00
    128 0 2014 274  7.000  214.60   -1.60    0.00    0.00    0.00
    129 0 2014 274  8.000  212.60    0.09    0.00    0.00    0.00
    130 0 2014 274  9.000  199.40    1.56    0.00    0.00    0.00
    131 0 2014 274 10.000  182.20    6.05    0.00    0.00    0.00
    132 0 2014 274 11.000  158.50    5.77    0.00    0.00    0.00
    133 0 2014 274 12.000  133.40    0.50    0.00    0.00    0.00
    134 0 2014 274 13.000  126.60    5.06    0.00    0.00    0.00
    135 0 2014 274 14.000  125.10    3.05    0.00    0.00    0.00
    136 0 2014 274 15.000  141.70    6.95    0.00    0.00    0.00
    137 0 2014 274 16.000  159.90    3.36    0.00    0.00    0.00
    138 0 2014 274 17.000  182.10   -0.21    0.00    0.00    0.00
    139 0 2014 274 18.000  210.10    3.60    0.00    0.00    0.00
    140 0 2014 274 19.000  226.00    2.14    0.00    0.00    0.00
    141 0 2014 274 20.000  232.80    2.42    0.00    0.00    0.00
    142 0 2014 274 21.000  226.60    1.78    0.00    0.00    0.00
    143 0 2014 274 22.000  212.70    3.44    0.00    0.00    0.00
    144 0 2014 274 23.000  191.40    3.57    0.00    0.00    0.00
    145 0 2014 275  0.000  169.80    4.55    0.00    0.00    0.00
    146 0 2014 275  1.000  154.90    8.54    0.00    0.00    0.00
    147 0 2014 275  2.000  141.70    6.10    0.00    0.00    0.00
    148 0 2014 275  3.000  139.20    3.79    0.00    0.00    0.00
    149 0 2014 275  4.000  147.40    2.38    0.00    0.00    0.00
    150 0 2014 275  5.000  165.00    3.84    0.00    0.00    0.00
    151 0 2014 275  6.000  184.40    4.73    0.00    0.00    0.00
    152 0 2014 275  7.000  200.50    4.38    0.00    0.00    0.00
    153 0 2014 275  8.000  211.20    4.97    0.00    0.00    0.00
    154 0 2014 275  9.000  212.80    5.58    0.00    0.00    0.00
    155 0 2014 275 10.000  205.20    6.12    0.00    0.00    0.00
    156 0 2014 275 11.000  192.70    8.56    0.00    0.00    0.00
    157 0 2014 275 12.000  170.10    4.33    0.00    0.00    0.00
    158 0 2014 275 13.000  156.90    9.11    0.00    0.00    0.00
    159 0 2014 275 14.000  141.60    6.92    0.00    0.00    0.00
    160 0 2014 275 15.000  136.90    6.48    0.00    0.00    0.00
    161 0 2014 275 16.000  144.20    7.60    0.00    0.00    0.00
    162 0 2014 275 17.000  158.10    6.27    0.00    0.00    0.00
    163 0 2014 275 18.000  178.90    6.01    0.00    0.00    0.00
    164 0 2014 275 19.000  201.70    6.11    0.00    0.00    0.00
    165 0 2014 275 20.000  223.00    8.03    0.00    0.00    0.00
    166 0 2014 275 21.000  236.20    9.92    0.00    0.00    0.00
    167 0 2014 275 22.000  233.00    6.00    0.00    0.00    0.00
    168 0 2014 275 23.000  227.60    9.98    0.00    0.00    0.00
    169 0 2014 276  0.000  210.20    9.61    0.00    0.00    0.00
    170 0 2014 276  1.000  192.60   13.34    0.00    0.00    0.00
    171 0 2014 276  2.000  168.80   10.75    0.00    0.00    0.00
    172 0 2014 276  3.000  153.40   11.34    0.00    0.00    0.00
    173 0 2014 276  4.000  143.60    8.41    0.00    0.00    0.00
    174 0 2014 276  5.000  147.20    8.79    0.00    0.00    0.00
    175 0 2014 276  6.000  162.10   11.87    0.00    0.00    0.00
    176 0 2014 276  7.000  179.20   11.39    0.00    0.00    0.00
    177 0 2014 276  8.000  197.40   10.23    0.00    0.00    0.00
    178 0 2014 276  9.000  209.80    6.51    0.00    0.00    0.00
    179 0 2014 276 10.000  219.50    7.72    0.00    0.00    0.00
    180 0 2014 276 11.000  218.20    7.40    0.00    0.00    0.00
    181 0 2014 276 12.000  208.50    7.52    0.00    0.00    0.00
    182 0 2014 276 13.000  189.00    4.80    0.00    0.00    0.00
    183 0 2014 276 14.000  168.80    5.13    0.00    0.00    0.00
    184 0 2014 276 15.000  155.50   10.97    0.00    0.00    0.00
    185 0 2014 276 16.000  140.80    8.25    0.00    0.00    0.00
    186 0 2014 276 17.000  142.30   10.86    0.00    0.00    0.00
    187 0 2014 276 18.000  153.70   12.05    0.00    0.00    0.00
    188 0 2014 276 19.000  173.20   11.93    0.00    0.00    0.00
    189 0 2014 276 20.000  198.00   11.37    0.00    0.00    0.00
    190 0 2014 276 21.000  223.00   11.05    0.00    0.00    0.00
    191 0 2014 276 22.000  237.70    7.09    0.00    0.00    0.00
    192 0 2014 276 23.000  245.90    7.87    0.00    0.00    0.00
    193 0 2014 277  0.000  223.20   -9.93    0.00    0.00    0.00
    194 0 2014 277  1.000  224.90    7.69    0.00    0.00    0.00
    195 0 2014 277  2.000  198.20    5.18    0.00    0.00    0.00
    196 0 2014 277  3.000  169.80    4.23    0.00    0.00    0.00
    197 0 2014 277  4.000  148.20    6.34    0.00    0.00    0.00
    198 0 2014 277  5.000  133.90    5.83    0.00    0.00    0.00
    199 0 2014 277  6.000  132.30    5.41    0.00    0.00    0.00
    200 0 2014 277  7.000  143.90    5.95    0.00    0.00    0.00
    201 0 2014 277  8.000  167.80    8.82    0.00    0.00    0.00
    202 0 2014 277  9.000  192.10    6.71    0.00    0.00    0.00
    203 0 2014 277 10.000  217.20    7.06    0.00    0.00    0.00
    204 0 2014 277 11.000  232.70    6.24    0.00    0.00    0.00
    205 0 2014 277 12.000  237.20    6.39    0.00    0.00    0.00
    206 0 2014 277 13.000  226.20    3.52    0.00    0.00    0.00
    207 0 2014 277 14.000  206.70    3.49    0.00    0.00    0.00
    208 0 2014 277 15.000  178.40    2.45    0.00    0.00    0.00
    209 0 2014 277 16.000  151.90    3.89    0.00    0.00    0.00
    210 0 2014 277 17.000  131.30    3.41    0.00    0.00    0.00
    211 0 2014 277 18.000  125.20    3.91    0.00    0.00    0.00
    212 0 2014 277 19.000  133.00    3.23    0.00    0.00    0.00
    213 0 2014 277 20.000  157.00    4.99    0.00    0.00    0.00
    214 0 2014 277 21.000  188.30    4.44    0.00    0.00    0.00
    215 0 2014 277 22.000  221.80    4.34    0.00    0.00    0.00
    216 0 2014 277 23.000  249.60    6.16    0.00    0.00    0.00
    217 0 2014 278  0.000  261.80    6.37    0.00    0.00    0.00
    218 0 2014 278  1.000  260.10    8.53    0.00    0.00    0.00
    219 0 2014 278  2.000  238.80    6.10    0.00    0.00    0.00
    220 0 2014 278  3.000  206.20    4.42    0.00    0.00    0.00
    221 0 2014 278  4.000  169.40    3.66    0.00    0.00    0.00
    222 0 2014 278  5.000  138.80    4.33    0.00    0.00    0.00
    223 0 2014 278  6.000  119.60    3.43    0.00    0.00    0.00
    224 0 2014 278  7.000  113.80   -0.55    0.00    0.00    0.00
    225 0 2014 278  8.000  131.20    2.19    0.00    0.00    0.00
    226 0 2014 278  9.000  161.00    3.40    0.00    0.00    0.00
    227 0 2014 278 10.000  199.90    6.32    0.00    0.00    0.00
    228 0 2014 278 11.000  228.30    1.38    0.00    0.00    0.00
    229 0 2014 278 12.000  251.00    2.26    0.00    0.00    0.00
    230 0 2014 278 13.000  258.10    3.33    0.00    0.00    0.00
    231 0 2014 278 14.000  249.00    4.89    0.00    0.00    0.00
    232 0 2014 278 15.000  220.40    2.53    0.00    0.00    0.00
    233 0 2014 278 16.000  181.40    0.20    0.00    0.00    0.00
    234 0 2014 278 17.000  148.00    3.62    0.00    0.00    0.00
    235 0 2014 278 18.000  119.70    1.27    0.00    0.00    0.00
    236 0 2014 278 19.000  108.10   -1.85    0.00    0.00    0.00
    237 0 2014 278 20.000  123.80    3.07    0.00    0.00    0.00
    238 0 2014 278 21.000  150.50    1.13    0.00    0.00    0.00
    239 0 2014 278 22.000  189.80   -0.17    0.00    0.00    0.00
    240 0 2014 278 23.000  233.00    1.53    0.00    0.00    0.00
    241 0 2014 279  0.000  261.50   -0.53    0.00    0.00    0.00
    242 0 2014 279  1.000  276.60    1.88    0.00    0.00    0.00
    243 0 2014 279  2.000  265.70   -2.11    0.00    0.00    0.00
    244 0 2014 279  3.000  245.80    3.64    0.00    0.00    0.00
    245 0 2014 279  4.000  201.30   -0.89    0.00    0.00    0.00
    246 0 2014 279  5.000  157.50   -0.43    0.00    0.00    0.00
    247 0 2014 279  6.000  120.70   -1.34    0.00    0.00    0.00
    248 0 2014 279  7.000  102.10   -1.35    0.00    0.00    0.00
    249 0 2014 279  8.000  100.80   -4.62    0.00    0.00    0.00
    250 0 2014 279  9.000  129.30    1.57    0.00    0.00    0.00
    251 0 2014 279 10.000  158.80   -7.61    0.00    0.00    0.00
    252 0 2014 279 11.000  211.50   -0.23    0.00    0.00    0.00
    253 0 2014 279 12.000  247.40   -3.35    0.00    0.00    0.00
    254 0 2014 279 13.000  272.80   -1.13    0.00    0.00    0.00
    255 0 2014 279 14.000  277.10   -0.25    0.00    0.00    0.00
    256 0 2014 279 15.000  258.60   -1.59    0.00    0.00    0.00
    257 0 2014 279 16.000  221.00   -3.48    0.00    0.00    0.00
    258 0 2014 279 17.000  174.20   -4.24    0.00    0.00    0.00
    259 0 2014 279 18.000  129.50   -6.06    0.00    0.00    0.00
    260 0 2014 279 19.000  103.70   -4.24    0.00    0.00    0.00
    261 0 2014 279 20.000   97.00   -4.78    0.00    0.00    0.00
    262 0 2014 279 21.000  114.80   -3.82    0.00    0.00    0.00
    263 0 2014 279 22.000  151.20   -4.79    0.00    0.00    0.00
    264 0 2014 279 23.000  200.10   -4.84    0.00    0.00    0.00
    265 0 2014 280  0.000  245.10   -6.01    0.00    0.00    0.00
    266 0 2014 280  1.000  275.50   -6.26    0.00    0.00    0.00
    267 0 2014 280  2.000  285.40   -5.43    0.00    0.00    0.00
    268 0 2014 280  3.000  271.90   -5.23    0.00    0.00    0.00
    269 0 2014 280  4.000  235.70   -6.63    0.00    0.00    0.00
    270 0 2014 280  5.000  184.20   -9.39    0.00    0.00    0.00
    271 0 2014 280  6.000  131.90  -12.53    0.00    0.00    0.00
    272 0 2014 280  7.000   97.30  -11.41    0.00    0.00    0.00
    273 0 2014 280  8.000   85.80   -8.67    0.00    0.00    0.00
    274 0 2014 280  9.000   96.40   -7.77    0.00    0.00    0.00
    275 0 2014 280 10.000  126.70  -10.00    0.00    0.00    0.00
    276 0 2014 280 11.000  178.40   -6.93    0.00    0.00    0.00
    277 0 2014 280 12.000  228.30   -8.42    0.00    0.00    0.00
    278 0 2014 280 13.000  271.20   -5.45    0.00    0.00    0.00
    279 0 2014 280 14.000  289.00   -7.59    0.00    0.00    0.00
    280 0 2014 280 15.000  286.30   -7.25    0.00    0.00    0.00
    281 0 2014 280 16.000  257.10  -10.12    0.00    0.00    0.00
    282 0 2014 280 17.000  211.20  -10.71    0.00    0.00    0.00
    283 0 2014 280 18.000  158.40  -11.10    0.00    0.00    0.00
    284 0 2014 280 19.000  113.40  -11.91    0.00    0.00    0.00
    285 0 2014 280 20.000   89.90  -10.71    0.00    0.00    0.00
    286 0 2014 280 21.000   93.80   -6.71    0.00    0.00    0.00
    287 0 2014 280 22.000  118.70   -7.13    0.00    0.00    0.00
    288 0 2014 280 23.000  162.40   -9.41    0.00    0.00    0.00
    289 0 2014 281  0.000  218.00   -7.80    0.00    0.00    0.00
    290 0 2014 281  1.000  260.50  -11.07    0.00    0.00    0.00
    291 0 2014 281  2.000  287.70   -9.90    0.00    0.00    0.00
    292 0 2014 281  3.000  287.00  -12.42    0.00    0.00    0.00
    293 0 2014 281  4.000  266.50  -10.08    0.00    0.00    0.00
    294 0 2014 281  5.000  218.80  -13.85    0.00    0.00    0.00
    295 0 2014 281  6.000  167.30  -11.10    0.00    0.00    0.00
    296 0 2014 281  7.000  114.60  -14.95    0.00    0.00    0.00
    297 0 2014 281  8.000   85.30  -13.71    0.00    0.00    0.00
    298 0 2014 281  9.000   76.30  -16.66    0.00    0.00    0.00
    299 0 2014 281 10.000   95.90  -16.97    0.00    0.00    0.00
    300 0 2014 281 11.000  142.50  -13.20    0.00    0.00    0.00
    301 0 2014 281 12.000  195.20  -15.90    0.00    0.00    0.00
    302 0 2014 281 13.000  247.00  -16.31    0.00    0.00    0.00
    303 0 2014 281 14.000  283.80  -15.30    0.00    0.00    0.00
    304 0 2014 281 15.000  296.10  -15.92    0.00    0.00    0.00
    305 0 2014 281 16.000  284.10  -15.89    0.00    0.00    0.00
    306 0 2014 281 17.000  248.40  -15.66    0.00    0.00    0.00
    307 0 2014 281 18.000  195.70  -16.23    0.00    0.00    0.00
    308 0 2014 281 19.000  139.60  -18.63    0.00    0.00    0.00
    309 0 2014 281 20.000  102.20  -15.58    0.00    0.00    0.00
    310 0 2014 281 21.000   83.80  -15.97    0.00    0.00    0.00
    311 0 2014 281 22.000   93.40  -14.69    0.00    0.00    0.00
    312 0 2014 281 23.000  126.50  -15.66    0.00    0.00    0.00
    313 0 2014 282  0.000  175.70  -18.14    0.00    0.00    0.00
    314 0 2014 282  1.000  232.30  -15.31    0.00    0.00    0.00
    315 0 2014 282  2.000  270.10  -17.76    0.00    0.00    0.00
    316 0 2014 282  3.000  290.00  -15.65    0.00    0.00    0.00
    317 0 2014 282  4.000  280.60  -17.49    0.00    0.00    0.00
    318 0 2014 282  5.000  248.90  -16.98    0.00    0.00    0.00
    319 0 2014 282  6.000  200.80  -14.82    0.00    0.00    0.00
    320 0 2014 282  7.000  145.00  -16.13    0.00    0.00    0.00
    321 0 2014 282  8.000  106.60  -11.36    0.00    0.00    0.00
    322 0 2014 282  9.000   82.90  -13.50    0.00    0.00    0.00
    323 0 2014 282 10.000   88.60  -12.16    0.00    0.00    0.00
    324 0 2014 282 11.000  119.80  -11.34    0.00    0.00    0.00
    325 0 2014 282 12.000  166.90  -14.64    0.00    0.00    0.00
    326 0 2014 282 13.000  223.80  -14.56    0.00    0.00    0.00
    327 0 2014 282 14.000  271.20  -14.70    0.00    0.00    0.00
    328 0 2014 282 15.000  297.70  -15.98    0.00    0.00    0.00
    329 0 2014 282 16.000  303.00  -14.32    0.00    0.00    0.00
    330 0 2014 282 17.000  285.50  -10.26    0.00    0.00    0.00
    331 0 2014 282 18.000  241.00  -11.49    0.00    0.00    0.00
    332 0 2014 282 19.000  185.00  -13.46    0.00    0.00    0.00
    333 0 2014 282 20.000  142.00   -6.87    0.00    0.00    0.00
    334 0 2014 282 21.000  108.50   -7.56    0.00    0.00    0.00
    335 0 2014 282 22.000   98.10   -8.82    0.00    0.00    0.00
    336 0 2014 282 23.000  115.80   -8.35    0.00    0.00    0.00
    337 0 2014 283  0.000  154.60  -10.10    0.00    0.00    0.00
    338 0 2014 283  1.000  206.50  -10.65    0.00    0.00    0.00
    339 0 2014 283  2.000  254.80  -10.49    0.00    0.00    0.00
    340 0 2014 283  3.000  293.90   -2.41    0.00    0.00    0.00
    341 0 2014 283  4.000  295.20   -8.86    0.00    0.00    0.00
    342 0 2014 283  5.000  284.10   -2.80    0.00    0.00    0.00
    343 0 2014 283  6.000  250.70    3.13    0.00    0.00    0.00
    344 0 2014 283  7.000  198.40    2.56    0.00    0.00    0.00
    345 0 2014 283  8.000  151.20    4.55    0.00    0.00    0.00
    346 0 2014 283  9.000  116.50    3.42    0.00    0.00    0.00
    347 0 2014 283 10.000  112.10    9.70    0.00    0.00    0.00
    348 0 2014 283 11.000  120.30    2.97    0.00    0.00    0.00
    349 0 2014 283 12.000  162.40    6.46    0.00    0.00    0.00
    350 0 2014 283 13.000  207.90   -1.05    0.00    0.00    0.00
    351 0 2014 283 14.000  269.00    7.53    0.00    0.00    0.00
    352 0 2014 283 15.000  307.10    6.86    0.00    0.00    0.00
    353 0 2014 283 16.000  318.20    0.16    0.00    0.00    0.00
    354 0 2014 283 17.000  314.20    2.17    0.00    0.00    0.00
    355 0 2014 283 18.000  288.20    5.52    0.00    0.00    0.00
    356 0 2014 283 19.000  239.10    2.67    0.00    0.00    0.00
    357 0 2014 283 20.000  193.60    7.66    0.00    0.00    0.00
    358 0 2014 283 21.000  150.30    5.77    0.00    0.00    0.00
    359 0 2014 283 22.000  124.70    3.35    0.00    0.00    0.00
    360 0 2014 283 23.000  128.30    6.85    0.00    0.00    0.00
    361 0 2014 284  0.000  160.50   14.61    0.00    0.00    0.00
    362 0 2014 284  1.000  192.90    4.21    0.00    0.00    0.00
    363 0 2014 284  2.000  244.70    8.13    0.00    0.00    0.00
    364 0 2014 284  3.000  281.30    6.07    0.00    0.00    0.00
    365 0 2014 284  4.000  303.00    7.54    0.00    0.00    0.00
    366 0 2014 284  5.000  309.50   16.22    0.00    0.00    0.00
    367 0 2014 284  6.000  277.60    9.19    0.00    0.00    0.00
    368 0 2014 284  7.000  241.80   15.62    0.00    0.00    0.00
    369 0 2014 284  8.000  201.60   23.22    0.00    0.00    0.00
    370 0 2014 284  9.000  163.20   24.65    0.00    0.00    0.00
    371 0 2014 284 10.000  138.60   22.36    0.00    0.00    0.00
    372 0 2014 284 11.000  135.90   19.61    0.00    0.00    0.00
    373 0 2014 284 12.000  154.80   14.97    0.00    0.00    0.00
    374 0 2014 284 13.000  199.70   17.37    0.00    0.00    0.00
    375 0 2014 284 14.000  247.70   15.34    0.00    0.00    0.00
    376 0 2014 284 15.000  291.10   14.84    0.00    0.00    0.00
    377 0 2014 284 16.000  318.80   14.40    0.00    0.00    0.00
    378 0 2014 284 17.000  326.90   14.72    0.00    0.00    0.00
    379 0 2014 284 18.000  320.00   21.93    0.00    0.00    0.00
    380 0 2014 284 19.000  284.00   19.37    0.00    0.00    0.00
    381 0 2014 284 20.000  244.20   23.69    0.00    0.00    0.00
    382 0 2014 284 21.000  198.50   20.75    0.00    0.00    0.00
    383 0 2014 284 22.000  164.70   18.28    0.00    0.00    0.00
    384 0 2014 284 23.000  156.70   23.79    0.00    0.00    0.00
    385 0 2014 285  0.000  159.50   18.73    0.00    0.00    0.00
    386 1 2014 285  1.000  197.90    0.00    0.00    0.00    0.00
    387 0 2014 285  2.000  231.70   22.66    0.00    0.00    0.00
    388 0 2014 285  3.000  270.30   21.93    0.00    0.00    0.00
    389 0 2014 285  4.000  297.00   20.94    0.00    0.00    0.00
    390 0 2014 285  5.000  311.70   25.66    0.00    0.00    0.00
    391 0 2014 285  6.000  298.80   22.96    0.00    0.00    0.00
    392 1 2014 285  7.000  278.00    0.00    0.00    0.00    0.00
    393 1 2014 285  8.000  239.20    0.00    0.00    0.00    0.00
    394 1 2014 285  9.000  207.40    0.00    0.00    0.00    0.00
    395 1 2014 285 10.000  172.90    0.00    0.00    0.00    0.00
    396 1 2014 285 11.000  158.80    0.00    0.00    0.00    0.00
    397 1 2014 285 12.000  169.20    0.00    0.00    0.00    0.00
    398 0 2014 285 13.000  185.40   21.57    0.00    0.00    0.00
    399 0 2014 285 14.000  229.60   24.55    0.00    0.00    0.00
    400 0 2014 285 15.000  268.70   21.07    0.00    0.00    0.00
    401 0 2014 285 16.000  305.80   24.88    0.00    0.00    0.00
    402 0 2014 285 17.000  314.80   16.06    0.00    0.00    0.00
    403 0 2014 285 18.000  315.90   17.66    0.00    0.00    0.00
    404 0 2014 285 19.000  297.00   17.74    0.00    0.00    0.00
    405 0 2014 285 20.000  261.80   15.51    0.00    0.00    0.00
    406 0 2014 285 21.000  231.20   22.74    0.00    0.00    0.00
    407 0 2014 285 22.000  192.80   17.42    0.00    0.00    0.00
    408 0 2014 285 23.000  174.20   20.32    0.00    0.00    0.00
    409 0 2014 286  0.000  162.90   14.51    0.00    0.00    0.00
    410 0 2014 286  1.000  175.30   14.37    0.00    0.00    0.00
    411 0 2014 286  2.000  203.80   15.40    0.00    0.00    0.00
    412 0 2014 286  3.000  239.10   17.19    0.00    0.00    0.00
    413 0 2014 286  4.000  263.90   12.81    0.00    0.00    0.00
    414 0 2014 286  5.000  281.10   12.50    0.00    0.00    0.00
    415 0 2014 286  6.000  279.00    8.44    0.00    0.00    0.00
    416 0 2014 286  7.000  271.30   15.55    0.00    0.00    0.00
    417 0 2014 286  8.000  237.60   10.33    0.00    0.00    0.00
    418 0 2014 286  9.000  208.90   15.62    0.00    0.00    0.00
    419 0 2014 286 10.000  175.30   11.77    0.00    0.00    0.00
    420 0 2014 286 11.000  157.20   12.05    0.00    0.00    0.00
    421 0 2014 286 12.000  154.80   12.68    0.00    0.00    0.00
    422 0 2014 286 13.000  168.10   12.08    0.00    0.00    0.00
    423 0 2014 286 14.000  190.30    5.80    0.00    0.00    0.00
    424 0 2014 286 15.000  222.10    2.08    0.00    0.00    0.00
    425 0 2014 286 16.000  256.30    3.36    0.00    0.00    0.00
    426 0 2014 286 17.000  281.70    5.65    0.00    0.00    0.00
    427 0 2014 286 18.000  289.00    3.43    0.00    0.00    0.00
    428 0 2014 286 19.000  282.50    2.60    0.00    0.00    0.00
    429 0 2014 286 20.000  263.90    3.75    0.00    0.00    0.00
    430 0 2014 286 21.000  235.40    3.76    0.00    0.00    0.00
    431 0 2014 286 22.000  203.80    1.64    0.00    0.00    0.00
    432 0 2014 286 23.000  182.10    3.70    0.00    0.00    0.00
    433 0 2014 287  0.000  168.60    3.84    0.00    0.00    0.00
    434 0 2014 287  1.000  166.00    1.72    0.00    0.00    0.00
    435 0 2014 287  2.000  178.50    0.93    0.00    0.00    0.00
    436 0 2014 287  3.000  202.40    1.82    0.00    0.00    0.00
    437 0 2014 287  4.000  225.70    0.06    0.00    0.00    0.00
    438 0 2014 287  5.000  245.60    0.14    0.00    0.00    0.00
    439 0 2014 287  6.000  256.50    1.15    0.00    0.00    0.00
    440 0 2014 287  7.000  251.00   -1.76    0.00    0.00    0.00
    441 0 2014 287  8.000  236.80   -0.72    0.00    0.00    0.00
    442 0 2014 287  9.000  215.60    2.14    0.00    0.00    0.00
    443 0 2014 287 10.000  187.90    0.14    0.00    0.00    0.00
    444 0 2014 287 11.000  167.50    0.08    0.00    0.00    0.00
    445 0 2014 287 12.000  155.60   -1.37    0.00    0.00    0.00
    446 0 2014 287 13.000  156.40   -2.47    0.00    0.00    0.00
    447 0 2014 287 14.000  168.80   -4.77    0.00    0.00    0.00
    448 0 2014 287 15.000  191.70   -6.23    0.00    0.00    0.00
    449 0 2014 287 16.000  217.40   -7.93    0.00    0.00    0.00
    450 0 2014 287 17.000  239.80   -9.07    0.00    0.00    0.00
    451 0 2014 287 18.000  258.60   -5.45    0.00    0.00    0.00
    452 0 2014 287 19.000  261.70   -6.86    0.00    0.00    0.00
    453 0 2014 287 20.000  256.80   -4.80    0.00    0.00    0.00
    454 0 2014 287 21.000  237.60   -7.23    0.00    0.00    0.00
    455 0 2014 287 22.000  215.50   -7.44    0.00    0.00    0.00
    456 0 2014 287 23.000  190.20  -11.34    0.00    0.00    0.00
    457 0 2014 288  0.000  180.60   -4.30    0.00    0.00    0.00
    458 0 2014 288  1.000  168.60   -7.32    0.00    0.00    0.00
    459 0 2014 288  2.000  172.80   -3.87    0.00    0.00    0.00
    460 0 2014 288  3.000  182.90   -4.18    0.00    0.00    0.00
    461 0 2014 288  4.000  197.80   -5.83    0.00    0.00    0.00
    462 0 2014 288  5.000  218.20   -2.64    0.00    0.00    0.00
    463 0 2014 288  6.000  228.80   -5.16    0.00    0.00    0.00
    464 0 2014 288  7.000  235.60   -4.33    0.00    0.00    0.00
    465 0 2014 288  8.000  231.20   -5.72    0.00    0.00    0.00
    466 0 2014 288  9.000  223.40   -1.69    0.00    0.00    0.00
    467 0 2014 288 10.000  202.50   -5.20    0.00    0.00    0.00
    468 0 2014 288 11.000  186.80   -3.18    0.00    0.00    0.00
    469 0 2014 288 12.000  168.80   -7.78    0.00    0.00    0.00
    470 0 2014 288 13.000  164.30   -6.07    0.00    0.00    0.00
    471 0 2014 288 14.000  165.00   -7.95    0.00    0.00    0.00
    472 0 2014 288 15.000  174.70   -9.69    0.00    0.00    0.00
    473 0 2014 288 16.000  191.10  -11.02    0.00    0.00    0.00
    474 0 2014 288 17.000  211.50   -9.94    0.00    0.00    0.00
    475 0 2014 288 18.000  228.60   -9.28    0.00    0.00    0.00
    476 0 2014 288 19.000  239.80   -8.83    0.00    0.00    0.00
    477 0 2014 288 20.000  246.50   -5.55    0.00    0.00    0.00
    478 0 2014 288 21.000  239.30   -8.10    0.00    0.00    0.00
    479 0 2014 288 22.000  227.30   -8.49    0.00    0.00    0.00
    480 0 2014 288 23.000  208.80  -11.60    0.00    0.00    0.00
    481 0 2014 289  0.000  198.60   -6.25    0.00    0.00    0.00
    482 0 2014 289  1.000  178.80  -13.10    0.00    0.00    0.00
    483 0 2014 289  2.000  176.50   -7.23    0.00    0.00    0.00
    484 0 2014 289  3.000  172.60   -9.58    0.00    0.00    0.00
    485 0 2014 289  4.000  181.30   -6.34    0.00    0.00    0.00
    486 0 2014 289  5.000  186.30  -11.77    0.00    0.00    0.00
    487 0 2014 289  6.000  200.80   -9.19    0.00    0.00    0.00
    488 0 2014 289  7.000  213.70   -6.59    0.00    0.00    0.00
    489 0 2014 289  8.000  219.50   -7.06    0.00    0.00    0.00
    490 0 2014 289  9.000  214.90  -12.00    0.00    0.00    0.00
    491 0 2014 289 10.000  213.10   -7.64    0.00    0.00    0.00
    492 0 2014 289 11.000  198.50  -11.43    0.00    0.00    0.00
    493 0 2014 289 12.000  189.00   -8.86    0.00    0.00    0.00
    494 0 2014 289 13.000  173.50  -14.15    0.00    0.00    0.00
    495 0 2014 289 14.000  171.40   -9.99    0.00    0.00    0.00
    496 0 2014 289 15.000  168.30  -12.40    0.00    0.00    0.00
    497 0 2014 289 16.000  178.60   -7.79    0.00    0.00    0.00
    498 0 2014 289 17.000  188.80   -8.55    0.00    0.00    0.00
    499 0 2014 289 18.000  205.80   -4.96    0.00    0.00    0.00
    500 0 2014 289 19.000  216.50   -7.23    0.00    0.00    0.00
    501 0 2014 289 20.000  224.60   -9.53    0.00    0.00    0.00
    502 0 2014 289 21.000  233.60   -6.46    0.00    0.00    0.00
    503 0 2014 289 22.000  236.40   -3.48    0.00    0.00    0.00
    504 0 2014 289 23.000  225.00   -8.39    0.00    0.00    0.00
    505 0 2014 290  0.000  213.00   -9.33    0.00    0.00    0.00
    506 0 2014 290  1.000  196.80  -12.30    0.00    0.00    0.00
    507 0 2014 290  2.000  185.00  -10.85    0.00    0.00    0.00
    508 0 2014 290  3.000  175.80   -9.12    0.00    0.00    0.00
    509 0 2014 290  4.000  169.20   -9.80    0.00    0.00    0.00
    510 0 2014 290  5.000  171.50   -8.22    0.00    0.00    0.00
    511 0 2014 290  6.000  176.40  -10.03    0.00    0.00    0.00
    512 0 2014 290  7.000  183.70  -13.25    0.00    0.00    0.00
    513 0 2014 290  8.000  199.60   -9.16    0.00    0.00    0.00
    514 0 2014 290  9.000  211.80   -7.33    0.00    0.00    0.00
    515 0 2014 290 10.000  218.70   -6.34    0.00    0.00    0.00
    516 0 2014 290 11.000  218.80   -5.72    0.00    0.00    0.00
    517 0 2014 290 12.000  215.40   -2.65    0.00    0.00    0.00
    518 0 2014 290 13.000  207.80   -0.11    0.00    0.00    0.00
    519 0 2014 290 14.000  195.90   -0.63    0.00    0.00    0.00
    520 0 2014 290 15.000  185.70   -0.58    0.00    0.00    0.00
    521 0 2014 290 16.000  180.10    0.18    0.00    0.00    0.00
    522 0 2014 290 17.000  179.60   -0.12    0.00    0.00    0.00
    523 0 2014 290 18.000  184.20   -1.81    0.00    0.00    0.00
    524 0 2014 290 19.000  192.90   -4.25    0.00    0.00    0.00
    525 0 2014 290 20.000  209.10   -1.75    0.00    0.00    0.00
    526 0 2014 290 21.000  218.20   -6.41    0.00    0.00    0.00
    527 0 2014 290 22.000  232.50   -2.68    0.00    0.00    0.00
    528 0 2014 290 23.000  236.30   -3.08    0.00    0.00    0.00
    529 0 2014 291  0.000  229.60   -6.28    0.00    0.00    0.00
    530 0 2014 291  1.000  223.10   -2.52    0.00    0.00    0.00
    531 0 2014 291  2.000  204.00   -6.62    0.00    0.00    0.00
    532 0 2014 291  3.000  190.20   -3.24    0.00    0.00    0.00
    533 0 2014 291  4.000  173.90   -3.81    0.00    0.00    0.00
    534 0 2014 291  5.000  165.00   -2.63    0.00    0.00    0.00
    535 0 2014 291  6.000  165.70   -0.26    0.00    0.00    0.00
    536 0 2014 291  7.000  173.00    0.22    0.00    0.00    0.00
    537 0 2014 291  8.000  183.60   -2.66    0.00    0.00    0.00
    538 0 2014 291  9.000  199.90   -3.54    0.00    0.00    0.00
    539 0 2014 291 10.000  215.90   -4.18    0.00    0.00    0.00
    540 0 2014 291 11.000  228.70   -2.67    0.00    0.00    0.00
    541 0 2014 291 12.000  232.50   -1.70    0.00    0.00    0.00
    542 0 2014 291 13.000  228.30   -0.08    0.00    0.00    0.00
    543 0 2014 291 14.000  213.80   -2.00    0.00    0.00    0.00
    544 0 2014 291 15.000  198.90   -0.39    0.00    0.00    0.00
    545 0 2014 291 16.000  181.40   -1.28    0.00    0.00    0.00
    546 0 2014 291 17.000  170.10   -0.52    0.00    0.00    0.00
    547 0 2014 291 18.000  166.80    0.08    0.00    0.00    0.00
    548 0 2014 291 19.000  172.80    0.82    0.00    0.00    0.00
    549 0 2014 291 20.000  184.70   -0.41    0.00    0.00    0.00
    550 0 2014 291 21.000  201.60   -1.79    0.00    0.00    0.00
    551 0 2014 291 22.000  221.80   -0.88    0.00    0.00    0.00
    552 0 2014 291 23.000  237.10   -0.58    0.00    0.00    0.00
    553 0 2014 292  0.000  244.00    0.00    0.00    0.00    0.00
    554 0 2014 292  1.000  240.10    0.16    0.00    0.00    0.00
    555 0 2014 292  2.000  225.00   -1.40    0.00    0.00    0.00
    556 0 2014 292  3.000  204.80   -1.14    0.00    0.00    0.00
    557 0 2014 292  4.000  180.80   -1.96    0.00    0.00    0.00
    558 0 2014 292  5.000  162.20   -0.37    0.00    0.00    0.00
    559 0 2014 292  6.000  151.90    1.05    0.00    0.00    0.00
    560 0 2014 292  7.000  152.00    1.40    0.00    0.00    0.00
    561 0 2014 292  8.000  163.90    2.06    0.00    0.00    0.00
    562 0 2014 292  9.000  182.30    0.12    0.00    0.00    0.00
    563 0 2014 292 10.000  208.80    1.91    0.00    0.00    0.00
    564 0 2014 292 11.000  228.70   -0.70    0.00    0.00    0.00
    565 0 2014 292 12.000  242.80   -0.73    0.00    0.00    0.00
    566 0 2014 292 13.000  247.70    1.81    0.00    0.00    0.00
    567 0 2014 292 14.000  236.90    0.51    0.00    0.00    0.00
    568 0 2014 292 15.000  216.70   -0.67    0.00    0.00    0.00
    569 0 2014 292 16.000  192.20   -1.11    0.00    0.00    0.00
    570 0 2014 292 17.000  171.20    0.71    0.00    0.00    0.00
    571 0 2014 292 18.000  156.00    0.82    0.00    0.00    0.00
    572 0 2014 292 19.000  152.00    0.68    0.00    0.00    0.00
    573 0 2014 292 20.000  163.10    3.30    0.00    0.00    0.00
    574 0 2014 292 21.000  179.70    0.87    0.00    0.00    0.00
    575 0 2014 292 22.000  203.70   -0.28    0.00    0.00    0.00
    576 0 2014 292 23.000  227.60   -0.88    0.00    0.00    0.00
    577 0 2014 293  0.000  246.00    0.62    0.00    0.00    0.00
    578 0 2014 293  1.000  251.50    1.36    0.00    0.00    0.00
    579 0 2014 293  2.000  243.10    1.59    0.00    0.00    0.00
    580 0 2014 293  3.000  227.40    6.37    0.00    0.00    0.00
    581 0 2014 293  4.000  194.60    1.59    0.00    0.00    0.00
    582 0 2014 293  5.000  167.60    3.31    0.00    0.00    0.00
    583 0 2014 293  6.000  143.40    0.95    0.00    0.00    0.00
    584 0 2014 293  7.000  135.60    2.56    0.00    0.00    0.00
    585 0 2014 293  8.000  136.50   -1.96    0.00    0.00    0.00
    586 0 2014 293  9.000  158.80    0.84    0.00    0.00    0.00
    587 0 2014 293 10.000  184.50   -2.86    0.00    0.00    0.00
    588 0 2014 293 11.000  218.60   -0.48    0.00    0.00    0.00
    589 0 2014 293 12.000  242.80   -1.73    0.00    0.00    0.00
    590 0 2014 293 13.000  255.40   -2.00    0.00    0.00    0.00
    591 0 2014 293 14.000  250.20   -4.77    0.00    0.00    0.00
    592 0 2014 293 15.000  236.30   -1.51    0.00    0.00    0.00
    593 0 2014 293 16.000  207.60   -2.28    0.00    0.00    0.00
    594 0 2014 293 17.000  177.90   -0.57    0.00    0.00    0.00
    595 0 2014 293 18.000  152.10   -0.08    0.00    0.00    0.00
    596 0 2014 293 19.000  139.80    2.19    0.00    0.00    0.00
    597 0 2014 293 20.000  138.80    0.76    0.00    0.00    0.00
    598 0 2014 293 21.000  157.50    3.88    0.00    0.00    0.00
    599 0 2014 293 22.000  185.40    4.44    0.00    0.00    0.00
    600 0 2014 293 23.000  216.00    3.32    0.00    0.00    0.00
    601 0 2014 294  0.000  245.30    5.73    0.00    0.00    0.00
    602 0 2014 294  1.000  258.70    4.29    0.00    0.00    0.00
    603 0 2014 294  2.000  257.30    3.67    0.00    0.00    0.00
    604 0 2014 294  3.000  242.80    5.89    0.00    0.00    0.00
    605 0 2014 294  4.000  214.10    6.74    0.00    0.00    0.00
    606 0 2014 294  5.000  178.20    5.97    0.00    0.00    0.00
    607 0 2014 294  6.000  146.30    5.24    0.00    0.00    0.00
    608 0 2014 294  7.000  127.80    5.97    0.00    0.00    0.00
    609 0 2014 294  8.000  123.10    4.12    0.00    0.00    0.00
    610 0 2014 294  9.000  138.90    5.15    0.00    0.00    0.00
    611 0 2014 294 10.000  169.00    5.26    0.00    0.00    0.00
    612 0 2014 294 11.000  205.40    3.70    0.00    0.00    0.00
    613 0 2014 294 12.000  242.00    4.81    0.00    0.00    0.00
    614 0 2014 294 13.000  265.90    4.81    0.00    0.00    0.00
    615 0 2014 294 14.000  275.20    6.91    0.00    0.00    0.00
    616 0 2014 294 15.000  263.00    5.75    0.00    0.00    0.00
    617 0 2014 294 16.000  236.40    6.47    0.00    0.00    0.00
    618 0 2014 294 17.000  201.40    8.23    0.00    0.00    0.00
    619 0 2014 294 18.000  162.80    5.44    0.00    0.00    0.00
    620 0 2014 294 19.000  138.60    6.66    0.00    0.00    0.00
    621 1 2014 294 20.000 9999.99    0.00    0.00    0.00    0.00
    622 1 2014 294 21.000 9999.99    0.00    0.00    0.00    0.00
    623 1 2014 294 22.000 9999.99    0.00    0.00    0.00    0.00
    624 0 2014 294 23.000  198.10    6.60    0.00    0.00    0.00
    625 0 2014 295  0.000  233.80    6.98    0.00    0.00    0.00
    626 0 2014 295  1.000  257.60    5.80    0.00    0.00    0.00
    627 0 2014 295  2.000  267.70    7.19    0.00    0.00    0.00
    628 0 2014 295  3.000  256.20    5.30    0.00    0.00    0.00
    629 0 2014 295  4.000  231.00    6.98    0.00    0.00    0.00
    630 0 2014 295  5.000  188.90    3.15    0.00    0.00    0.00
    631 0 2014 295  6.000  154.50    7.79    0.00    0.00    0.00
    632 0 2014 295  7.000  124.30    6.59    0.00    0.00    0.00
    633 0 2014 295  8.000  112.70    7.26    0.00    0.00    0.00
    634 0 2014 295  9.000  119.30    6.71    0.00    0.00    0.00
    635 0 2014 295 10.000  148.50    9.64    0.00    0.00    0.00
    636 0 2014 295 11.000  189.20   10.19    0.00    0.00    0.00
    637 0 2014 295 12.000  229.80    7.58    0.00    0.00    0.00
    638 0 2014 295 13.000  264.20    7.62    0.00    0.00    0.00
    639 0 2014 295 14.000  280.80    6.45    0.00    0.00    0.00
    640 0 2014 295 15.000  277.20    4.92    0.00    0.00    0.00
    641 0 2014 295 16.000  255.40    5.17    0.00    0.00    0.00
    642 0 2014 295 17.000  219.50    6.83    0.00    0.00    0.00
    643 0 2014 295 18.000  174.10    4.12    0.00    0.00    0.00
    644 0 2014 295 19.000  141.80    7.39    0.00    0.00    0.00
    645 0 2014 295 20.000  119.40    5.06    0.00    0.00    0.00
    646 0 2014 295 21.000  120.80    7.44    0.00    0.00    0.00
    647 0 2014 295 22.000  141.20    9.11    0.00    0.00    0.00
    648 0 2014 295 23.000  173.20    6.37    0.00    0.00    0.00
    649 0 2014 296  0.000  216.40    8.71    0.00    0.00    0.00
    650 0 2014 296  1.000  249.60    7.58    0.00    0.00    0.00
    651 0 2014 296  2.000  268.50    7.69    0.00    0.00    0.00
    652 0 2014 296  3.000  271.60   11.26    0.00    0.00    0.00
    653 0 2014 296  4.000  250.40   10.33    0.00    0.00    0.00
    654 0 2014 296  5.000  213.30   10.07    0.00    0.00    0.00
    655 0 2014 296  6.000  169.60   10.33    0.00    0.00    0.00
    656 0 2014 296  7.000  131.40   10.21    0.00    0.00    0.00
    657 0 2014 296  8.000  108.50    9.58    0.00    0.00    0.00
    658 0 2014 296  9.000  102.40    5.56    0.00    0.00    0.00
    659 0 2014 296 10.000  124.30    8.42    0.00    0.00    0.00
    660 0 2014 296 11.000  162.70    9.25    0.00    0.00    0.00
    661 0 2014 296 12.000  209.30    8.65    0.00    0.00    0.00
    662 0 2014 296 13.000  252.40    8.38    0.00    0.00    0.00
    663 0 2014 296 14.000  281.60    9.17    0.00    0.00    0.00
    664 0 2014 296 15.000  288.30    7.65    0.00    0.00    0.00
    665 0 2014 296 16.000  276.60    9.36    0.00    0.00    0.00
    666 0 2014 296 17.000  245.60   11.59    0.00    0.00    0.00
    667 0 2014 296 18.000  199.70   10.86    0.00    0.00    0.00
    668 0 2014 296 19.000  154.20    9.21    0.00    0.00    0.00
    669 0 2014 296 20.000  123.60    9.24    0.00    0.00    0.00
    670 0 2014 296 21.000  109.10    6.15    0.00    0.00    0.00
    671 0 2014 296 22.000  119.00    6.52    0.00    0.00    0.00
